15rey0oa3gbsr2vetmgn_0008,0.7222222222222222,26,36	-0.8126,0.26807,1.43697,-0.5978,0.33317,0.73632,0.71454,0.92229,0.50314,0.13727,58.6094,102.66965,222.66107,326.69155,0.3,0.3,0.0,0.0,0.0,0.0,0.0,0.0,0.72222,0,0,27.36104,-1.04,0.14213,0.0,0.0,1.0,2.0,0.0,0.0
1fg6mvkpqgqhqr1w7nhr_0000,0.717948717948718,28,39	-0.8126,0.26807,0.34527,-0.56937,-0.15201,-0.29558,0.8619,0.39002,0.48625,0.11242,46.28185,87.66334,217.10865,149.00993,0.3,0.3,0.0,0.0,0.0,0.0,0.0,0.0,0.71794,0,0,8.12455,-0.96,0.28722,0.0,0.0,1.0,1.0,0.0,0.0
4fog3z0fbv8gsspye3v_0002,0.6944444444444444,25,36	-0.8126,0.26807,1.12114,-0.43517,-0.32447,0.4408,1.58186,0.48533,0.5041,0.1165,49.91139,95.98101,247.05882,0.0,0.3,0.3,0.0,0.0,0.0,0.0,0.0,0.0,0.69444,0,0,13.98456,-1.12,0.23025,0.0,1.0,1.0,1.0,0.0,0.0
4uctt29gmdarupm8uye_0001,0.6944444444444444,25,36	-0.8126,0.26807,0.43081,0.20505,0.28036,0.58246,1.2272,0.49133,0.40641,0.15529,52.0,109.6875,158.75776,201.24223,0.3,0.3,0.0,0.0,0.0,0.0,0.0,0.0,0.69444,0,0,9.23624,-1.0,0.2934,0.0,1.0,1.0,2.0,0.0,0.0
4fog3z0fbv8gsspye3v_0004,0.6756756756756757,25,37	-0.8126,0.26807,1.42974,-0.54791,-0.14018,0.4408,1.45589,0.2713,0.5041,0.10338,58.64556,94.65189,240.0,0.0,0.3,0.3,0.0,0.0,0.0,0.0,0.0,0.0,0.67567,0,0,15.66923,-1.2,0.19938,0.0,1.0,1.0,0.0,0.0,0.0
4ve87mbqyzp05chyki3_0012,0.6756756756756757,25,37	-0.8126,0.26807,1.08986,-0.03773,-0.14337,-0.62066,1.1759,0.9089,0.47592,0.15706,56.3044,98.8125,229.62051,330.93167,0.3,0.3,0.0,0.0,0.0,0.0,0.0,0.0,0.67567,0,0,12.8503,-2.29999,0.24189,0.0,1.0,1.0,0.0,0.0,0.0
4ve87mbqyzp05chyki3_0017,0.6756756756756757,25,37	-0.8126,0.26807,1.08986,0.08184,-0.20026,-0.62066,1.1759,0.9089,0.5041,0.15588,58.75,98.8125,225.8385,330.93167,0.3,0.3,0.0,0.0,0.0,0.0,0.0,0.0,0.67567,0,0,18.90289,-2.41999,0.19373,0.0,1.0,1.0,0.0,0.0,0.0
4fog3z0fbv8gsspye3v_0001,0.6486486486486487,24,37	-0.8126,0.26807,1.12114,-0.43517,-0.38531,0.4408,1.54587,0.51665,0.5041,0.1165,46.87341,102.4367,249.41176,0.0,0.3,0.3,0.0,0.0,0.0,0.0,0.0,0.0,0.64864,0,0,10.48635,-1.16,0.27165,0.0,1.0,0.0,2.0,0.0,0.0
1apf745jckgogb8mbnfy_0009,0.6388888888888888,23,36	-0.8126,0.26807,0.22628,-0.57335,-0.30444,-0.63123,0.96845,0.42984,0.4574,0.11934,56.55628,99.15864,218.79379,41.33458,0.3,0.3,0.0,0.0,0.0,0.0,0.0,0.0,0.63888,0,0,2.81521,-1.06,0.58215,0.0,0.0,0.0,0.0,0.0,0.0
4ve87mbqyzp05chyki3_0018,0.6388888888888888,23,36	-0.8126,0.26807,1.08986,0.08184,-0.20026,-0.62066,1.1759,0.9089,0.47404,0.15176,58.75,98.8125,225.8385,330.93167,0.3,0.3,0.0,0.0,0.0,0.0,0.0,0.0,0.63888,0,0,18.90289,-2.41999,0.19373,0.0,1.0,1.0,0.0,0.0,0.0
4ve87mbqyzp05chyki3_0019,0.6388888888888888,23,36	-0.8126,0.26807,1.08986,0.08184,-0.20026,-0.62066,1.21865,0.94498,0.47404,0.15176,61.0,98.8125,201.24223,330.93167,0.3,0.3,0.0,0.0,0.0,0.0,0.0,0.0,0.63888,0,0,20.67374,-2.33999,0.18625,0.0,1.0,1.0,0.0,0.0,0.0
15rey0oa3gbsr2vetmgn_0040,0.5945945945945946,22,37	-0.8126,0.26807,1.20398,-0.52649,0.29591,0.04581,1.25015,0.33949,0.47203,0.17446,55.28861,91.48913,226.95684,207.8987,0.3,0.3,0.0,0.0,0.0,0.0,0.0,0.0,0.59459,0,0,6.2926,-1.48,0.33872,0.0,0.0,1.0,0.0,0.0,0.0
4ve87mbqyzp05chyki3_0001,0.5945945945945946,22,37	-0.8126,0.26807,1.08986,0.08184,-0.20026,-0.62066,1.1759,0.9089,0.47404,0.15176,58.0,98.8125,207.95031,330.93167,0.3,0.3,0.0,0.0,0.0,0.0,0.0,0.0,0.59459,0,0,18.90289,-2.41999,0.19373,0.0,1.0,1.0,2.0,0.0,0.0
4ve87mbqyzp05chyki3_0004,0.5833333333333334,21,36	-0.8126,0.26807,1.08986,0.08184,-0.20026,-0.62066,1.1759,0.9089,0.47592,0.15706,58.75,98.8125,225.8385,330.93167,0.3,0.3,0.0,0.0,0.0,0.0,0.0,0.0,0.58333,0,0,18.90289,-2.41999,0.19373,0.0,1.0,1.0,1.0,0.0,0.0
4ve87mbqyzp05chyki3_0023,0.5789473684210527,22,38	-0.8126,0.26807,1.08986,-0.35625,-0.1602,-0.62066,1.15025,0.89859,0.44022,0.1441,61.0,98.8125,201.24223,150.93167,0.3,0.3,0.0,0.0,0.0,0.0,0.0,0.0,0.57894,0,0,4.13813,-2.31999,0.47641,0.0,1.0,0.0,0.0,0.0,0.0
4fog3z0fbv8gsspye3v_0003,0.5769230769230769,60,104	-0.8126,0.26807,1.42974,-0.54791,-0.14018,0.4408,1.31271,0.58928,0.48719,0.14881,58.81685,112.5,235.38311,355.52795,0.3,0.3,0.0,0.0,0.0,0.0,0.0,0.0,0.57692,0,0,17.65394,-1.14,0.19174,0.0,1.0,1.0,1.0,0.0,0.0
4ve87mbqyzp05chyki3_0024,0.5728155339805825,59,103	-0.8126,0.26807,1.08986,0.08184,-0.20026,-0.62066,1.1759,0.9089,0.47404,0.15176,61.0,98.8125,201.24223,330.93167,0.3,0.3,0.0,0.0,0.0,0.0,0.0,0.0,0.57281,0,0,18.90289,-2.41999,0.19373,0.0,1.0,0.0,0.0,0.0,0.0
4uctt29gmdarupm8uye_0003,0.5714285714285714,20,35	-0.8126,0.26807,0.43081,0.20505,0.28036,0.58246,1.41532,0.61506,0.36132,0.1441,57.0625,109.6875,147.57763,201.24223,0.3,0.3,0.0,0.0,0.0,0.0,0.0,0.0,0.57142,0,0,12.30487,-0.9,0.26006,0.0,1.0,1.0,1.0,0.0,0.0
4sgx8pv8bj1hm5ix4y2_0000,0.5631067961165048,58,103	-0.8126,0.26807,1.42974,-0.61636,0.10013,0.34708,0.92793,0.18718,0.49658,0.14763,58.81685,94.3125,235.38311,335.40372,0.3,0.3,0.0,0.0,0.0,0.0,0.0,0.0,0.56310,0,0,14.6183,-1.28,0.18054,0.0,1.0,0.0,0.0,0.0,0.0
4ve87mbqyzp05chyki3_0007,0.5555555555555556,20,36	-0.8126,0.26807,1.08986,-0.03773,-0.14337,-0.62066,1.28634,0.89135,0.5041,0.14704,56.3044,98.8125,229.62051,330.93167,0.3,0.3,0.0,0.0,0.0,0.0,0.0,0.0,0.55555,0,0,14.2422,-2.19999,0.2311,0.0,1.0,1.0,1.0,0.0,0.0
4sgx8pv8bj1hm5ix4y2_0001,0.5523809523809524,58,105	-0.8126,0.26807,1.31006,-0.61636,0.10013,0.34708,0.92793,0.18718,0.49658,0.14763,58.81685,94.6875,235.38311,335.40372,0.3,0.3,0.0,0.0,0.0,0.0,0.0,0.0,0.55238,0,0,1.58862,-2.41999,0.71481,0.0,1.0,0.0,0.0,0.0,0.0
15rey0oa3gbsr2vetmgn_0031,0.5405405405405406,20,37	-0.8126,0.26807,0.2154,-0.4372,0.53789,-0.38454,1.56594,0.51619,0.44125,0.12577,61.12625,92.51474,229.12072,150.86615,0.3,0.3,0.0,0.0,0.0,0.0,0.0,0.0,0.54054,0,0,9.78763,-0.72,0.30133,0.0,0.0,1.0,0.0,0.0,0.0
485hxz4f8ctf9snusb4_0001,0.5405405405405406,20,37	-0.8126,0.26807,1.21871,-0.41888,0.39505,-0.17992,1.40014,0.89315,0.41483,0.17824,44.07356,94.68538,227.40994,38.84445,0.3,0.3,0.0,0.0,0.0,0.0,0.0,0.0,0.54054,0,0,28.62093,-1.02,0.15728,0.0,1.0,0.0,0.0,0.0,0.0
4ve87mbqyzp05chyki3_0006,0.5339805825242718,55,103	-0.8126,0.26807,1.08986,0.08184,-0.20026,-0.62066,1.1759,0.9089,0.47592,0.15706,56.3125,98.8125,219.13043,330.93167,0.3,0.3,0.0,0.0,0.0,0.0,0.0,0.0,0.53398,0,0,18.90289,-2.41999,0.19373,0.0,1.0,1.0,1.0,0.0,0.0
15rey0oa3gbsr2vetmgn_0049,0.5283018867924528,56,106	-0.8126,0.26807,1.38782,-0.77163,0.2401,0.3128,1.54734,0.8833,0.46236,0.13796,50.51739,91.94111,218.80788,224.73473,0.3,0.3,0.0,0.0,0.0,0.0,0.0,0.0,0.52830,0,0,2.11511,-1.84,0.75904,0.0,0.0,1.0,0.0,0.0,0.0
1cygs70a5p7uydqh06fw_0026,0.5277777777777778,19,36	-0.8126,0.26807,1.36223,-0.49524,0.19042,0.23878,0.42444,0.25417,0.48632,0.1517,44.02047,105.20196,47.87129,220.86097,0.3,0.3,0.0,0.0,0.0,0.0,0.0,0.0,0.52777,0,0,1.40582,-2.55999,0.64351,0.0,0.0,1.0,0.0,0.0,0.0
1cygs70a5p7uydqh06fw_0012,0.5135135135135135,19,37	-0.8126,0.26807,0.92536,0.48517,-0.47633,-0.20062,1.26737,0.74941,0.46705,0.15511,58.93851,102.88762,229.9197,320.81983,0.3,0.3,0.0,0.0,0.0,0.0,0.0,0.0,0.51351,0,0,5.74995,-1.86,0.39333,0.0,0.0,1.0,1.0,0.0,0.0
46p9l9onaixa6n0f77x_0003,0.5,18,36	-0.8126,0.26807,0.05955,-0.96562,0.82363,0.36247,0.9903,0.28103,0.44484,0.16047,59.71525,103.48751,136.48563,217.89571,0.3,0.3,0.0,0.0,0.0,0.0,0.0,0.0,0.5,0,0,6.25427,-0.49999,0.30767,0.0,0.0,0.0,0.0,0.0,0.0
4fog3z0fbv8gsspye3v_0000,0.5,18,36	-0.8126,0.26807,1.12114,-0.46398,-0.34475,0.4408,1.58186,0.38092,0.49026,0.10159,48.20253,95.98101,247.05882,0.0,0.3,0.3,0.0,0.0,0.0,0.0,0.0,0.0,0.5,0,0,11.07501,-1.16,0.25919,0.0,1.0,0.0,2.0,0.0,0.0
4ve87mbqyzp05chyki3_0009,0.5,18,36	-0.8126,0.26807,1.08986,-0.03773,-0.14337,-0.62066,1.28634,0.89135,0.48012,0.17296,56.3044,98.8125,229.62051,330.93167,0.3,0.3,0.0,0.0,0.0,0.0,0.0,0.0,0.5,0,0,14.2422,-2.19999,0.2311,0.0,1.0,1.0,0.0,0.0,0.0
46p9l9onaixa6n0f77x_0007,0.4864864864864865,18,37	-0.8126,0.26807,0.73258,-0.82258,-0.31911,0.33646,1.48382,0.44895,0.42909,0.11739,44.72492,97.58949,138.45911,36.62112,0.3,0.3,0.0,0.0,0.0,0.0,0.0,0.0,0.48648,0,0,11.06008,-0.76,0.26042,0.0,0.0,0.0,0.0,0.0,0.0
1ffeffoj4389mwygpmnf_0004,0.4857142857142857,17,35	-0.8126,0.26807,1.3936,-0.4247,-0.02002,0.08797,1.62053,0.23358,0.5041,0.14233,58.81685,93.33454,235.38311,319.77958,0.3,0.3,0.0,0.0,0.0,0.0,0.0,0.0,0.48571,0,0,7.1231,-1.96,0.32863,0.0,1.0,0.0,0.0,0.0,0.0
4ve87mbqyzp05chyki3_0016,0.47619047619047616,50,105	-0.8126,0.26807,1.08986,0.08184,-0.20026,-0.62066,1.1759,0.9089,0.47592,0.15706,58.75,98.8125,225.8385,330.93167,0.3,0.3,0.0,0.0,0.0,0.0,0.0,0.0,0.47619,0,0,18.90289,-2.41999,0.19373,0.0,1.0,1.0,0.0,0.0,0.0
4ve87mbqyzp05chyki3_0002,0.4722222222222222,17,36	-0.8126,0.26807,1.08986,0.08184,-0.20026,-0.62066,1.1759,0.9089,0.47404,0.15176,61.0,98.8125,201.24223,330.93167,0.3,0.3,0.0,0.0,0.0,0.0,0.0,0.0,0.47222,0,0,18.90289,-2.41999,0.19373,0.0,1.0,1.0,2.0,0.0,0.0
4ve87mbqyzp05chyki3_0003,0.4722222222222222,17,36	-0.8126,0.26807,1.08986,-0.03773,-0.14337,-0.62066,1.28634,0.89135,0.47592,0.15706,56.3044,98.8125,229.62051,330.93167,0.3,0.3,0.0,0.0,0.0,0.0,0.0,0.0,0.47222,0,0,14.2422,-2.19999,0.2311,0.0,1.0,1.0,1.0,0.0,0.0
4ve87mbqyzp05chyki3_0022,0.4722222222222222,17,36	-0.8126,0.26807,1.08986,-0.03773,-0.14337,-0.62066,1.28634,0.89135,0.48012,0.17296,56.3044,103.28569,229.62051,316.38291,0.3,0.3,0.0,0.0,0.0,0.0,0.0,0.0,0.47222,0,0,14.2422,-2.19999,0.2311,0.0,0.0,1.0,0.0,0.0,0.0
4ve87mbqyzp05chyki3_0008,0.4594594594594595,17,37	-0.8126,0.26807,1.08986,0.08184,-0.20026,-0.62066,1.1075,0.95529,0.47404,0.15176,61.0,98.8125,201.24223,330.93167,0.3,0.3,0.0,0.0,0.0,0.0,0.0,0.0,0.45945,0,0,17.99794,-2.45999,0.19846,0.0,1.0,1.0,1.0,0.0,0.0
4ve87mbqyzp05chyki3_0014,0.45714285714285713,16,35	-0.8126,0.26807,1.08986,-0.08244,0.0801,-0.62066,1.1759,0.9089,0.47592,0.15706,56.3044,98.8125,229.62051,330.93167,0.3,0.3,0.0,0.0,0.0,0.0,0.0,0.0,0.45714,0,0,9.82067,-2.19999,0.28339,0.0,1.0,1.0,0.0,0.0,0.0
1c7cee0ngw19jg7qbsnn_0004,0.43243243243243246,16,37	-0.8126,0.26807,1.32484,-0.42078,-0.20853,0.3739,1.52171,0.79549,0.48793,0.13554,60.67695,104.26047,232.06786,224.72972,0.3,0.3,0.0,0.0,0.0,0.0,0.0,0.0,0.43243,0,0,8.0367,-1.7,0.32736,0.0,0.0,1.0,0.0,0.0,0.0
4uctt29gmdarupm8uye_0002,0.43243243243243246,16,37	-0.8126,0.26807,0.43081,0.20505,0.28036,0.58246,0.91938,0.37277,0.40641,0.15529,52.0,109.6875,158.75776,201.24223,0.3,0.3,0.0,0.0,0.0,0.0,0.0,0.0,0.43243,0,0,5.59534,-1.18,0.36444,0.0,1.0,1.0,1.0,0.0,0.0
1fa53i6wc6ydvbcny5l0_0018,0.4166666666666667,15,36	-0.8126,0.26807,0.02349,-0.27355,0.28355,0.62102,1.17831,0.51678,0.41528,0.1129,45.66241,91.09462,137.75695,146.48391,0.3,0.3,0.0,0.0,0.0,0.0,0.0,0.0,0.41666,0,0,102.55443,-0.67999,0.07743,0.0,0.0,1.0,0.0,0.0,0.0
54l959ufwriw07f45dl_0001,0.4166666666666667,15,36	-0.8126,0.26807,0.76723,-1.06356,0.36094,0.58906,0.99364,0.81321,0.39151,0.1225,48.86158,91.98204,55.03003,36.91703,0.3,0.3,0.0,0.0,0.0,0.0,0.0,0.0,0.41666,0,0,42.147,-0.59999,0.11753,0.0,0.0,0.0,0.0,0.0,0.0
4uctt29gmdarupm8uye_0000,0.4166666666666667,15,36	-0.8126,0.26807,0.43081,0.20505,0.28036,0.58246,1.41532,0.61506,0.38574,0.14292,54.25,109.6875,147.57763,201.24223,0.3,0.3,0.0,0.0,0.0,0.0,0.0,0.0,0.41666,0,0,12.30487,-0.9,0.26006,0.0,1.0,1.0,2.0,0.0,0.0
4uctt29gmdarupm8uye_0005,0.4166666666666667,15,36	-0.8126,0.26807,0.43081,0.20505,0.28036,0.58246,1.32981,0.52226,0.37071,0.12172,50.5,112.5,156.52173,194.53416,0.3,0.3,0.0,0.0,0.0,0.0,0.0,0.0,0.41666,0,0,10.48835,-0.94,0.27817,0.0,1.0,0.0,0.0,0.0,0.0
519ipef2iv7kly40kfy_0024,0.40540540540540543,15,37	-0.8126,0.26807,0.14995,-1.42076,-0.34498,-0.39658,1.58905,0.5692,0.50094,0.1746,48.46045,100.14454,233.15724,331.41324,0.3,0.3,0.0,0.0,0.0,0.0,0.0,0.0,0.40540,0,0,7.6058,-0.45999,0.33193,0.0,0.0,0.0,0.0,0.0,0.0
1cygs70a5p7uydqh06fw_0020,0.40540540540540543,15,37	-0.8126,0.26807,-0.29059,-0.70268,0.85472,0.11289,1.4325,0.2481,0.45403,0.17882,61.31088,105.57917,319.95515,38.65063,0.3,0.3,0.0,0.0,0.0,0.0,0.0,0.0,0.40540,0,0,14.8181,-0.53999,0.21179,0.0,0.0,1.0,0.0,0.0,0.0
1fa53i6wc6ydvbcny5l0_0005,0.40540540540540543,15,37	-0.8126,0.26807,0.20568,-0.60737,0.33659,0.62102,1.62278,0.44627,0.47693,0.16382,53.0788,95.86745,39.88998,39.11402,0.3,0.3,0.0,0.0,0.0,0.0,0.0,0.0,0.40540,0,0,17.99683,-0.61999,0.20939,0.0,0.0,1.0,1.0,0.0,0.0
1fa53i6wc6ydvbcny5l0_0009,0.3888888888888889,14,36	-0.8126,0.26807,-0.36067,-0.52053,0.46059,0.10786,1.56068,0.62537,0.42707,0.15706,62.875,92.4375,147.57763,318.63354,0.3,0.3,0.0,0.0,0.0,0.0,0.0,0.0,0.38888,0,0,22.16956,-0.65999,0.18822,0.0,1.0,1.0,0.0,0.0,0.0
4ve87mbqyzp05chyki3_0010,0.3888888888888889,14,36	-0.8126,0.26807,1.08986,-0.03773,-0.14337,-0.62066,1.28634,0.89135,0.50034,0.11406,56.3044,98.8125,229.62051,330.93167,0.3,0.3,0.0,0.0,0.0,0.0,0.0,0.0,0.38888,0,0,14.2422,-2.19999,0.2311,0.0,1.0,1.0,0.0,0.0,0.0
46p9l9onaixa6n0f77x_0010,0.37142857142857144,13,35	-0.8126,0.26807,1.14304,-0.60662,0.29258,0.17199,1.31689,0.61281,0.46642,0.15741,48.65316,92.76174,219.3884,318.42225,0.3,0.3,0.0,0.0,0.0,0.0,0.0,0.0,0.37142,0,0,4.90551,-1.44,0.4204,0.0,1.0,0.0,0.0,0.0,0.0
1rq7wiontv407dm6wn_0003,0.3684210526315789,14,38	-0.8126,0.26807,-0.35667,-0.37783,0.65014,0.14642,1.20855,0.2614,0.46018,0.14259,48.8295,105.52286,130.33966,323.68345,0.3,0.3,0.0,0.0,0.0,0.0,0.0,0.0,0.36842,0,0,12.28843,-0.67999,0.23051,0.0,0.0,0.0,0.0,0.0,0.0
16gmq7zewmdfx4thab3b_0004,0.3611111111111111,13,36	-0.8126,0.26807,0.82596,-1.1004,0.2851,-0.12747,1.62362,0.76299,0.42078,0.17436,55.18147,95.93476,220.9647,223.82434,0.3,0.3,0.0,0.0,0.0,0.0,0.0,0.0,0.36111,0,0,4.09648,-0.86,0.503,0.0,0.0,1.0,0.0,0.0,0.0
1c7cee0ngw19jg7qbsnn_0006,0.3611111111111111,13,36	-0.8126,0.26807,0.91579,-0.17827,0.36046,0.3739,0.47475,0.76971,0.41392,0.14174,43.37336,87.54679,225.64121,217.4586,0.3,0.3,0.0,0.0,0.0,0.0,0.0,0.0,0.36111,0,0,14.18386,-1.02,0.19663,0.0,1.0,0.0,0.0,0.0,0.0
4ve87mbqyzp05chyki3_0000,0.3611111111111111,13,36	-0.8126,0.26807,1.08986,0.08184,-0.20026,-0.62066,1.1759,0.9089,0.47592,0.15706,56.3044,98.8125,229.62051,330.93167,0.3,0.3,0.0,0.0,0.0,0.0,0.0,0.0,0.36111,0,0,18.90289,-2.41999,0.19373,0.0,1.0,1.0,2.0,0.0,0.0
519ipef2iv7kly40kfy_0005,0.35135135135135137,13,37	-0.8126,0.26807,0.8757,-0.0667,0.68292,0.0517,1.42805,0.92011,0.40492,0.11711,55.59042,101.54096,227.50379,140.81402,0.3,0.3,0.0,0.0,0.0,0.0,0.0,0.0,0.35135,0,0,6.6196,-1.34,0.381,0.0,0.0,1.0,1.0,0.0,0.0
1apf745jckgogb8mbnfy_0000,0.35135135135135137,13,37	-0.8126,0.26807,0.63414,-0.52825,0.46873,-0.63123,1.30708,0.61983,0.47524,0.16731,60.70717,95.07641,229.31646,272.30769,0.3,0.3,0.0,0.0,0.0,0.0,0.0,0.0,0.35135,0,0,29.06262,-0.74,0.15295,0.0,1.0,0.0,2.0,0.0,0.0
4r3moz9e65jybjbpblj_0000,0.35135135135135137,13,37	-0.8126,0.26807,0.25201,-0.94777,0.56978,-0.57983,1.57221,0.37074,0.39543,0.1568,43.74845,94.61096,234.21905,26.04644,0.3,0.3,0.0,0.0,0.0,0.0,0.0,0.0,0.35135,0,0,7.04865,-0.55999,0.34446,0.0,0.0,0.0,0.0,0.0,0.0
15rey0oa3gbsr2vetmgn_0018,0.35135135135135137,13,37	-0.8126,0.26807,1.46071,-0.54244,0.5389,0.59559,1.4326,0.61464,0.38884,0.13998,43.97835,91.14929,219.03663,39.74454,0.3,0.3,0.0,0.0,0.0,0.0,0.0,0.0,0.35135,0,0,3.63395,-1.52,0.49948,0.0,0.0,1.0,1.0,0.0,0.0
15rey0oa3gbsr2vetmgn_0025,0.35135135135135137,13,37	-0.8126,0.26807,0.03077,0.50083,0.80442,0.59559,1.60011,0.94879,0.44027,0.16105,47.19235,102.79787,129.32362,35.54291,0.3,0.3,0.0,0.0,0.0,0.0,0.0,0.0,0.35135,0,0,7.30936,-1.08,0.38845,0.0,0.0,1.0,1.0,0.0,0.0
1fa53i6wc6ydvbcny5l0_0016,0.32432432432432434,12,37	-0.8126,0.26807,0.85811,-0.48146,0.71085,0.10786,1.46671,0.91034,0.50717,0.14787,58.30358,97.13452,224.9511,149.62574,0.3,0.3,0.0,0.0,0.0,0.0,0.0,0.0,0.32432,0,0,15.74793,-0.74,0.22407,0.0,0.0,1.0,0.0,0.0,0.0
19ztxzx6ktxl3i4y9g6l_0002,0.32432432432432434,12,37	-0.8126,0.26807,1.19399,-0.62714,0.22715,-0.4071,0.53644,0.74393,0.46277,0.13235,53.66435,106.75133,231.92291,142.61885,0.3,0.3,0.0,0.0,0.0,0.0,0.0,0.0,0.32432,0,0,7.61563,-1.28,0.27881,0.0,0.0,1.0,0.0,0.0,0.0
4xd750naowyt2mk4u1h_0004,0.3055555555555556,11,36	-0.8126,0.26807,-0.02713,-0.58387,-0.3693,-0.26177,1.29558,0.22926,0.50662,0.17184,49.02648,105.98164,131.02543,217.60448,0.3,0.3,0.0,0.0,0.0,0.0,0.0,0.0,0.30555,0,0,8.16962,-0.76,0.30544,0.0,0.0,1.0,0.0,0.0,0.0
1fa53i6wc6ydvbcny5l0_0006,0.3055555555555556,11,36	-0.8126,0.26807,0.28362,0.11327,1.04809,0.62102,1.53173,0.4149,0.46047,0.11612,52.27179,99.0099,133.09968,332.91642,0.3,0.3,0.0,0.0,0.0,0.0,0.0,0.0,0.30555,0,0,3.67472,-1.06,0.5494,0.0,0.0,1.0,1.0,0.0,0.0
1fa53i6wc6ydvbcny5l0_0021,0.3055555555555556,11,36	-0.8126,0.26807,0.28362,-0.60267,-0.42054,-0.01815,1.13315,0.62021,0.46047,0.11612,52.27179,85.5,133.09968,0.0,0.3,0.3,0.0,0.0,0.0,0.0,0.0,0.0,0.30555,0,0,10.39941,-0.8,0.2757,0.0,1.0,0.0,0.0,0.0,0.0
4ve87mbqyzp05chyki3_0013,0.3055555555555556,11,36	-0.8126,0.26807,1.08986,-0.12351,0.0801,-0.62066,1.1759,0.9089,0.47592,0.15706,56.3044,98.8125,229.62051,330.93167,0.3,0.3,0.0,0.0,0.0,0.0,0.0,0.0,0.30555,0,0,8.63175,-2.19999,0.30594,0.0,1.0,1.0,0.0,0.0,0.0
15rey0oa3gbsr2vetmgn_0021,0.2972972972972973,11,37	-0.8126,0.26807,1.06454,-0.83376,0.25173,0.68795,0.7539,0.47218,0.41999,0.14106,53.24648,93.45117,40.08909,25.97157,0.3,0.3,0.0,0.0,0.0,0.0,0.0,0.0,0.29729,0,0,3.63985,-1.18,0.42341,0.0,0.0,1.0,1.0,0.0,0.0
519ipef2iv7kly40kfy_0011,0.2777777777777778,10,36	-0.8126,0.26807,1.40286,-0.52461,0.43079,-0.24866,1.18094,0.80057,0.47061,0.15652,46.87815,103.38327,228.08378,42.61743,0.3,0.3,0.0,0.0,0.0,0.0,0.0,0.0,0.27777,0,0,5.19613,-1.46,0.39928,0.0,0.0,1.0,0.0,0.0,0.0
1fa53i6wc6ydvbcny5l0_0015,0.2777777777777778,10,36	-0.8126,0.26807,0.80082,-0.30941,0.31092,0.10786,1.41856,0.61267,0.37616,0.15344,58.65922,93.16298,133.77387,320.53801,0.3,0.3,0.0,0.0,0.0,0.0,0.0,0.0,0.27777,0,0,29.51114,-1.0,0.15404,0.0,0.0,1.0,0.0,0.0,0.0
4xd750naowyt2mk4u1h_0003,0.2702702702702703,10,37	-0.8126,0.26807,0.35337,0.32569,0.38926,-0.26177,0.5596,0.8832,0.50215,0.16195,57.3638,95.06494,130.55675,333.24606,0.3,0.3,0.0,0.0,0.0,0.0,0.0,0.0,0.27027,0,0,4.08997,-1.28,0.46284,0.0,0.0,1.0,0.0,0.0,0.0
46p9l9onaixa6n0f77x_0000,0.2702702702702703,10,37	-0.8126,0.26807,1.14304,-0.60662,0.29258,0.17199,1.31689,0.61281,0.46642,0.15741,48.65316,92.76174,219.3884,318.42225,0.3,0.3,0.0,0.0,0.0,0.0,0.0,0.0,0.27027,0,0,4.90551,-1.44,0.4204,0.0,0.0,0.0,1.0,0.0,0.0
4r3moz9e65jybjbpblj_0001,0.2702702702702703,10,37	-0.8126,0.26807,0.31788,-0.09826,0.79451,0.00177,1.05279,0.93373,0.48707,0.16993,52.37269,98.8846,230.34856,36.26614,0.3,0.3,0.0,0.0,0.0,0.0,0.0,0.0,0.27027,0,0,10.10767,-0.8,0.29102,0.0,0.0,0.0,0.0,0.0,0.0
15rey0oa3gbsr2vetmgn_0009,0.2702702702702703,10,37	-0.8126,0.26807,1.33029,-0.34336,0.01172,0.04581,0.75637,0.18341,0.39202,0.15272,44.88029,102.67004,319.30082,316.45457,0.3,0.3,0.0,0.0,0.0,0.0,0.0,0.0,0.27027,0,0,60.47585,-1.3,0.08138,0.0,0.0,1.0,1.0,0.0,0.0
5bkaj0cdmi66lcv82jl_0003,0.2631578947368421,10,38	-0.8126,0.26807,0.66243,-0.88955,0.44319,-0.52002,0.82151,0.70678,0.4957,0.15917,49.40679,107.05923,226.9012,34.61219,0.3,0.3,0.0,0.0,0.0,0.0,0.0,0.0,0.26315,0,0,21.08261,-0.67999,0.16634,0.0,0.0,1.0,0.0,0.0,0.0
4ve87mbqyzp05chyki3_0005,0.2571428571428571,9,35	-0.8126,0.26807,1.08986,-0.03773,-0.14337,-0.62066,1.28634,0.89135,0.48343,0.14763,56.3044,98.8125,229.62051,330.93167,0.3,0.3,0.0,0.0,0.0,0.0,0.0,0.0,0.25714,0,0,14.2422,-2.19999,0.2311,0.0,1.0,1.0,1.0,0.0,0.0
4xd750naowyt2mk4u1h_0007,0.25,9,36	-0.8126,0.26807,-0.34815,-1.54454,-0.43385,-0.26177,1.48518,0.16079,0.4203,0.17892,42.95664,97.10699,315.71079,37.62646,0.3,0.3,0.0,0.0,0.0,0.0,0.0,0.0,0.25,0,0,5.36264,-0.45999,0.35582,0.0,0.0,0.0,0.0,0.0,0.0
15rey0oa3gbsr2vetmgn_0023,0.25,9,36	-0.8126,0.26807,0.71431,0.2687,0.61664,0.04581,1.49024,0.29967,0.48287,0.17306,54.33397,87.68123,37.23326,221.22124,0.3,0.3,0.0,0.0,0.0,0.0,0.0,0.0,0.25,0,0,6.0048,-1.76,0.3759,0.0,0.0,1.0,1.0,0.0,0.0
1871wj17ejyxblvn925u_0000,0.25,9,36	-0.8126,0.26807,1.25588,-0.50684,-0.20026,-0.12605,1.51793,0.73878,0.50034,0.15411,58.9969,92.57546,127.22885,332.9973,0.3,0.3,0.0,0.0,0.0,0.0,0.0,0.0,0.25,0,0,8.40022,-1.48,0.31735,0.0,1.0,0.0,0.0,0.0,0.0
4xd750naowyt2mk4u1h_0000,0.24324324324324326,9,37	-0.8126,0.26807,0.92645,-0.71423,0.04922,-0.26177,0.44208,0.5441,0.42966,0.16939,49.22504,103.00141,223.37453,328.8908,0.3,0.3,0.0,0.0,0.0,0.0,0.0,0.0,0.24324,0,0,1.50105,-1.72,0.72338,0.0,0.0,1.0,1.0,0.0,0.0
1cygs70a5p7uydqh06fw_0005,0.24324324324324326,9,37	-0.8126,0.26807,1.27676,0.24798,0.44975,0.23878,1.46541,0.58375,0.44739,0.1257,52.4343,104.04962,48.27349,214.60492,0.3,0.3,0.0,0.0,0.0,0.0,0.0,0.0,0.24324,0,0,5.3976,-1.5,0.40027,0.0,0.0,1.0,1.0,0.0,0.0
4q0dou18cm3uvl7ev0i_0000,0.24324324324324326,9,37	-0.8126,0.26807,0.09094,-0.11249,0.54573,-0.33954,1.03402,0.18125,0.3775,0.11325,42.61511,106.19328,319.65362,139.35321,0.3,0.3,0.0,0.0,0.0,0.0,0.0,0.0,0.24324,0,0,12.19878,-0.92,0.22752,0.0,0.0,1.0,1.0,0.0,0.0
4ujjzibhv7b3b6ydh4z_0000,0.24324324324324326,9,37	-0.8126,0.26807,0.82985,-0.5313,-0.67595,0.39262,1.47021,0.70476,0.41961,0.15765,42.12082,92.55017,315.42647,333.09173,0.3,0.3,0.0,0.0,0.0,0.0,0.0,0.0,0.24324,0,0,5.19161,-0.98,0.42725,0.0,0.0,0.0,0.0,0.0,0.0
485hxz4f8ctf9snusb4_0000,0.24324324324324326,9,37	-0.8126,0.26807,1.21871,-0.41888,0.39505,-0.44578,1.40014,0.89315,0.41483,0.17824,44.07356,94.68538,227.40994,38.84445,0.3,0.3,0.0,0.0,0.0,0.0,0.0,0.0,0.24324,0,0,28.62093,-1.02,0.15728,0.0,0.0,0.0,0.0,0.0,0.0
4ve87mbqyzp05chyki3_0015,0.24324324324324326,9,37	-0.8126,0.26807,1.08986,-0.09613,-0.22028,-0.62066,1.1759,0.9089,0.47592,0.15706,56.3044,98.8125,229.62051,330.93167,0.3,0.3,0.0,0.0,0.0,0.0,0.0,0.0,0.24324,0,0,9.22394,-2.33999,0.29332,0.0,1.0,1.0,0.0,0.0,0.0
1cygs70a5p7uydqh06fw_0003,0.23684210526315788,9,38	-0.8126,0.26807,0.69063,0.20082,-0.21375,-0.20062,0.94906,0.25477,0.50079,0.17312,48.44664,90.45365,321.18898,224.38235,0.3,0.3,0.0,0.0,0.0,0.0,0.0,0.0,0.23684,0,0,5.58791,-1.48,0.35001,0.0,0.0,1.0,1.0,0.0,0.0
4pfc1c7m03qfn8ngk39_0000,0.23684210526315788,9,38	-0.8126,0.26807,0.43081,0.22582,-0.07581,0.11187,0.82695,0.28788,0.46412,0.16855,50.93,99.375,314.51417,347.70186,0.3,0.3,0.0,0.0,0.0,0.0,0.0,0.0,0.23684,0,0,4.80295,-1.44,0.38389,0.0,1.0,1.0,1.0,0.0,0.0
46p9l9onaixa6n0f77x_0001,0.22857142857142856,8,35	-0.8126,0.26807,0.10488,0.32563,0.67249,0.46752,1.30249,0.44127,0.41902,0.12054,53.92838,101.15338,136.08778,32.53316,0.3,0.3,0.0,0.0,0.0,0.0,0.0,0.0,0.22857,0,0,4.02896,-1.5,0.50274,0.0,0.0,0.0,0.0,0.0,0.0
4pfc1c7m03qfn8ngk39_0001,0.22857142857142856,8,35	-0.8126,0.26807,0.89316,-0.65106,0.71596,0.11187,1.50514,0.43435,0.49723,0.11409,48.86689,98.05891,312.67706,209.41247,0.3,0.3,0.0,0.0,0.0,0.0,0.0,0.0,0.22857,0,0,6.96175,-0.88,0.3377,0.0,0.0,1.0,1.0,0.0,0.0
5bkaj0cdmi66lcv82jl_0005,0.22857142857142856,8,35	-0.8126,0.26807,-0.28924,-0.63249,0.05067,-0.52002,0.88105,0.8189,0.43008,0.17491,58.19148,90.63751,304.315,26.67658,0.3,0.3,0.0,0.0,0.0,0.0,0.0,0.0,0.22857,0,0,14.51478,-0.74,0.22351,0.0,0.0,1.0,0.0,0.0,0.0
519ipef2iv7kly40kfy_0009,0.2222222222222222,8,36	-0.8126,0.26807,-0.27019,-0.21865,0.3182,-0.24866,1.54679,0.47962,0.41738,0.13152,52.18405,107.3051,36.30589,212.06398,0.3,0.3,0.0,0.0,0.0,0.0,0.0,0.0,0.22222,0,0,57.79323,-0.72,0.10972,0.0,0.0,1.0,0.0,0.0,0.0
519ipef2iv7kly40kfy_0022,0.2222222222222222,8,36	-0.8126,0.26807,0.49808,-0.46714,0.15315,0.0517,0.83415,0.26719,0.4474,0.14625,44.82572,88.21286,51.4507,208.32955,0.3,0.3,0.0,0.0,0.0,0.0,0.0,0.0,0.22222,0,0,3.50349,-1.38,0.46142,0.0,0.0,1.0,0.0,0.0,0.0
4xd750naowyt2mk4u1h_0001,0.2222222222222222,8,36	-0.8126,0.26807,0.66165,0.515,0.86479,-0.26177,1.15411,0.28323,0.47391,0.17461,58.27411,92.37042,136.78083,216.10139,0.3,0.3,0.0,0.0,0.0,0.0,0.0,0.0,0.22222,0,0,1.17251,-0.9,1.01587,0.0,0.0,1.0,1.0,0.0,0.0
1cygs70a5p7uydqh06fw_0038,0.2222222222222222,8,36	-0.8126,0.26807,0.75399,-0.80245,-0.04174,0.57621,0.93301,0.46166,0.50907,0.17995,47.70683,106.87234,225.35831,37.14668,0.3,0.3,0.0,0.0,0.0,0.0,0.0,0.0,0.22222,0,0,3.31698,-1.18,0.49387,0.0,0.0,1.0,0.0,0.0,0.0
4ve87mbqyzp05chyki3_0020,0.2222222222222222,8,36	-0.8126,0.26807,1.08986,0.08184,-0.20026,-0.62066,1.15025,0.89859,0.47404,0.15176,61.0,98.8125,201.24223,150.93167,0.3,0.3,0.0,0.0,0.0,0.0,0.0,0.0,0.22222,0,0,18.11153,-2.47999,0.19741,0.0,1.0,1.0,0.0,0.0,0.0
16gmq7zewmdfx4thab3b_0002,0.21621621621621623,8,37	-0.8126,0.26807,1.02298,-1.03826,0.16922,-0.12747,0.566,0.88602,0.50571,0.14283,52.28567,92.04219,232.48844,320.51736,0.3,0.3,0.0,0.0,0.0,0.0,0.0,0.0,0.21621,0,0,1.48735,-1.18,0.7841,0.0,0.0,1.0,0.0,0.0,0.0
1cygs70a5p7uydqh06fw_0014,0.21621621621621623,8,37	-0.8126,0.26807,-0.32601,-0.18349,0.39879,-0.29905,1.34311,0.65311,0.40446,0.1458,43.04084,89.53206,323.70271,334.26585,0.3,0.3,0.0,0.0,0.0,0.0,0.0,0.0,0.21621,0,0,10.44065,-0.94,0.28756,0.0,0.0,1.0,0.0,0.0,0.0
15rey0oa3gbsr2vetmgn_0014,0.21621621621621623,8,37	-0.8126,0.26807,0.90563,-1.20308,0.47681,0.68795,1.0458,0.7138,0.3839,0.13316,43.39229,92.93126,225.25252,208.93144,0.3,0.3,0.0,0.0,0.0,0.0,0.0,0.0,0.21621,0,0,3.90046,-0.78,0.44402,0.0,0.0,1.0,1.0,0.0,0.0
15rey0oa3gbsr2vetmgn_0060,0.21621621621621623,8,37	-0.8126,0.26807,-0.23722,0.04965,0.61141,0.70105,0.885,0.37892,0.39454,0.15128,48.94919,93.39221,319.85258,320.04732,0.3,0.3,0.0,0.0,0.0,0.0,0.0,0.0,0.21621,0,0,6.00557,-1.22,0.35209,0.0,0.0,1.0,0.0,0.0,0.0
4ve87mbqyzp05chyki3_0021,0.21621621621621623,8,37	-0.8126,0.26807,0.4904,0.28121,-0.33096,-0.62066,0.92964,0.88863,0.41449,0.14064,59.68582,88.86939,221.62366,333.5184,0.3,0.3,0.0,0.0,0.0,0.0,0.0,0.0,0.21621,0,0,25.17277,-1.74,0.16373,0.0,0.0,1.0,0.0,0.0,0.0
4fog3z0fbv8gsspye3v_0005,0.21052631578947367,8,38	-0.8126,0.26807,1.12114,-0.46398,-0.34475,0.4408,1.53687,0.53753,0.5041,0.12783,48.20253,95.98101,247.05882,0.0,0.3,0.3,0.0,0.0,0.0,0.0,0.0,0.0,0.21052,0,0,12.04118,-1.12,0.25097,0.0,1.0,0.0,0.0,0.0,0.0
15rey0oa3gbsr2vetmgn_0011,0.2,7,35	-0.8126,0.26807,1.05373,0.33613,-0.41637,0.59559,1.43903,0.44581,0.38916,0.16019,52.45625,99.26121,133.16245,221.35526,0.3,0.3,0.0,0.0,0.0,0.0,0.0,0.0,0.2,0,0,16.77534,-2.15999,0.20312,0.0,0.0,1.0,1.0,0.0,0.0
4xd750naowyt2mk4u1h_0002,0.19444444444444445,7,36	-0.8126,0.26807,0.66165,0.515,0.86479,-0.26177,1.15411,0.28323,0.47391,0.17461,58.27411,92.37042,136.78083,216.10139,0.3,0.3,0.0,0.0,0.0,0.0,0.0,0.0,0.19444,0,0,1.17251,-0.9,1.01587,0.0,0.0,1.0,1.0,0.0,0.0
1cygs70a5p7uydqh06fw_0008,0.19444444444444445,7,36	-0.8126,0.26807,-0.3123,0.0684,0.34579,0.57621,1.19975,0.49512,0.38491,0.119,49.82228,94.10045,323.367,220.27457,0.3,0.3,0.0,0.0,0.0,0.0,0.0,0.0,0.19444,0,0,7.60025,-1.32,0.33108,0.0,0.0,1.0,1.0,0.0,0.0
1fa53i6wc6ydvbcny5l0_0001,0.19444444444444445,7,36	-0.8126,0.26807,0.29568,-0.45208,0.64083,0.62102,1.27851,0.54804,0.40829,0.13055,49.375,107.0625,192.29813,134.16149,0.3,0.3,0.0,0.0,0.0,0.0,0.0,0.0,0.19444,0,0,5.96564,-0.8,0.38869,0.0,1.0,1.0,2.0,0.0,0.0
1fa53i6wc6ydvbcny5l0_0013,0.19444444444444445,7,36	-0.8126,0.26807,0.29568,-0.45208,0.64083,0.62102,1.27851,0.54804,0.40829,0.13055,49.375,107.0625,192.29813,134.16149,0.3,0.3,0.0,0.0,0.0,0.0,0.0,0.0,0.19444,0,0,5.96564,-0.8,0.38869,0.0,1.0,1.0,0.0,0.0,0.0
15rey0oa3gbsr2vetmgn_0013,0.19444444444444445,7,36	-0.8126,0.26807,0.70185,-0.4404,0.46338,0.73632,1.42017,0.69086,0.41767,0.13362,45.69611,96.18493,322.91573,209.44591,0.3,0.3,0.0,0.0,0.0,0.0,0.0,0.0,0.19444,0,0,58.85469,-0.67999,0.10606,0.0,0.0,1.0,1.0,0.0,0.0
15rey0oa3gbsr2vetmgn_0032,0.19444444444444445,7,36	-0.8126,0.26807,0.14683,0.45654,0.8808,-0.38454,1.58404,0.18971,0.50547,0.10851,54.15684,97.388,128.90607,319.1858,0.3,0.3,0.0,0.0,0.0,0.0,0.0,0.0,0.19444,0,0,2.45437,-2.37999,0.6872,0.0,0.0,1.0,0.0,0.0,0.0
46w9exa7n5boq3ryo5d_0003,0.1891891891891892,7,37	-0.8126,0.26807,1.23846,-0.20565,-0.22028,0.58246,1.20155,0.43978,0.48531,0.07637,51.625,86.4375,239.25465,0.0,0.3,0.3,0.0,0.0,0.0,0.0,0.0,0.0,0.18918,0,0,20.378,-1.68,0.17468,0.0,1.0,0.0,0.0,0.0,0.0
15rey0oa3gbsr2vetmgn_0024,0.1891891891891892,7,37	-0.8126,0.26807,0.76977,0.37759,0.09422,0.04581,1.24746,0.49437,0.41708,0.17161,59.08991,99.83234,307.90685,222.71447,0.3,0.3,0.0,0.0,0.0,0.0,0.0,0.0,0.18918,0,0,60.08054,-1.56,0.1005,0.0,0.0,1.0,1.0,0.0,0.0
519ipef2iv7kly40kfy_0019,0.18421052631578946,7,38	-0.8126,0.26807,0.68593,0.44085,-0.5644,0.0517,0.70039,0.96536,0.45962,0.17367,58.80411,92.56617,225.91675,43.46101,0.3,0.3,0.0,0.0,0.0,0.0,0.0,0.0,0.18421,0,0,4.10293,-1.92,0.46577,0.0,0.0,1.0,0.0,0.0,0.0
519ipef2iv7kly40kfy_0000,0.17142857142857143,6,35	-0.8126,0.26807,1.04703,-1.05398,0.50803,0.0517,1.40429,0.64321,0.42381,0.13598,43.53433,102.55953,230.48937,40.2748,0.3,0.3,0.0,0.0,0.0,0.0,0.0,0.0,0.17142,0,0,16.91173,-0.67999,0.19685,0.0,0.0,1.0,2.0,0.0,0.0
1cygs70a5p7uydqh06fw_0002,0.17142857142857143,6,35	-0.8126,0.26807,0.4678,-0.71753,0.62805,0.23878,1.12091,0.81631,0.50652,0.11115,50.59939,89.62599,217.08873,140.81569,0.3,0.3,0.0,0.0,0.0,0.0,0.0,0.0,0.17142,0,0,3.4267,-0.84,0.5487,0.0,0.0,1.0,1.0,0.0,0.0
519ipef2iv7kly40kfy_0006,0.16666666666666666,6,36	-0.8126,0.26807,0.65981,-0.95612,0.33555,0.0517,0.69827,0.41627,0.49266,0.15707,56.82962,94.76875,41.8524,43.91544,0.3,0.3,0.0,0.0,0.0,0.0,0.0,0.0,0.16666,0,0,6.28503,-0.8,0.29856,0.0,0.0,1.0,1.0,0.0,0.0
16gmq7zewmdfx4thab3b_0001,0.16666666666666666,6,36	-0.8126,0.26807,0.71425,-1.22324,0.30232,-0.12747,1.45474,0.49436,0.49832,0.15172,48.46356,92.71569,229.2483,213.97743,0.3,0.3,0.0,0.0,0.0,0.0,0.0,0.0,0.16666,0,0,4.61668,-0.72,0.42865,0.0,0.0,1.0,0.0,0.0,0.0
1cygs70a5p7uydqh06fw_0037,0.16666666666666666,6,36	-0.8126,0.26807,0.10608,-0.08328,0.54418,0.57621,0.33848,0.38865,0.50199,0.12817,42.98667,103.02806,218.4204,217.50809,0.3,0.3,0.0,0.0,0.0,0.0,0.0,0.0,0.16666,0,0,3.97784,-1.28,0.38059,0.0,0.0,1.0,0.0,0.0,0.0
1fa53i6wc6ydvbcny5l0_0003,0.16666666666666666,6,36	-0.8126,0.26807,-0.36067,-1.10922,0.42054,0.62102,1.53503,0.87281,0.42707,0.15706,62.875,92.4375,147.57763,138.63354,0.3,0.3,0.0,0.0,0.0,0.0,0.0,0.0,0.16666,0,0,16.27857,-0.49999,0.22471,0.0,1.0,1.0,1.0,0.0,0.0
46w9exa7n5boq3ryo5d_0001,0.16666666666666666,6,36	-0.8126,0.26807,1.23846,-0.20565,-0.22028,0.58246,1.20155,0.43978,0.48531,0.07637,51.625,86.4375,239.25465,0.0,0.3,0.3,0.0,0.0,0.0,0.0,0.0,0.0,0.16666,0,0,20.378,-1.68,0.17468,0.0,1.0,0.0,0.0,0.0,0.0
5bkaj0cdmi66lcv82jl_0001,0.16666666666666666,6,36	-0.8126,0.26807,1.0525,-0.85652,0.32761,-0.52002,1.06567,0.27037,0.49066,0.12492,44.55154,99.40385,221.20156,331.03604,0.3,0.3,0.0,0.0,0.0,0.0,0.0,0.0,0.16666,0,0,9.90639,-0.92,0.23807,0.0,0.0,1.0,1.0,0.0,0.0
1apf745jckgogb8mbnfy_0004,0.16216216216216217,6,37	-0.8126,0.26807,0.63414,-0.77067,0.86187,-0.63123,0.65978,0.43928,0.47524,0.16731,60.70717,99.80067,229.31646,39.84167,0.3,0.3,0.0,0.0,0.0,0.0,0.0,0.0,0.16216,0,0,2.93635,-0.78,0.45766,0.0,0.0,1.0,1.0,0.0,0.0
1cygs70a5p7uydqh06fw_0025,0.16216216216216217,6,37	-0.8126,0.26807,0.33883,-0.62356,-0.73262,0.23878,1.01053,0.92682,0.49231,0.1643,50.51303,106.8964,234.32464,211.42347,0.3,0.3,0.0,0.0,0.0,0.0,0.0,0.0,0.16216,0,0,5.15517,-0.76,0.42806,0.0,0.0,1.0,0.0,0.0,0.0
1fa53i6wc6ydvbcny5l0_0012,0.16216216216216217,6,37	-0.8126,0.26807,0.29568,-0.5616,0.50065,0.10786,1.27851,0.54804,0.40829,0.13055,49.375,107.0625,192.29813,134.16149,0.3,0.3,0.0,0.0,0.0,0.0,0.0,0.0,0.16216,0,0,7.23804,-0.76,0.34415,0.0,1.0,1.0,0.0,0.0,0.0
4ujjzibhv7b3b6ydh4z_0001,0.16216216216216217,6,37	-0.8126,0.26807,-0.19759,-1.18225,0.17864,0.05606,1.63821,0.91664,0.38885,0.15289,58.21221,101.62934,232.14706,208.61358,0.3,0.3,0.0,0.0,0.0,0.0,0.0,0.0,0.16216,0,0,79.77422,-0.42,0.0957,0.0,0.0,0.0,0.0,0.0,0.0
15rey0oa3gbsr2vetmgn_0066,0.16216216216216217,6,37	-0.8126,0.26807,-0.05145,-1.14176,0.00753,0.3702,1.12664,0.79233,0.39903,0.14022,49.61876,98.6734,141.3024,38.70884,0.3,0.3,0.0,0.0,0.0,0.0,0.0,0.0,0.16216,0,0,11.75328,-0.47999,0.25211,0.0,0.0,1.0,0.0,0.0,0.0
15rey0oa3gbsr2vetmgn_0070,0.16216216216216217,6,37	-0.8126,0.26807,0.07335,0.08556,0.74767,0.73632,1.12097,0.35524,0.47907,0.15829,44.62561,105.77209,46.39543,320.62381,0.3,0.3,0.0,0.0,0.0,0.0,0.0,0.0,0.16216,0,0,5.54824,-1.06,0.39,0.0,0.0,1.0,0.0,0.0,0.0
15rey0oa3gbsr2vetmgn_0077,0.16216216216216217,6,37	-0.8126,0.26807,0.13237,-0.79946,-1.08815,0.68795,1.04501,0.63057,0.4985,0.11799,44.39722,97.67708,226.91934,333.29971,0.3,0.3,0.0,0.0,0.0,0.0,0.0,0.0,0.16216,0,0,2.11846,-0.57999,0.70772,0.0,0.0,1.0,0.0,0.0,0.0
1ffeffoj4389mwygpmnf_0003,0.16216216216216217,6,37	-0.8126,0.26807,0.0711,-0.15926,-0.51268,-0.45992,1.05126,0.43124,0.44542,0.14507,42.64931,95.25156,235.81398,326.93122,0.3,0.3,0.0,0.0,0.0,0.0,0.0,0.0,0.16216,0,0,14.46469,-1.02,0.21962,0.0,0.0,1.0,0.0,0.0,0.0
1rq7wiontv407dm6wn_0002,0.16216216216216217,6,37	-0.8126,0.26807,-0.06524,0.00609,-0.16176,0.66514,0.98636,0.26888,0.44307,0.1741,48.10993,105.71375,319.45715,41.11813,0.3,0.3,0.0,0.0,0.0,0.0,0.0,0.0,0.16216,0,0,6.2374,-1.38,0.34512,0.0,0.0,0.0,0.0,0.0,0.0
519ipef2iv7kly40kfy_0013,0.14285714285714285,5,35	-0.8126,0.26807,0.11592,-0.45422,0.61495,-0.24866,0.9866,0.45048,0.42206,0.10925,43.86171,91.44205,219.72324,212.86755,0.3,0.3,0.0,0.0,0.0,0.0,0.0,0.0,0.14285,0,0,22.44298,-0.63999,0.16534,0.0,0.0,1.0,0.0,0.0,0.0
1docwpeaju99yvhg6hz9_0000,0.14285714285714285,5,35	-0.8126,0.26807,0.13485,-1.12216,0.12174,0.48998,1.38147,0.46567,0.48832,0.11181,47.8263,95.38319,43.61047,38.67104,0.3,0.3,0.0,0.0,0.0,0.0,0.0,0.0,0.14285,0,0,45.19496,-0.45999,0.11819,0.0,0.0,0.0,0.0,0.0,0.0
519ipef2iv7kly40kfy_0020,0.1388888888888889,5,36	-0.8126,0.26807,1.36575,-0.45236,0.1288,0.0517,1.50897,0.66029,0.44207,0.13088,58.50195,94.85202,42.47578,31.53897,0.3,0.3,0.0,0.0,0.0,0.0,0.0,0.0,0.13888,0,0,31.13765,-1.24,0.14762,0.0,0.0,1.0,0.0,0.0,0.0
1cygs70a5p7uydqh06fw_0013,0.1388888888888889,5,36	-0.8126,0.26807,0.54617,0.12811,0.16267,0.57621,0.30428,0.22979,0.42846,0.17598,47.3032,96.02624,221.19701,44.18963,0.3,0.3,0.0,0.0,0.0,0.0,0.0,0.0,0.13888,0,0,4.63719,-3.47999,0.30494,0.0,0.0,1.0,1.0,0.0,0.0
1fa53i6wc6ydvbcny5l0_0008,0.1388888888888889,5,36	-0.8126,0.26807,0.91422,0.20277,0.64547,0.62102,0.68798,0.33813,0.38811,0.12252,43.33112,104.31104,228.4649,27.61748,0.3,0.3,0.0,0.0,0.0,0.0,0.0,0.0,0.13888,0,0,1.70397,-2.29999,0.69315,0.0,0.0,1.0,1.0,0.0,0.0
1fa53i6wc6ydvbcny5l0_0011,0.1388888888888889,5,36	-0.8126,0.26807,-0.36067,-1.10922,0.42054,0.10786,1.27851,0.58928,0.40265,0.1388,67.0,107.0625,187.82608,134.16149,0.3,0.3,0.0,0.0,0.0,0.0,0.0,0.0,0.13888,0,0,10.97412,-0.55999,0.25896,0.0,1.0,1.0,0.0,0.0,0.0
4q0dou18cm3uvl7ev0i_0001,0.1388888888888889,5,36	-0.8126,0.26807,0.69082,0.56717,-0.28122,-0.33954,0.59762,0.39649,0.39757,0.1507,45.64822,107.1945,140.81708,214.91401,0.3,0.3,0.0,0.0,0.0,0.0,0.0,0.0,0.13888,0,0,4.46963,-3.03999,0.37088,0.0,0.0,1.0,1.0,0.0,0.0
i1c8he0gn6phjtm52g_0001,0.1388888888888889,5,36	-0.8126,0.26807,0.98846,-0.48032,0.6278,-0.38075,0.46474,0.31349,0.45965,0.16602,60.87191,96.70026,228.14402,154.39741,0.3,0.3,0.0,0.0,0.0,0.0,0.0,0.0,0.13888,0,0,2.56442,-1.22,0.44472,0.0,0.0,0.0,0.0,0.0,0.0
15rey0oa3gbsr2vetmgn_0035,0.1388888888888889,5,36	-0.8126,0.26807,0.0745,-0.72624,-0.55567,-0.48392,1.34033,0.461,0.50095,0.11527,44.36779,88.92899,222.17874,326.37242,0.3,0.3,0.0,0.0,0.0,0.0,0.0,0.0,0.13888,0,0,4.04125,-0.74,0.49431,0.0,0.0,1.0,0.0,0.0,0.0
1ffeffoj4389mwygpmnf_0000,0.1388888888888889,5,36	-0.8126,0.26807,0.09805,0.59498,0.41476,-0.45992,1.29724,0.7438,0.48629,0.12844,50.05867,106.38686,142.83171,43.66785,0.3,0.3,0.0,0.0,0.0,0.0,0.0,0.0,0.13888,0,0,5.58342,-1.44,0.42534,0.0,0.0,1.0,1.0,0.0,0.0
1cygs70a5p7uydqh06fw_0030,0.13513513513513514,5,37	-0.8126,0.26807,-0.21003,-0.18182,0.58489,-0.20062,0.91835,0.46318,0.50886,0.13295,55.23705,103.85166,310.64541,33.64478,0.3,0.3,0.0,0.0,0.0,0.0,0.0,0.0,0.13513,0,0,5.49443,-0.8,0.37145,0.0,0.0,1.0,0.0,0.0,0.0
1fa53i6wc6ydvbcny5l0_0019,0.13513513513513514,5,37	-0.8126,0.26807,0.62952,-1.33938,0.20773,-0.01815,0.71865,0.37069,0.42197,0.16992,60.65807,104.96811,50.93734,38.96256,0.3,0.3,0.0,0.0,0.0,0.0,0.0,0.0,0.13513,0,0,6.70366,-0.61999,0.26939,0.0,0.0,0.0,0.0,0.0,0.0
4q0dou18cm3uvl7ev0i_0002,0.13513513513513514,5,37	-0.8126,0.26807,0.37893,0.02189,0.89168,-0.33954,0.42132,0.56476,0.39059,0.16684,42.37661,89.37452,134.96886,45.35508,0.3,0.3,0.0,0.0,0.0,0.0,0.0,0.0,0.13513,0,0,1.83768,-0.98,0.65195,0.0,0.0,1.0,1.0,0.0,0.0
19ztxzx6ktxl3i4y9g6l_0000,0.13513513513513514,5,37	-0.8126,0.26807,-0.05719,-0.24222,0.10634,-0.4071,0.93508,0.18178,0.4988,0.13448,56.37082,88.92344,319.01101,218.45679,0.3,0.3,0.0,0.0,0.0,0.0,0.0,0.0,0.13513,0,0,9.15073,-1.0,0.26315,0.0,0.0,1.0,1.0,0.0,0.0
15rey0oa3gbsr2vetmgn_0005,0.13513513513513514,5,37	-0.8126,0.26807,-0.19271,-1.31683,0.34259,0.73632,1.44873,0.65424,0.43742,0.1664,49.40689,90.33085,129.47631,328.20429,0.3,0.3,0.0,0.0,0.0,0.0,0.0,0.0,0.13513,0,0,20.13119,-0.44,0.18837,0.0,0.0,1.0,2.0,0.0,0.0
15rey0oa3gbsr2vetmgn_0048,0.13513513513513514,5,37	-0.8126,0.26807,-0.05724,-1.1002,1.29088,0.3128,1.44219,0.5222,0.4917,0.13193,49.65621,97.01638,40.16999,318.42953,0.3,0.3,0.0,0.0,0.0,0.0,0.0,0.0,0.13513,0,0,8.68854,-0.4,0.2884,0.0,0.0,1.0,0.0,0.0,0.0
15rey0oa3gbsr2vetmgn_0056,0.13513513513513514,5,37	-0.8126,0.26807,0.4728,-0.16524,1.24234,0.59559,1.38943,0.29145,0.43949,0.14343,46.2392,95.14334,140.80149,40.24815,0.3,0.3,0.0,0.0,0.0,0.0,0.0,0.0,0.13513,0,0,1.44185,-0.51999,0.90337,0.0,0.0,1.0,0.0,0.0,0.0
16gmq7zewmdfx4thab3b_0003,0.11428571428571428,4,35	-0.8126,0.26807,1.17506,-0.27253,-0.23052,-0.12747,0.84404,0.81861,0.47654,0.14108,47.63919,98.28805,224.55518,212.68609,0.3,0.3,0.0,0.0,0.0,0.0,0.0,0.0,0.11428,0,0,5.5738,-2.31999,0.37109,0.0,0.0,1.0,0.0,0.0,0.0
15rey0oa3gbsr2vetmgn_0052,0.11428571428571428,4,35	-0.8126,0.26807,0.02805,-1.3282,0.37198,-0.46161,1.31936,0.62903,0.50232,0.13406,46.29482,91.60629,227.69815,138.68926,0.3,0.3,0.0,0.0,0.0,0.0,0.0,0.0,0.11428,0,0,11.7898,-0.42,0.24517,0.0,0.0,1.0,0.0,0.0,0.0
15rey0oa3gbsr2vetmgn_0055,0.11428571428571428,4,35	-0.8126,0.26807,-0.33855,-0.37624,0.71529,0.59559,1.04233,0.56965,0.42615,0.12711,53.04901,93.63757,129.15079,324.34233,0.3,0.3,0.0,0.0,0.0,0.0,0.0,0.0,0.11428,0,0,10.76767,-0.65999,0.25555,0.0,0.0,1.0,0.0,0.0,0.0
519ipef2iv7kly40kfy_0001,0.1111111111111111,4,36	-0.8126,0.26807,0.5047,-1.30553,0.42451,0.0517,1.16566,0.57235,0.45807,0.12529,59.07769,94.1703,233.79267,153.70999,0.3,0.3,0.0,0.0,0.0,0.0,0.0,0.0,0.11111,0,0,17.0712,-0.51999,0.19088,0.0,0.0,1.0,2.0,0.0,0.0
519ipef2iv7kly40kfy_0012,0.1111111111111111,4,36	-0.8126,0.26807,1.2714,-0.40685,0.29311,-0.24866,1.47965,0.38105,0.44974,0.17686,43.13718,88.18953,49.36432,32.68498,0.3,0.3,0.0,0.0,0.0,0.0,0.0,0.0,0.11111,0,0,79.36645,-1.02,0.08552,0.0,0.0,1.0,0.0,0.0,0.0
519ipef2iv7kly40kfy_0026,0.1111111111111111,4,36	-0.8126,0.26807,0.37967,-1.13239,0.47917,0.40064,0.42796,0.50476,0.46474,0.14885,50.51878,89.73426,48.9274,137.51357,0.3,0.3,0.0,0.0,0.0,0.0,0.0,0.0,0.11111,0,0,21.51417,-0.55999,0.13829,0.0,0.0,0.0,0.0,0.0,0.0
1cygs70a5p7uydqh06fw_0016,0.1111111111111111,4,36	-0.8126,0.26807,0.36794,0.14378,0.36907,-0.29905,0.92148,0.23465,0.42025,0.17381,49.51271,96.13849,314.32036,140.74583,0.3,0.3,0.0,0.0,0.0,0.0,0.0,0.0,0.11111,0,0,8.90205,-1.18,0.26785,0.0,0.0,1.0,0.0,0.0,0.0
1cygs70a5p7uydqh06fw_0021,0.1111111111111111,4,36	-0.8126,0.26807,-0.03545,-0.22107,1.26982,0.11289,1.06836,0.95252,0.48894,0.17731,59.66902,104.1528,232.89685,215.47785,0.3,0.3,0.0,0.0,0.0,0.0,0.0,0.0,0.11111,0,0,3.35906,-0.59999,0.56289,0.0,0.0,1.0,0.0,0.0,0.0
1cygs70a5p7uydqh06fw_0029,0.1111111111111111,4,36	-0.8126,0.26807,1.0664,-0.06814,1.46068,-0.20062,1.46227,0.87086,0.508,0.17432,47.31636,94.7245,229.24185,325.54702,0.3,0.3,0.0,0.0,0.0,0.0,0.0,0.0,0.11111,0,0,0.7842,0.0,1.37039,0.0,0.0,1.0,0.0,0.0,0.0
46p9l9onaixa6n0f77x_0008,0.1111111111111111,4,36	-0.8126,0.26807,0.15102,0.07115,-0.78118,0.03842,0.77662,0.3932,0.41557,0.13619,50.75402,104.36132,232.07028,29.35726,0.3,0.3,0.0,0.0,0.0,0.0,0.0,0.0,0.11111,0,0,4.08496,-2.0,0.43333,0.0,0.0,0.0,0.0,0.0,0.0
4pfc1c7m03qfn8ngk39_0004,0.1111111111111111,4,36	-0.8126,0.26807,0.40136,0.11034,-0.99372,0.11187,0.77842,0.49566,0.43405,0.15182,57.16571,98.54313,312.87845,42.54518,0.3,0.3,0.0,0.0,0.0,0.0,0.0,0.0,0.11111,0,0,1.98376,-3.17999,0.6872,0.0,0.0,1.0,0.0,0.0,0.0
15rey0oa3gbsr2vetmgn_0071,0.1111111111111111,4,36	-0.8126,0.26807,0.08319,-0.0513,0.76462,0.73632,1.57328,0.29843,0.47517,0.12445,53.64963,87.7251,320.18013,221.04799,0.3,0.3,0.0,0.0,0.0,0.0,0.0,0.0,0.11111,0,0,8.02833,-0.78,0.33159,0.0,0.0,1.0,0.0,0.0,0.0
519ipef2iv7kly40kfy_0023,0.10810810810810811,4,37	-0.8126,0.26807,0.47524,0.46914,-0.17414,0.0517,1.21867,0.43157,0.4335,0.13384,56.97517,95.19927,316.6902,29.01625,0.3,0.3,0.0,0.0,0.0,0.0,0.0,0.0,0.10810,0,0,11.05132,-1.4,0.25924,0.0,0.0,1.0,0.0,0.0,0.0
4xd750naowyt2mk4u1h_0005,0.10810810810810811,4,37	-0.8126,0.26807,0.33101,-1.22078,0.92802,-0.26177,1.062,0.4099,0.49649,0.151,47.20945,98.34388,311.59485,206.91386,0.3,0.3,0.0,0.0,0.0,0.0,0.0,0.0,0.10810,0,0,10.76871,-0.45999,0.2307,0.0,0.0,1.0,0.0,0.0,0.0
1cygs70a5p7uydqh06fw_0015,0.10810810810810811,4,37	-0.8126,0.26807,-0.34406,0.32544,0.77771,-0.29905,1.43975,0.79625,0.47185,0.11288,57.29721,91.35868,133.60399,138.34245,0.3,0.3,0.0,0.0,0.0,0.0,0.0,0.0,0.10810,0,0,5.37634,-0.96,0.44714,0.0,0.0,1.0,0.0,0.0,0.0
1cygs70a5p7uydqh06fw_0023,0.10810810810810811,4,37	-0.8126,0.26807,-0.03304,-0.23653,-1.34059,0.11289,0.91659,0.74791,0.47155,0.14263,44.70915,91.87276,217.4549,143.12462,0.3,0.3,0.0,0.0,0.0,0.0,0.0,0.0,0.10810,0,0,1.61071,0.0,0.86005,0.0,0.0,1.0,0.0,0.0,0.0
1cygs70a5p7uydqh06fw_0033,0.10810810810810811,4,37	-0.8126,0.26807,0.79334,-0.79389,0.37642,-0.20062,1.60624,0.44261,0.40731,0.147,46.91957,98.7433,229.38149,153.05097,0.3,0.3,0.0,0.0,0.0,0.0,0.0,0.0,0.10810,0,0,16.38622,-0.76,0.21111,0.0,0.0,1.0,0.0,0.0,0.0
1fa53i6wc6ydvbcny5l0_0000,0.10810810810810811,4,37	-0.8126,0.26807,-0.36067,-1.10922,0.42054,0.62102,1.27851,0.58928,0.40265,0.1388,67.0,107.0625,187.82608,134.16149,0.3,0.3,0.0,0.0,0.0,0.0,0.0,0.0,0.10810,0,0,10.97412,-0.55999,0.25896,0.0,1.0,1.0,2.0,0.0,0.0
1fa53i6wc6ydvbcny5l0_0002,0.10810810810810811,4,37	-0.8126,0.26807,0.29568,-0.45208,0.64083,0.62102,1.27851,0.54804,0.42707,0.1282,52.0,97.5,156.52173,245.96273,0.3,0.3,0.0,0.0,0.0,0.0,0.0,0.0,0.10810,0,0,5.96564,-0.8,0.38869,0.0,1.0,1.0,2.0,0.0,0.0
46p9l9onaixa6n0f77x_0004,0.10810810810810811,4,37	-0.8126,0.26807,1.30773,-0.51987,0.2069,-2.41697,0.76894,0.57897,0.43615,0.13918,58.02812,94.7935,220.95481,213.33934,0.3,0.3,0.0,0.0,0.0,0.0,0.0,0.0,0.10810,0,0,87.27941,-1.08,0.07395,0.0,0.0,0.0,0.0,0.0,0.0
1c7cee0ngw19jg7qbsnn_0000,0.10810810810810811,4,37	-0.8126,0.26807,0.48639,-0.98494,0.06531,0.3739,1.65976,0.54872,0.47946,0.16826,58.84049,94.43861,133.32884,207.16044,0.3,0.3,0.0,0.0,0.0,0.0,0.0,0.0,0.10810,0,0,27.11697,-0.57999,0.16473,0.0,0.0,1.0,1.0,0.0,0.0
4pfc1c7m03qfn8ngk39_0002,0.10810810810810811,4,37	-0.8126,0.26807,0.75687,-0.36642,-0.44088,0.11187,0.3479,0.88015,0.4007,0.12304,56.35449,105.30253,311.39207,40.24059,0.3,0.3,0.0,0.0,0.0,0.0,0.0,0.0,0.10810,0,0,5.54472,-1.18,0.34592,0.0,1.0,1.0,0.0,0.0,0.0
15rey0oa3gbsr2vetmgn_0033,0.10810810810810811,4,37	-0.8126,0.26807,0.22423,0.06928,1.04301,-0.38454,1.48652,0.20166,0.41145,0.14669,53.49568,87.8836,36.23147,316.24312,0.3,0.3,0.0,0.0,0.0,0.0,0.0,0.0,0.10810,0,0,2.97967,-0.84,0.58821,0.0,0.0,1.0,0.0,0.0,0.0
15rey0oa3gbsr2vetmgn_0051,0.10810810810810811,4,37	-0.8126,0.26807,1.25875,0.04405,0.66929,-0.46161,1.41965,0.64173,0.46624,0.16542,43.98208,103.49192,130.0592,333.34839,0.3,0.3,0.0,0.0,0.0,0.0,0.0,0.0,0.10810,0,0,1.92752,-2.97999,0.77122,0.0,0.0,1.0,0.0,0.0,0.0
15rey0oa3gbsr2vetmgn_0061,0.10810810810810811,4,37	-0.8126,0.26807,0.99116,-0.24295,1.32866,0.70105,1.37771,0.3523,0.45168,0.1386,57.69942,94.20478,233.64281,142.90319,0.3,0.3,0.0,0.0,0.0,0.0,0.0,0.0,0.10810,0,0,1.01092,-0.8,1.03883,0.0,0.0,1.0,0.0,0.0,0.0
4uctt29gmdarupm8uye_0004,0.10810810810810811,4,37	-0.8126,0.26807,0.43081,0.20505,0.28036,0.58246,1.48372,0.68723,0.37259,0.11112,53.6875,112.5,147.57763,194.53416,0.3,0.3,0.0,0.0,0.0,0.0,0.0,0.0,0.10810,0,0,13.77031,-0.86,0.24827,0.0,1.0,1.0,1.0,0.0,0.0
1cygs70a5p7uydqh06fw_0006,0.10526315789473684,4,38	-0.8126,0.26807,0.59958,-0.38419,1.34005,0.23878,1.41599,0.44754,0.42292,0.17212,49.05588,100.2174,130.0942,31.55684,0.3,0.3,0.0,0.0,0.0,0.0,0.0,0.0,0.10526,0,0,2.60997,-0.61999,0.58974,0.0,0.0,1.0,1.0,0.0,0.0
1apf745jckgogb8mbnfy_0006,0.08571428571428572,3,35	-0.8126,0.26807,0.19766,-0.54709,0.77655,-0.63123,0.73642,0.49016,0.38518,0.15706,60.31877,100.44759,233.84615,335.38461,0.3,0.3,0.0,0.0,0.0,0.0,0.0,0.0,0.08571,0,0,8.14454,-0.61999,0.27248,0.0,1.0,1.0,0.0,0.0,0.0
1fg6mvkpqgqhqr1w7nhr_0005,0.08571428571428572,3,35	-0.8126,0.26807,-0.22665,-0.68068,-0.64604,-0.29558,0.99714,0.72165,0.44855,0.17642,55.434,89.42586,48.84392,29.29254,0.3,0.3,0.0,0.0,0.0,0.0,0.0,0.0,0.08571,0,0,6.11226,-0.74,0.37389,0.0,0.0,1.0,0.0,0.0,0.0
4q0dou18cm3uvl7ev0i_0003,0.08571428571428572,3,35	-0.8126,0.26807,0.71418,-0.05102,0.32002,-0.33954,0.42599,0.72171,0.46796,0.1668,51.75636,92.33246,143.18435,328.14788,0.3,0.3,0.0,0.0,0.0,0.0,0.0,0.0,0.08571,0,0,22.39009,-1.2,0.1537,0.0,0.0,1.0,0.0,0.0,0.0
1ffeffoj4389mwygpmnf_0001,0.08571428571428572,3,35	-0.8126,0.26807,-0.226,-0.03291,0.86278,-0.45992,0.905,0.899,0.47812,0.1413,48.63302,89.58511,219.36238,139.71496,0.3,0.3,0.0,0.0,0.0,0.0,0.0,0.0,0.08571,0,0,5.64903,-0.92,0.40662,0.0,0.0,1.0,0.0,0.0,0.0
519ipef2iv7kly40kfy_0014,0.08333333333333333,3,36	-0.8126,0.26807,0.46461,-0.31902,1.52141,-0.52067,1.2631,0.39284,0.37899,0.16771,46.22715,103.54488,219.95842,214.69676,0.3,0.3,0.0,0.0,0.0,0.0,0.0,0.0,0.08333,0,0,1.65196,-0.49999,0.74509,0.0,0.0,1.0,0.0,0.0,0.0
4xd750naowyt2mk4u1h_0006,0.08333333333333333,3,36	-0.8126,0.26807,0.51776,-1.53512,1.14435,-0.26177,1.66058,0.60475,0.44676,0.13856,51.92377,93.67433,54.8418,224.1868,0.3,0.3,0.0,0.0,0.0,0.0,0.0,0.0,0.08333,0,0,12.59079,-0.38,0.23417,0.0,0.0,1.0,0.0,0.0,0.0
1apf745jckgogb8mbnfy_0003,0.08333333333333333,3,36	-0.8126,0.26807,0.37035,-0.01355,0.99437,-0.63123,1.35634,0.35359,0.44815,0.14461,58.02372,104.98104,39.75116,327.87913,0.3,0.3,0.0,0.0,0.0,0.0,0.0,0.0,0.08333,0,0,3.6032,-1.02,0.52551,0.0,0.0,1.0,1.0,0.0,0.0
16gmq7zewmdfx4thab3b_0000,0.08333333333333333,3,36	-0.8126,0.26807,1.22421,-0.77561,0.69272,-0.12747,0.39126,0.95983,0.50218,0.16132,45.65181,88.61184,219.66031,206.13103,0.3,0.3,0.0,0.0,0.0,0.0,0.0,0.0,0.08333,0,0,1.09704,-1.3,0.90118,0.0,0.0,1.0,1.0,0.0,0.0
1cygs70a5p7uydqh06fw_0007,0.08333333333333333,3,36	-0.8126,0.26807,0.91926,-0.78802,0.8503,-0.20062,1.57863,0.31171,0.50658,0.16038,61.61633,89.65917,220.0857,332.56134,0.3,0.3,0.0,0.0,0.0,0.0,0.0,0.0,0.08333,0,0,4.25145,-0.84,0.44143,0.0,0.0,1.0,1.0,0.0,0.0
1cygs70a5p7uydqh06fw_0009,0.08333333333333333,3,36	-0.8126,0.26807,0.29127,-0.77109,0.77348,0.23878,0.44079,0.82402,0.38449,0.12153,42.26362,103.615,46.1074,206.28431,0.3,0.3,0.0,0.0,0.0,0.0,0.0,0.0,0.08333,0,0,9.59639,-0.59999,0.24761,0.0,0.0,1.0,1.0,0.0,0.0
1cygs70a5p7uydqh06fw_0035,0.08333333333333333,3,36	-0.8126,0.26807,0.48981,0.12436,-1.16968,0.57621,1.40866,0.44356,0.48013,0.13472,53.33092,94.84001,124.71561,210.26785,0.3,0.3,0.0,0.0,0.0,0.0,0.0,0.0,0.08333,0,0,2.41031,-2.65999,0.68064,0.0,0.0,1.0,0.0,0.0,0.0
1fg6mvkpqgqhqr1w7nhr_0004,0.08333333333333333,3,36	-0.8126,0.26807,0.12139,0.41257,0.93701,-0.29558,0.71628,0.8074,0.38792,0.15231,57.57423,89.91187,322.17266,210.87798,0.3,0.3,0.0,0.0,0.0,0.0,0.0,0.0,0.08333,0,0,1.63848,0.0,0.86817,0.0,0.0,1.0,0.0,0.0,0.0
4q0dou18cm3uvl7ev0i_0005,0.08333333333333333,3,36	-0.8126,0.26807,-0.06381,-1.08807,-1.16962,-0.33954,0.42191,0.72719,0.4009,0.14788,59.24987,91.23428,134.59185,153.24648,0.3,0.3,0.0,0.0,0.0,0.0,0.0,0.0,0.08333,0,0,1.25356,-0.32,0.72948,0.0,0.0,1.0,0.0,0.0,0.0
i1c8he0gn6phjtm52g_0000,0.08333333333333333,3,36	-0.8126,0.26807,-0.0019,-1.36209,-0.99402,0.51076,1.64454,0.32527,0.46407,0.1525,51.44905,103.40192,134.53565,317.53917,0.3,0.3,0.0,0.0,0.0,0.0,0.0,0.0,0.08333,0,0,2.97581,-0.42,0.55536,0.0,0.0,0.0,0.0,0.0,0.0
54l959ufwriw07f45dl_0002,0.08333333333333333,3,36	-0.8126,0.26807,1.42974,-0.86279,0.02002,-0.19504,0.33004,0.20945,0.4947,0.15293,58.81685,93.0,235.38311,317.51552,0.3,0.3,0.0,0.0,0.0,0.0,0.0,0.0,0.08333,0,0,1.19877,-1.38,0.55511,0.0,1.0,0.0,0.0,0.0,0.0
4lc062p4n8hiae2jfii_0001,0.08333333333333333,3,36	-0.8126,0.26807,0.58559,-1.14719,-1.27825,0.76082,1.27952,0.85701,0.46618,0.15079,58.63373,103.77941,304.35147,323.99579,0.3,0.3,0.0,0.0,0.0,0.0,0.0,0.0,0.08333,0,0,1.69763,-0.42,0.75832,0.0,0.0,0.0,0.0,0.0,0.0
1c7cee0ngw19jg7qbsnn_0003,0.08333333333333333,3,36	-0.8126,0.26807,1.11143,0.31034,-0.04243,0.3739,0.6908,0.33952,0.48716,0.17649,51.88719,97.91107,47.79382,216.08926,0.3,0.3,0.0,0.0,0.0,0.0,0.0,0.0,0.08333,0,0,2.77169,-2.09999,0.49536,0.0,0.0,1.0,0.0,0.0,0.0
15rey0oa3gbsr2vetmgn_0002,0.08333333333333333,3,36	-0.8126,0.26807,0.40222,-1.54621,-0.36873,0.73632,1.55172,0.87101,0.40691,0.11248,60.13024,99.45831,233.76006,152.14502,0.3,0.3,0.0,0.0,0.0,0.0,0.0,0.0,0.08333,0,0,8.2438,-0.45999,0.32299,0.0,0.0,1.0,3.0,0.0,0.0
15rey0oa3gbsr2vetmgn_0017,0.08333333333333333,3,36	-0.8126,0.26807,0.29332,-1.12361,-0.42458,0.59559,1.10541,0.86653,0.47499,0.124,46.78775,87.51919,132.7674,207.01059,0.3,0.3,0.0,0.0,0.0,0.0,0.0,0.0,0.08333,0,0,6.69777,-0.59999,0.35785,0.0,0.0,1.0,1.0,0.0,0.0
15rey0oa3gbsr2vetmgn_0042,0.08333333333333333,3,36	-0.8126,0.26807,1.11532,-0.04246,0.04097,0.04581,1.35458,0.63017,0.44587,0.16768,49.17583,92.48523,323.2144,319.53958,0.3,0.3,0.0,0.0,0.0,0.0,0.0,0.0,0.08333,0,0,39.87746,-1.08,0.12728,0.0,0.0,1.0,0.0,0.0,0.0
15rey0oa3gbsr2vetmgn_0062,0.08333333333333333,3,36	-0.8126,0.26807,-0.29876,0.36188,0.7442,0.70105,1.10109,0.42116,0.40074,0.15734,58.50926,89.99826,38.14439,143.84547,0.3,0.3,0.0,0.0,0.0,0.0,0.0,0.0,0.08333,0,0,3.49372,-1.9,0.51851,0.0,0.0,1.0,0.0,0.0,0.0
15rey0oa3gbsr2vetmgn_0067,0.08333333333333333,3,36	-0.8126,0.26807,-0.10495,-0.40928,1.17402,0.3702,1.41832,0.88205,0.4487,0.14799,45.18666,92.72605,306.0892,147.86667,0.3,0.3,0.0,0.0,0.0,0.0,0.0,0.0,0.08333,0,0,6.21836,-0.57999,0.40079,0.0,0.0,1.0,0.0,0.0,0.0
15rey0oa3gbsr2vetmgn_0080,0.08333333333333333,3,36	-0.8126,0.26807,0.56605,-0.92179,0.26659,0.68795,0.65833,0.38237,0.50756,0.12964,46.20462,89.48542,222.11226,37.46015,0.3,0.3,0.0,0.0,0.0,0.0,0.0,0.0,0.08333,0,0,2.00446,-0.9,0.59394,0.0,0.0,0.0,0.0,0.0,0.0
1rq7wiontv407dm6wn_0001,0.08333333333333333,3,36	-0.8126,0.26807,-0.16546,-0.3283,0.76269,-0.21993,0.81367,0.15969,0.44799,0.13712,51.17905,93.96522,228.06486,321.85649,0.3,0.3,0.0,0.0,0.0,0.0,0.0,0.0,0.08333,0,0,4.47252,-0.78,0.36844,0.0,0.0,0.0,0.0,0.0,0.0
5bkaj0cdmi66lcv82jl_0000,0.08333333333333333,3,36	-0.8126,0.26807,0.27297,-0.43225,0.31898,-0.52002,0.59473,0.30194,0.43337,0.16092,45.12944,102.31338,226.43301,44.00244,0.3,0.3,0.0,0.0,0.0,0.0,0.0,0.0,0.08333,0,0,3.7212,-1.1,0.41559,0.0,0.0,1.0,1.0,0.0,0.0
519ipef2iv7kly40kfy_0002,0.08108108108108109,3,37	-0.8126,0.26807,-0.20701,0.20623,-0.68738,0.0517,0.48806,0.61457,0.48659,0.16525,45.68335,101.96575,131.70675,144.02788,0.3,0.3,0.0,0.0,0.0,0.0,0.0,0.0,0.08108,0,0,2.51073,-2.57999,0.57552,0.0,0.0,1.0,2.0,0.0,0.0
519ipef2iv7kly40kfy_0025,0.08108108108108109,3,37	-0.8126,0.26807,0.67186,-1.19673,1.08435,0.61793,1.48033,0.4407,0.4914,0.1411,48.78784,104.32148,48.17842,323.66561,0.3,0.3,0.0,0.0,0.0,0.0,0.0,0.0,0.08108,0,0,5.65817,-0.51999,0.35686,0.0,0.0,0.0,0.0,0.0,0.0
1cygs70a5p7uydqh06fw_0010,0.08108108108108109,3,37	-0.8126,0.26807,0.21668,-1.07542,0.85974,0.23878,1.32887,0.64556,0.50855,0.15427,52.72874,97.74854,54.59064,152.29795,0.3,0.3,0.0,0.0,0.0,0.0,0.0,0.0,0.08108,0,0,33.29298,-0.42,0.13928,0.0,0.0,1.0,1.0,0.0,0.0
1cygs70a5p7uydqh06fw_0019,0.08108108108108109,3,37	-0.8126,0.26807,1.28772,-1.12641,-1.38258,0.11289,0.90483,0.81879,0.49417,0.17901,49.45075,100.00418,315.45311,33.80873,0.3,0.3,0.0,0.0,0.0,0.0,0.0,0.0,0.08108,0,0,0.49288,-0.47999,1.32357,0.0,0.0,1.0,0.0,0.0,0.0
1cygs70a5p7uydqh06fw_0027,0.08108108108108109,3,37	-0.8126,0.26807,0.42634,0.54325,0.69889,0.23878,0.53575,0.50257,0.44095,0.17553,42.6043,105.81786,40.5296,322.60376,0.3,0.3,0.0,0.0,0.0,0.0,0.0,0.0,0.08108,0,0,1.8701,-3.51999,0.66456,0.0,0.0,1.0,0.0,0.0,0.0
54l959ufwriw07f45dl_0000,0.08108108108108109,3,37	-0.8126,0.26807,1.42974,-0.86279,0.02002,-0.19504,0.90228,0.18203,0.4947,0.15293,58.81685,93.0,235.38311,317.51552,0.3,0.3,0.0,0.0,0.0,0.0,0.0,0.0,0.08108,0,0,3.25536,-1.26,0.41199,0.0,1.0,0.0,1.0,0.0,0.0
15rey0oa3gbsr2vetmgn_0001,0.08108108108108109,3,37	-0.8126,0.26807,1.07277,-1.42979,-0.2973,0.73632,0.83854,0.73036,0.47718,0.14853,57.41061,98.37832,219.20631,318.07435,0.3,0.3,0.0,0.0,0.0,0.0,0.0,0.0,0.08108,0,0,1.80025,-0.76,0.63756,0.0,0.0,1.0,3.0,0.0,0.0
15rey0oa3gbsr2vetmgn_0036,0.08108108108108109,3,37	-0.8126,0.26807,0.00288,0.14677,-1.00531,-0.48392,1.2469,0.4003,0.37908,0.14519,51.0839,90.43413,130.20784,36.06682,0.3,0.3,0.0,0.0,0.0,0.0,0.0,0.0,0.08108,0,0,2.96359,-2.51999,0.58066,0.0,0.0,1.0,0.0,0.0,0.0
1rq7wiontv407dm6wn_0004,0.08108108108108109,3,37	-0.8126,0.26807,-0.07423,-0.50732,0.58202,-0.0448,1.33692,0.42682,0.44013,0.17128,59.24484,91.03448,228.69935,139.39133,0.3,0.3,0.0,0.0,0.0,0.0,0.0,0.0,0.08108,0,0,21.37557,-0.59999,0.18082,0.0,0.0,0.0,0.0,0.0,0.0
4q0dou18cm3uvl7ev0i_0004,0.05714285714285714,2,35	-0.8126,0.26807,-0.20643,-1.52839,0.54245,-0.33954,1.12383,0.67433,0.50695,0.12931,54.81219,90.70612,53.87405,318.62735,0.3,0.3,0.0,0.0,0.0,0.0,0.0,0.0,0.05714,0,0,2582.1667,-0.36,0.0143,0.0,0.0,1.0,0.0,0.0,0.0
1c7cee0ngw19jg7qbsnn_0001,0.05714285714285714,2,35	-0.8126,0.26807,-0.16851,-0.31706,-1.12334,0.3739,0.48042,0.66737,0.49441,0.1187,50.45888,96.80224,318.66731,218.59201,0.3,0.3,0.0,0.0,0.0,0.0,0.0,0.0,0.05714,0,0,1.25733,0.0,0.87212,0.0,0.0,1.0,1.0,0.0,0.0
15rey0oa3gbsr2vetmgn_0043,0.05714285714285714,2,35	-0.8126,0.26807,0.47651,0.35878,0.0794,0.04581,1.27454,0.74162,0.42596,0.13976,61.03672,103.9849,313.58866,216.59692,0.3,0.3,0.0,0.0,0.0,0.0,0.0,0.0,0.05714,0,0,6.11474,-1.08,0.39521,0.0,0.0,1.0,0.0,0.0,0.0
519ipef2iv7kly40kfy_0016,0.05555555555555555,2,36	-0.8126,0.26807,0.38009,-1.26138,-0.51309,-0.52067,0.33767,0.27169,0.37943,0.14103,53.65137,101.3563,42.84455,29.51516,0.3,0.3,0.0,0.0,0.0,0.0,0.0,0.0,0.05555,0,0,0.55871,-0.3,0.82692,0.0,0.0,1.0,0.0,0.0,0.0
519ipef2iv7kly40kfy_0027,0.05555555555555555,2,36	-0.8126,0.26807,0.46331,-1.4197,-0.52828,0.40064,1.29184,0.72472,0.44766,0.15203,55.90254,103.54008,235.29167,34.81839,0.3,0.3,0.0,0.0,0.0,0.0,0.0,0.0,0.05555,0,0,5.99618,-0.49999,0.36086,0.0,0.0,0.0,0.0,0.0,0.0
1apf745jckgogb8mbnfy_0005,0.05555555555555555,2,36	-0.8126,0.26807,0.37035,-0.8391,0.49671,-0.63123,0.86585,0.57301,0.44815,0.14461,58.02372,104.98104,39.75116,327.87913,0.3,0.3,0.0,0.0,0.0,0.0,0.0,0.0,0.05555,0,0,14.90964,-0.63999,0.20281,0.0,1.0,1.0,0.0,0.0,0.0
1cygs70a5p7uydqh06fw_0000,0.05555555555555555,2,36	-0.8126,0.26807,0.83361,-1.07111,-0.00489,0.23878,1.47206,0.30849,0.45888,0.14163,46.94343,94.36514,235.87314,221.48106,0.3,0.3,0.0,0.0,0.0,0.0,0.0,0.0,0.05555,0,0,6.2553,-0.82,0.34783,0.0,0.0,1.0,2.0,0.0,0.0
4ujjzibhv7b3b6ydh4z_0002,0.05555555555555555,2,36	-0.8126,0.26807,0.73087,-1.39908,-1.00919,-0.46401,1.48938,0.57843,0.49561,0.15981,61.62977,91.06767,307.36958,225.21295,0.3,0.3,0.0,0.0,0.0,0.0,0.0,0.0,0.05555,0,0,1.84974,-0.51999,0.70133,0.0,0.0,0.0,0.0,0.0,0.0
15rey0oa3gbsr2vetmgn_0007,0.05555555555555555,2,36	-0.8126,0.26807,1.02341,-1.59557,0.36329,0.73632,1.16732,0.63792,0.42809,0.14945,49.96575,94.42061,218.51824,153.88561,0.3,0.3,0.0,0.0,0.0,0.0,0.0,0.0,0.05555,0,0,3.28745,-0.63999,0.46103,0.0,0.0,1.0,2.0,0.0,0.0
15rey0oa3gbsr2vetmgn_0027,0.05555555555555555,2,36	-0.8126,0.26807,0.72347,-0.19558,-1.01765,0.73632,0.70295,0.81057,0.42411,0.12837,42.46234,100.1488,304.65255,147.85133,0.3,0.3,0.0,0.0,0.0,0.0,0.0,0.0,0.05555,0,0,0.97695,0.0,1.13088,0.0,0.0,1.0,1.0,0.0,0.0
15rey0oa3gbsr2vetmgn_0046,0.05555555555555555,2,36	-0.8126,0.26807,-0.09489,0.53727,-1.13711,0.3128,1.33276,0.18304,0.50028,0.13163,47.59627,92.13554,141.59093,315.2565,0.3,0.3,0.0,0.0,0.0,0.0,0.0,0.0,0.05555,0,0,3.89179,-3.81999,0.4508,0.0,0.0,1.0,0.0,0.0,0.0
15rey0oa3gbsr2vetmgn_0064,0.05555555555555555,2,36	-0.8126,0.26807,1.15907,0.50541,0.47637,0.70105,0.84083,0.84714,0.4557,0.13916,48.34397,100.11196,51.75266,323.36545,0.3,0.3,0.0,0.0,0.0,0.0,0.0,0.0,0.05555,0,0,1.97236,-3.33999,0.70866,0.0,0.0,1.0,0.0,0.0,0.0
15rey0oa3gbsr2vetmgn_0065,0.05555555555555555,2,36	-0.8126,0.26807,0.68174,-0.97133,1.30976,0.3702,0.96656,0.28433,0.44699,0.15677,57.711,90.64692,50.48344,322.71818,0.3,0.3,0.0,0.0,0.0,0.0,0.0,0.0,0.05555,0,0,2.12874,-0.53999,0.51975,0.0,0.0,1.0,0.0,0.0,0.0
15rey0oa3gbsr2vetmgn_0075,0.05555555555555555,2,36	-0.8126,0.26807,0.94471,-0.77999,-1.2976,0.68795,0.62839,0.58494,0.44206,0.12513,53.54785,94.67807,234.90759,316.23789,0.3,0.3,0.0,0.0,0.0,0.0,0.0,0.0,0.05555,0,0,0.50539,-0.18,1.25196,0.0,0.0,1.0,0.0,0.0,0.0
15rey0oa3gbsr2vetmgn_0076,0.05555555555555555,2,36	-0.8126,0.26807,1.001,-1.5031,-0.6562,0.68795,0.96703,0.69737,0.46103,0.15601,51.63598,93.08878,53.32489,206.50303,0.3,0.3,0.0,0.0,0.0,0.0,0.0,0.0,0.05555,0,0,1.16925,-0.63999,0.83421,0.0,0.0,1.0,0.0,0.0,0.0
15rey0oa3gbsr2vetmgn_0078,0.05555555555555555,2,36	-0.8126,0.26807,1.19918,-1.31297,-0.18641,0.68795,0.47484,0.69672,0.5059,0.16776,51.71189,90.30101,143.94463,215.30768,0.3,0.3,0.0,0.0,0.0,0.0,0.0,0.0,0.05555,0,0,0.74534,-0.9,0.98767,0.0,0.0,1.0,0.0,0.0,0.0
15wyt9urwmigce7tdwb4_0000,0.05555555555555555,2,36	-0.8126,0.26807,0.4565,0.25678,0.98985,0.46874,1.42401,0.87053,0.48417,0.14775,57.94153,99.5029,131.64238,206.04048,0.3,0.3,0.0,0.0,0.0,0.0,0.0,0.0,0.05555,0,0,3.37425,-1.56,0.60209,0.0,0.0,0.0,0.0,0.0,0.0
5bkaj0cdmi66lcv82jl_0002,0.05555555555555555,2,36	-0.8126,0.26807,0.33807,-0.66227,0.80382,-0.52002,0.50849,0.7013,0.40249,0.16522,46.16744,101.73086,139.26551,325.40587,0.3,0.3,0.0,0.0,0.0,0.0,0.0,0.0,0.05555,0,0,9.4399,-0.63999,0.24605,0.0,0.0,1.0,0.0,0.0,0.0
519ipef2iv7kly40kfy_0010,0.05405405405405406,2,37	-0.8126,0.26807,1.03138,0.00282,-1.25352,-0.24866,1.24372,0.37371,0.39067,0.11317,52.94821,98.73391,127.67356,219.36451,0.3,0.3,0.0,0.0,0.0,0.0,0.0,0.0,0.05405,0,0,0.70901,0.0,1.34733,0.0,0.0,1.0,0.0,0.0,0.0
519ipef2iv7kly40kfy_0017,0.05405405405405406,2,37	-0.8126,0.26807,1.0328,-0.68153,0.20174,-0.52067,0.82573,0.28396,0.49483,0.17229,54.85797,101.12615,41.74979,150.07817,0.3,0.3,0.0,0.0,0.0,0.0,0.0,0.0,0.05405,0,0,2.91677,-1.5,0.4845,0.0,0.0,1.0,0.0,0.0,0.0
519ipef2iv7kly40kfy_0021,0.05405405405405406,2,37	-0.8126,0.26807,0.35396,-0.2495,0.79187,0.0517,1.34092,0.15879,0.37118,0.11389,60.79762,93.16613,46.78481,321.66025,0.3,0.3,0.0,0.0,0.0,0.0,0.0,0.0,0.05405,0,0,7.26817,-0.84,0.32182,0.0,0.0,1.0,0.0,0.0,0.0
1apf745jckgogb8mbnfy_0007,0.05405405405405406,2,37	-0.8126,0.26807,-0.32682,-1.31464,1.58843,-0.63123,0.49493,0.3962,0.40669,0.14092,50.15066,95.83882,142.57815,39.94273,0.3,0.3,0.0,0.0,0.0,0.0,0.0,0.0,0.05405,0,0,2.04488,-0.36,0.4246,0.0,0.0,1.0,0.0,0.0,0.0
1apf745jckgogb8mbnfy_0008,0.05405405405405406,2,37	-0.8126,0.26807,0.17948,-0.41016,0.80852,0.02291,0.67161,0.7795,0.47397,0.1772,49.1103,104.63545,218.10392,145.3777,0.3,0.3,0.0,0.0,0.0,0.0,0.0,0.0,0.05405,0,0,6.48346,-0.72,0.33972,0.0,0.0,0.0,0.0,0.0,0.0
1cygs70a5p7uydqh06fw_0031,0.05405405405405406,2,37	-0.8126,0.26807,0.72849,0.42482,1.07749,-0.20062,0.50769,0.68199,0.40395,0.17225,56.94539,87.70491,232.80243,39.94736,0.3,0.3,0.0,0.0,0.0,0.0,0.0,0.0,0.05405,0,0,0.80126,-0.44,1.0424,0.0,0.0,1.0,0.0,0.0,0.0
19ztxzx6ktxl3i4y9g6l_0001,0.05405405405405406,2,37	-0.8126,0.26807,0.2191,0.47689,4.35549,-0.4071,1.50188,0.45272,0.49332,0.12448,61.52046,102.7563,126.60037,320.51297,0.3,0.3,0.0,0.0,0.0,0.0,0.0,0.0,0.05405,0,0,128.90308,-2.85999,0.07098,0.0,0.0,1.0,1.0,0.0,0.0
46w9exa7n5boq3ryo5d_0002,0.05405405405405406,2,37	-0.8126,0.26807,1.23846,-0.20565,-0.22028,0.58246,1.20155,0.43978,0.48531,0.07637,51.625,86.4375,239.25465,0.0,0.3,0.3,0.0,0.0,0.0,0.0,0.0,0.0,0.05405,0,0,20.378,-1.68,0.17468,0.0,1.0,0.0,0.0,0.0,0.0
15rey0oa3gbsr2vetmgn_0000,0.05405405405405406,2,37	-0.8126,0.26807,0.48738,0.28739,-1.13595,0.73632,1.05988,0.71458,0.46559,0.13593,45.59872,95.7958,139.16618,316.42756,0.3,0.3,0.0,0.0,0.0,0.0,0.0,0.0,0.05405,0,0,2.46472,-2.99999,0.64894,0.0,0.0,1.0,3.0,0.0,0.0
15rey0oa3gbsr2vetmgn_0026,0.05405405405405406,2,37	-0.8126,0.26807,0.44829,-1.48601,0.30761,0.59559,0.33393,0.64908,0.4548,0.14674,47.58334,93.85043,220.15322,37.73436,0.3,0.3,0.0,0.0,0.0,0.0,0.0,0.0,0.05405,0,0,2.51624,-0.53999,0.44472,0.0,0.0,1.0,1.0,0.0,0.0
15rey0oa3gbsr2vetmgn_0028,0.05405405405405406,2,37	-0.8126,0.26807,1.14715,-0.51928,-0.71716,0.73632,1.24917,0.76467,0.44268,0.15603,61.198,106.15066,218.13344,316.75553,0.3,0.3,0.0,0.0,0.0,0.0,0.0,0.0,0.05405,0,0,2.61414,-1.08,0.60511,0.0,0.0,1.0,1.0,0.0,0.0
15rey0oa3gbsr2vetmgn_0029,0.05405405405405406,2,37	-0.8126,0.26807,-0.31128,0.49404,0.21128,0.68795,1.07417,0.2664,0.40287,0.1469,44.42389,95.04156,55.41952,223.71383,0.3,0.3,0.0,0.0,0.0,0.0,0.0,0.0,0.05405,0,0,8.94231,-2.25999,0.27209,0.0,0.0,1.0,1.0,0.0,0.0
15rey0oa3gbsr2vetmgn_0037,0.05405405405405406,2,37	-0.8126,0.26807,-0.03432,-0.29104,-0.88562,-0.48392,0.94251,0.69297,0.44716,0.10731,45.81412,94.18177,134.88942,323.56419,0.3,0.3,0.0,0.0,0.0,0.0,0.0,0.0,0.05405,0,0,2.61336,-1.36,0.66049,0.0,0.0,1.0,0.0,0.0,0.0
15rey0oa3gbsr2vetmgn_0039,0.05405405405405406,2,37	-0.8126,0.26807,0.4216,-0.81403,0.42669,-0.48392,1.58804,0.40353,0.37631,0.16192,48.88829,102.42026,53.26289,35.74958,0.3,0.3,0.0,0.0,0.0,0.0,0.0,0.0,0.05405,0,0,232.24593,-0.51999,0.05135,0.0,0.0,1.0,0.0,0.0,0.0
4pfc1c7m03qfn8ngk39_0003,0.05263157894736842,2,38	-0.8126,0.26807,0.40136,0.11034,-0.99372,0.11187,0.77842,0.49566,0.43405,0.15182,57.16571,98.54313,312.87845,222.54518,0.3,0.3,0.0,0.0,0.0,0.0,0.0,0.0,0.05263,0,0,1.98376,-3.17999,0.6872,0.0,1.0,1.0,0.0,0.0,0.0
519ipef2iv7kly40kfy_0008,0.02857142857142857,1,35	-0.8126,0.26807,0.27525,-0.1006,0.79646,0.0517,1.4221,0.61342,0.44249,0.13063,60.43382,100.84551,309.04279,135.96751,0.3,0.3,0.0,0.0,0.0,0.0,0.0,0.0,0.02857,0,0,7.88727,-0.7,0.33791,0.0,0.0,1.0,1.0,0.0,0.0
519ipef2iv7kly40kfy_0015,0.02857142857142857,1,35	-0.8126,0.26807,0.25871,-1.26781,0.59977,-0.52067,1.06062,0.67405,0.41739,0.14272,42.17866,96.93339,235.20842,35.46373,0.3,0.3,0.0,0.0,0.0,0.0,0.0,0.0,0.02857,0,0,12.58079,-0.45999,0.2285,0.0,0.0,1.0,0.0,0.0,0.0
1cygs70a5p7uydqh06fw_0001,0.02857142857142857,1,35	-0.8126,0.26807,0.62763,-0.15466,0.49074,0.23878,1.29882,0.28815,0.45737,0.15215,50.53447,89.95429,322.43978,224.60386,0.3,0.3,0.0,0.0,0.0,0.0,0.0,0.0,0.02857,0,0,14.61988,-1.06,0.21581,0.0,0.0,1.0,2.0,0.0,0.0
1fg6mvkpqgqhqr1w7nhr_0002,0.02857142857142857,1,35	-0.8126,0.26807,0.12139,0.41257,0.93701,-0.29558,1.48922,0.80236,0.45471,0.15117,57.57423,89.91187,142.17266,30.87798,0.3,0.3,0.0,0.0,0.0,0.0,0.0,0.0,0.02857,0,0,3.62133,-1.44,0.58865,0.0,1.0,1.0,0.0,0.0,0.0
19ztxzx6ktxl3i4y9g6l_0005,0.02857142857142857,1,35	-0.8126,0.26807,0.3948,-0.67475,-0.02833,-0.4071,1.63327,0.89598,0.47803,0.17168,45.95448,97.26746,222.52424,334.27722,0.3,0.3,0.0,0.0,0.0,0.0,0.0,0.0,0.02857,0,0,10.14756,-0.76,0.31105,0.0,0.0,1.0,0.0,0.0,0.0
15rey0oa3gbsr2vetmgn_0069,0.02857142857142857,1,35	-0.8126,0.26807,1.42062,0.38064,1.02693,0.3702,1.23836,0.40338,0.39824,0.15657,54.14945,106.58331,42.86765,32.84022,0.3,0.3,0.0,0.0,0.0,0.0,0.0,0.0,0.02857,0,0,0.53499,-0.59999,1.61882,0.0,0.0,1.0,0.0,0.0,0.0
519ipef2iv7kly40kfy_0003,0.027777777777777776,1,36	-0.8126,0.26807,0.93669,-1.1801,0.2836,0.0517,1.14257,0.52008,0.4491,0.16688,56.15397,94.17054,219.30235,45.22543,0.3,0.3,0.0,0.0,0.0,0.0,0.0,0.0,0.02777,0,0,7.36838,-0.74,0.29773,0.0,0.0,1.0,1.0,0.0,0.0
519ipef2iv7kly40kfy_0007,0.027777777777777776,1,36	-0.8126,0.26807,0.20036,0.40166,0.49004,0.0517,0.63034,0.7537,0.49183,0.17098,59.00374,96.78195,225.21703,217.8896,0.3,0.3,0.0,0.0,0.0,0.0,0.0,0.0,0.02777,0,0,6.70959,-1.64,0.33509,0.0,0.0,1.0,1.0,0.0,0.0
1apf745jckgogb8mbnfy_0001,0.027777777777777776,1,36	-0.8126,0.26807,0.19766,-0.54709,0.77655,-0.63123,0.93056,0.73509,0.38518,0.15706,60.31877,100.44759,233.84615,335.38461,0.3,0.3,0.0,0.0,0.0,0.0,0.0,0.0,0.02777,0,0,13.05681,-0.57999,0.23046,0.0,1.0,1.0,1.0,0.0,0.0
1cygs70a5p7uydqh06fw_0011,0.027777777777777776,1,36	-0.8126,0.26807,0.59088,-1.3614,0.24854,0.23878,1.44473,0.92378,0.45221,0.10831,49.95638,96.39222,42.4084,148.26737,0.3,0.3,0.0,0.0,0.0,0.0,0.0,0.0,0.02777,0,0,7.18205,-0.57999,0.35082,0.0,0.0,1.0,1.0,0.0,0.0
1cygs70a5p7uydqh06fw_0039,0.027777777777777776,1,36	-0.8126,0.26807,0.94556,-1.06083,0.34477,-0.49085,0.84661,0.88457,0.39929,0.17356,49.1549,104.51671,223.81718,32.79498,0.3,0.3,0.0,0.0,0.0,0.0,0.0,0.0,0.02777,0,0,4.56605,-0.88,0.40941,0.0,0.0,0.0,0.0,0.0,0.0
1fa53i6wc6ydvbcny5l0_0004,0.027777777777777776,1,36	-0.8126,0.26807,-0.36067,-0.76696,0.78101,0.62102,1.53503,0.87281,0.42707,0.15706,62.875,92.4375,147.57763,138.63354,0.3,0.3,0.0,0.0,0.0,0.0,0.0,0.0,0.02777,0,0,11.77001,-0.55999,0.27438,0.0,1.0,1.0,1.0,0.0,0.0
46p9l9onaixa6n0f77x_0002,0.027777777777777776,1,36	-0.8126,0.26807,0.60275,0.06731,-0.43703,-0.57201,0.55667,0.36626,0.42819,0.1717,54.68522,89.61621,320.78909,37.19075,0.3,0.3,0.0,0.0,0.0,0.0,0.0,0.0,0.02777,0,0,8.8785,-2.07999,0.24608,0.0,0.0,0.0,0.0,0.0,0.0
46p9l9onaixa6n0f77x_0009,0.027777777777777776,1,36	-0.8126,0.26807,0.4002,-0.97491,0.26741,-0.35446,0.65524,0.39306,0.47941,0.11316,45.87221,90.78426,221.75972,33.04486,0.3,0.3,0.0,0.0,0.0,0.0,0.0,0.0,0.02777,0,0,5.59449,-0.72,0.31809,0.0,0.0,0.0,0.0,0.0,0.0
46w9exa7n5boq3ryo5d_0000,0.027777777777777776,1,36	-0.8126,0.26807,1.23846,-0.20565,-0.22028,0.58246,1.20155,0.43978,0.48531,0.07637,51.625,86.4375,239.25465,0.0,0.3,0.3,0.0,0.0,0.0,0.0,0.0,0.0,0.02777,0,0,20.378,-1.68,0.17468,0.0,1.0,0.0,0.0,0.0,0.0
1c7cee0ngw19jg7qbsnn_0002,0.027777777777777776,1,36	-0.8126,0.26807,0.91579,-0.17683,0.33957,0.3739,0.69742,0.87551,0.41077,0.14209,43.37336,87.54679,225.64121,217.4586,0.3,0.3,0.0,0.0,0.0,0.0,0.0,0.0,0.02777,0,0,22.19882,-0.94,0.1644,0.0,0.0,1.0,1.0,0.0,0.0
15rey0oa3gbsr2vetmgn_0004,0.027777777777777776,1,36	-0.8126,0.26807,0.34917,0.5027,-0.03317,0.73632,1.31615,0.44083,0.39202,0.1669,56.88957,97.73099,321.38577,143.82408,0.3,0.3,0.0,0.0,0.0,0.0,0.0,0.0,0.02777,0,0,146.99209,-1.28,0.06416,0.0,0.0,1.0,2.0,0.0,0.0
15rey0oa3gbsr2vetmgn_0006,0.027777777777777776,1,36	-0.8126,0.26807,0.41904,-0.36865,0.81283,0.73632,0.92937,0.16885,0.47308,0.10905,59.03217,107.05674,309.2099,322.60323,0.3,0.3,0.0,0.0,0.0,0.0,0.0,0.0,0.02777,0,0,4.76161,-0.84,0.36505,0.0,0.0,1.0,2.0,0.0,0.0
15rey0oa3gbsr2vetmgn_0015,0.027777777777777776,1,36	-0.8126,0.26807,-0.23533,-1.53886,-1.44514,0.04581,1.11695,0.9131,0.47871,0.1527,51.99468,89.02155,128.22971,140.62287,0.3,0.3,0.0,0.0,0.0,0.0,0.0,0.0,0.02777,0,0,1.52199,-0.24,0.76504,0.0,0.0,1.0,1.0,0.0,0.0
15rey0oa3gbsr2vetmgn_0016,0.027777777777777776,1,36	-0.8126,0.26807,0.31219,-0.27184,1.58688,0.04581,0.64695,0.40562,0.38176,0.1517,44.88076,99.46524,139.70861,143.89417,0.3,0.3,0.0,0.0,0.0,0.0,0.0,0.0,0.02777,0,0,1.087,-0.36,0.74514,0.0,0.0,1.0,1.0,0.0,0.0
15rey0oa3gbsr2vetmgn_0020,0.027777777777777776,1,36	-0.8126,0.26807,0.48046,0.11473,0.869,0.73632,1.48717,0.58707,0.39716,0.12188,53.80577,96.00359,143.20212,333.49503,0.3,0.3,0.0,0.0,0.0,0.0,0.0,0.0,0.02777,0,0,6.06739,-0.96,0.39911,0.0,0.0,1.0,1.0,0.0,0.0
15rey0oa3gbsr2vetmgn_0034,0.027777777777777776,1,36	-0.8126,0.26807,-0.06586,0.06514,1.12865,-0.38454,1.55882,0.56085,0.42449,0.15073,61.45701,92.37165,46.16582,146.03428,0.3,0.3,0.0,0.0,0.0,0.0,0.0,0.0,0.02777,0,0,3.89882,-0.86,0.5448,0.0,0.0,1.0,0.0,0.0,0.0
15rey0oa3gbsr2vetmgn_0041,0.027777777777777776,1,36	-0.8126,0.26807,1.11395,-0.30215,-1.07513,0.04581,0.9573,0.49423,0.38462,0.11013,48.95001,89.1591,225.59011,331.12678,0.3,0.3,0.0,0.0,0.0,0.0,0.0,0.0,0.02777,0,0,0.64431,0.0,1.40869,0.0,0.0,1.0,0.0,0.0,0.0
15rey0oa3gbsr2vetmgn_0045,0.027777777777777776,1,36	-0.8126,0.26807,0.11273,0.28715,1.18463,0.3128,1.28971,0.73564,0.43322,0.11935,43.05477,90.13086,129.63171,319.07384,0.3,0.3,0.0,0.0,0.0,0.0,0.0,0.0,0.02777,0,0,2.0901,-1.04,0.82848,0.0,0.0,1.0,0.0,0.0,0.0
15rey0oa3gbsr2vetmgn_0047,0.027777777777777776,1,36	-0.8126,0.26807,1.45886,-0.06418,0.37938,0.3128,0.6354,0.25792,0.37534,0.14731,54.30048,89.34795,315.95704,224.52471,0.3,0.3,0.0,0.0,0.0,0.0,0.0,0.0,0.02777,0,0,4.09202,-1.82,0.356,0.0,0.0,1.0,0.0,0.0,0.0
15rey0oa3gbsr2vetmgn_0053,0.027777777777777776,1,36	-0.8126,0.26807,0.13967,-0.7297,1.08358,-0.46161,0.82171,0.35817,0.47199,0.13797,49.49613,102.03111,46.71767,221.49402,0.3,0.3,0.0,0.0,0.0,0.0,0.0,0.0,0.02777,0,0,4.62425,-0.53999,0.36028,0.0,0.0,1.0,0.0,0.0,0.0
15rey0oa3gbsr2vetmgn_0057,0.027777777777777776,1,36	-0.8126,0.26807,0.79765,-0.17276,-1.30864,0.59559,0.90574,0.39032,0.38227,0.13903,60.74742,106.87632,318.47824,137.3697,0.3,0.3,0.0,0.0,0.0,0.0,0.0,0.0,0.02777,0,0,0.6377,0.0,1.18207,0.0,0.0,1.0,0.0,0.0,0.0
15rey0oa3gbsr2vetmgn_0058,0.027777777777777776,1,36	-0.8126,0.26807,0.35964,-0.14053,0.2164,0.59559,1.06619,0.19503,0.41695,0.14742,45.30785,87.57426,46.0156,146.40186,0.3,0.3,0.0,0.0,0.0,0.0,0.0,0.0,0.02777,0,0,29.5112,-1.04,0.1387,0.0,0.0,1.0,0.0,0.0,0.0
15rey0oa3gbsr2vetmgn_0059,0.027777777777777776,1,36	-0.8126,0.26807,1.42453,-1.09392,1.33352,0.59559,1.10507,0.89736,0.40475,0.124,56.27753,93.00791,321.30293,31.63807,0.3,0.3,0.0,0.0,0.0,0.0,0.0,0.0,0.02777,0,0,0.88822,-0.76,1.00534,0.0,0.0,1.0,0.0,0.0,0.0
15rey0oa3gbsr2vetmgn_0063,0.027777777777777776,1,36	-0.8126,0.26807,0.78406,-0.01793,-0.47516,0.70105,0.4946,0.5632,0.47431,0.10959,46.17001,94.89655,219.9489,41.49595,0.3,0.3,0.0,0.0,0.0,0.0,0.0,0.0,0.02777,0,0,1.68542,-1.3,0.68158,0.0,0.0,1.0,0.0,0.0,0.0
15rey0oa3gbsr2vetmgn_0068,0.027777777777777776,1,36	-0.8126,0.26807,0.15823,-0.15837,0.44546,0.3702,0.66866,0.75184,0.45651,0.13479,53.91712,90.43885,318.315,324.26162,0.3,0.3,0.0,0.0,0.0,0.0,0.0,0.0,0.02777,0,0,6.28367,-0.84,0.34952,0.0,0.0,1.0,0.0,0.0,0.0
1apf745jckgogb8mbnfy_0002,0.02702702702702703,1,37	-0.8126,0.26807,0.19766,-0.54709,0.77655,-0.63123,0.73642,0.49016,0.47524,0.16731,60.70717,99.80067,229.31646,39.84167,0.3,0.3,0.0,0.0,0.0,0.0,0.0,0.0,0.02702,0,0,8.14454,-0.61999,0.27248,0.0,1.0,1.0,1.0,0.0,0.0
1cygs70a5p7uydqh06fw_0024,0.02702702702702703,1,37	-0.8126,0.26807,1.22743,-0.53839,1.39769,0.23878,0.70665,0.94719,0.4748,0.17892,44.75386,96.60114,47.85272,153.58394,0.3,0.3,0.0,0.0,0.0,0.0,0.0,0.0,0.02702,0,0,0.46884,-0.12,1.48662,0.0,0.0,1.0,0.0,0.0,0.0
1cygs70a5p7uydqh06fw_0034,0.02702702702702703,1,37	-0.8126,0.26807,0.91379,0.14863,-0.17084,0.57621,0.35901,0.19943,0.5017,0.16161,44.44065,105.55469,233.02776,209.41173,0.3,0.3,0.0,0.0,0.0,0.0,0.0,0.0,0.02702,0,0,1.52433,-2.27999,0.59967,0.0,0.0,1.0,0.0,0.0,0.0
1cygs70a5p7uydqh06fw_0036,0.02702702702702703,1,37	-0.8126,0.26807,0.27702,-0.71467,0.53586,0.57621,0.62211,0.87823,0.44824,0.12155,42.12654,95.28387,41.41038,38.9101,0.3,0.3,0.0,0.0,0.0,0.0,0.0,0.0,0.02702,0,0,10.6709,-0.65999,0.25228,0.0,0.0,1.0,0.0,0.0,0.0
1fa53i6wc6ydvbcny5l0_0014,0.02702702702702703,1,37	-0.8126,0.26807,-0.1942,-0.68482,-0.38049,0.62102,1.67184,0.81611,0.3895,0.10169,54.0625,96.0,115.15527,19.00621,0.3,0.3,0.0,0.0,0.0,0.0,0.0,0.0,0.02702,0,0,18.24684,-0.55999,0.21874,0.0,1.0,1.0,0.0,0.0,0.0
1fa53i6wc6ydvbcny5l0_0017,0.02702702702702703,1,37	-0.8126,0.26807,-0.20046,-0.77219,1.19317,0.10786,1.23141,0.71364,0.47679,0.14457,59.92484,96.44884,134.9018,36.9883,0.3,0.3,0.0,0.0,0.0,0.0,0.0,0.0,0.02702,0,0,5.67494,-0.49999,0.38367,0.0,0.0,1.0,0.0,0.0,0.0
19ztxzx6ktxl3i4y9g6l_0004,0.02702702702702703,1,37	-0.8126,0.26807,-0.12781,-1.02322,0.92537,-0.4071,0.67483,0.80929,0.47105,0.17836,48.28137,101.80064,134.57606,319.34776,0.3,0.3,0.0,0.0,0.0,0.0,0.0,0.0,0.02702,0,0,16.28323,-0.45999,0.18803,0.0,0.0,1.0,0.0,0.0,0.0
15rey0oa3gbsr2vetmgn_0022,0.02702702702702703,1,37	-0.8126,0.26807,0.22482,0.53055,-0.79316,0.04581,1.20168,0.36909,0.44517,0.13182,56.33235,106.69444,310.35839,323.50942,0.3,0.3,0.0,0.0,0.0,0.0,0.0,0.0,0.02702,0,0,6.09987,-2.25999,0.35887,0.0,0.0,1.0,1.0,0.0,0.0
15rey0oa3gbsr2vetmgn_0030,0.02702702702702703,1,37	-0.8126,0.26807,-0.00206,0.03174,1.37278,-0.38454,0.77145,0.83018,0.48449,0.10765,52.50323,102.60024,130.65895,29.37448,0.3,0.3,0.0,0.0,0.0,0.0,0.0,0.0,0.02702,0,0,1.61645,-0.32,0.78131,0.0,0.0,1.0,0.0,0.0,0.0
15rey0oa3gbsr2vetmgn_0044,0.02702702702702703,1,37	-0.8126,0.26807,0.41093,0.34843,1.52683,0.04581,0.45506,0.7219,0.39097,0.1654,44.94262,106.24979,232.1489,137.59704,0.3,0.3,0.0,0.0,0.0,0.0,0.0,0.0,0.02702,0,0,0.84344,-0.08,0.94144,0.0,0.0,1.0,0.0,0.0,0.0
15rey0oa3gbsr2vetmgn_0054,0.02702702702702703,1,37	-0.8126,0.26807,-0.01722,-1.51786,1.1346,-0.46161,0.66083,0.19736,0.42059,0.12801,59.7956,98.4498,47.22314,35.55066,0.3,0.3,0.0,0.0,0.0,0.0,0.0,0.0,0.02702,0,0,6.8497,-0.38,0.22558,0.0,0.0,1.0,0.0,0.0,0.0
15rey0oa3gbsr2vetmgn_0072,0.02702702702702703,1,37	-0.8126,0.26807,-0.18064,-0.76706,0.58333,0.73632,0.64253,0.63306,0.37547,0.14742,59.15227,87.88039,229.92422,145.23977,0.3,0.3,0.0,0.0,0.0,0.0,0.0,0.0,0.02702,0,0,41.27425,-0.55999,0.11178,0.0,0.0,1.0,0.0,0.0,0.0
15rey0oa3gbsr2vetmgn_0074,0.02702702702702703,1,37	-0.8126,0.26807,0.76244,-1.44271,0.1712,0.73632,1.49569,0.94486,0.49735,0.11774,49.24806,102.20614,234.13438,27.42934,0.3,0.3,0.0,0.0,0.0,0.0,0.0,0.0,0.02702,0,0,18.19553,-0.51999,0.20063,0.0,0.0,1.0,0.0,0.0,0.0
5bkaj0cdmi66lcv82jl_0004,0.02702702702702703,1,37	-0.8126,0.26807,0.92662,-1.04211,0.20781,-0.52002,1.23418,0.43431,0.43412,0.12997,47.83368,99.71191,216.71902,209.21022,0.3,0.3,0.0,0.0,0.0,0.0,0.0,0.0,0.02702,0,0,27.04878,-0.67999,0.14455,0.0,0.0,1.0,0.0,0.0,0.0
1cygs70a5p7uydqh06fw_0004,0.0,0,37	-0.8126,0.26807,0.15726,0.54255,-0.3843,0.57621,1.35992,0.8519,0.44637,0.17308,57.96027,103.41613,221.98455,224.56676,0.3,0.3,0.0,0.0,0.0,0.0,0.0,0.0,0.0,0,0,17.99674,-1.5,0.21147,0.0,0.0,1.0,1.0,0.0,0.0
1cygs70a5p7uydqh06fw_0018,0.0,0,37	-0.8126,0.26807,0.06277,-0.67024,0.7206,-0.29905,0.6117,0.52191,0.4503,0.158,49.79743,88.33892,36.03632,26.90524,0.3,0.3,0.0,0.0,0.0,0.0,0.0,0.0,0.0,0,0,9.53509,-0.61999,0.2434,0.0,0.0,1.0,0.0,0.0,0.0
1fa53i6wc6ydvbcny5l0_0020,0.0,0,37	-0.8126,0.26807,0.62952,-1.33938,0.20773,-0.01815,0.71865,0.37069,0.42197,0.16992,60.65807,104.96811,50.93734,38.96256,0.3,0.3,0.0,0.0,0.0,0.0,0.0,0.0,0.0,0,0,6.70366,-0.61999,0.26939,0.0,0.0,0.0,0.0,0.0,0.0
1fg6mvkpqgqhqr1w7nhr_0003,0.0,0,37	-0.8126,0.26807,-0.22665,-0.68068,-0.64604,-0.29558,1.56648,0.71644,0.44855,0.17642,55.434,89.42586,228.84392,29.29254,0.3,0.3,0.0,0.0,0.0,0.0,0.0,0.0,0.0,0,0,9.93895,-0.65999,0.30568,0.0,1.0,1.0,0.0,0.0,0.0
1docwpeaju99yvhg6hz9_0001,0.0,0,37	-0.8126,0.26807,0.13485,-1.10922,-0.18023,0.48998,1.25286,0.31091,0.48832,0.11181,47.8263,95.38319,43.61047,38.67104,0.3,0.3,0.0,0.0,0.0,0.0,0.0,0.0,0.0,0,0,14.05346,-0.53999,0.21466,0.0,1.0,0.0,0.0,0.0,0.0
15rey0oa3gbsr2vetmgn_0010,0.0,0,37	-0.8126,0.26807,1.34019,-0.50539,-0.99631,0.59559,1.37208,0.68436,0.42836,0.16866,55.2222,92.37601,132.91921,37.77788,0.3,0.3,0.0,0.0,0.0,0.0,0.0,0.0,0.0,0,0,0.55186,-19.33999,1.56867,0.0,0.0,1.0,1.0,0.0,0.0
15rey0oa3gbsr2vetmgn_0073,0.0,0,37	-0.8126,0.26807,0.30806,-0.21764,0.69606,0.73632,0.6665,0.49804,0.50571,0.15391,45.10185,92.48522,315.26595,327.83045,0.3,0.3,0.0,0.0,0.0,0.0,0.0,0.0,0.0,0,0,7.11786,-0.88,0.30172,0.0,0.0,1.0,0.0,0.0,0.0
519ipef2iv7kly40kfy_0004,0.0,0,36	-0.8126,0.26807,0.16709,0.31005,0.89143,0.0517,1.36054,0.93014,0.44144,0.12135,49.35829,99.30018,126.94465,136.31471,0.3,0.3,0.0,0.0,0.0,0.0,0.0,0.0,0.0,0,0,4.93253,-0.96,0.48213,0.0,0.0,1.0,1.0,0.0,0.0
519ipef2iv7kly40kfy_0018,0.0,0,36	-0.8126,0.26807,0.03164,0.14378,1.35945,-0.52067,1.3049,0.58636,0.46947,0.16383,57.18097,92.2794,311.50413,217.67136,0.3,0.3,0.0,0.0,0.0,0.0,0.0,0.0,0.0,0,0,2.1282,-0.55999,0.75787,0.0,0.0,1.0,0.0,0.0,0.0
1cygs70a5p7uydqh06fw_0017,0.0,0,36	-0.8126,0.26807,1.39206,-0.99679,1.40127,-0.29905,1.083,0.89294,0.45077,0.13202,45.06292,103.07726,131.03246,144.35788,0.3,0.3,0.0,0.0,0.0,0.0,0.0,0.0,0.0,0,0,0.90903,-0.74,0.98511,0.0,0.0,1.0,0.0,0.0,0.0
1cygs70a5p7uydqh06fw_0022,0.0,0,36	-0.8126,0.26807,0.85488,0.33982,1.36809,0.11289,0.44894,0.74483,0.45764,0.15475,48.20209,105.43369,143.94806,327.22691,0.3,0.3,0.0,0.0,0.0,0.0,0.0,0.0,0.0,0,0,0.59459,-0.26,1.16692,0.0,0.0,1.0,0.0,0.0,0.0
1cygs70a5p7uydqh06fw_0032,0.0,0,36	-0.8126,0.26807,0.04668,-1.24738,0.08108,-0.20062,0.45805,0.58286,0.45341,0.17029,50.07928,105.73897,231.3173,149.9254,0.3,0.3,0.0,0.0,0.0,0.0,0.0,0.0,0.0,0,0,4.95192,-0.49999,0.32236,0.0,0.0,1.0,0.0,0.0,0.0
46p9l9onaixa6n0f77x_0006,0.0,0,36	-0.8126,0.26807,0.16955,-1.3749,1.23804,0.47395,0.60205,0.42823,0.5058,0.12634,48.97803,104.50081,219.02828,213.89517,0.3,0.3,0.0,0.0,0.0,0.0,0.0,0.0,0.0,0,0,3.1285,-0.38,0.37761,0.0,0.0,0.0,0.0,0.0,0.0
i1c8he0gn6phjtm52g_0002,0.0,0,36	-0.8126,0.26807,-0.18644,0.42378,0.15511,0.01767,1.42253,0.75542,0.48707,0.16141,52.71968,95.67397,127.29185,45.09595,0.3,0.3,0.0,0.0,0.0,0.0,0.0,0.0,0.0,0,0,24.31811,-1.14,0.17986,0.0,0.0,0.0,0.0,0.0,0.0
19ztxzx6ktxl3i4y9g6l_0003,0.0,0,36	-0.8126,0.26807,0.65626,-0.89968,0.04821,-0.4071,0.7549,0.45914,0.46081,0.15641,48.14799,97.555,47.27392,43.07319,0.3,0.3,0.0,0.0,0.0,0.0,0.0,0.0,0.0,0,0,21.03003,-0.72,0.15572,0.0,0.0,1.0,0.0,0.0,0.0
4lc062p4n8hiae2jfii_0000,0.0,0,36	-0.8126,0.26807,-0.2806,-1.35891,1.25307,0.43886,0.77958,0.50787,0.41322,0.16769,58.20469,97.53148,142.17993,329.89621,0.3,0.3,0.0,0.0,0.0,0.0,0.0,0.0,0.0,0,0,6.00606,-0.4,0.28965,0.0,0.0,0.0,0.0,0.0,0.0
4lc062p4n8hiae2jfii_0002,0.0,0,36	-0.8126,0.26807,0.86524,-0.1168,0.03899,-0.01277,1.45933,0.2659,0.4059,0.13567,59.00094,93.75837,41.39172,206.97768,0.3,0.3,0.0,0.0,0.0,0.0,0.0,0.0,0.0,0,0,8678.69653,-1.12,0.00805,0.0,0.0,0.0,0.0,0.0,0.0
1c7cee0ngw19jg7qbsnn_0005,0.0,0,36	-0.8126,0.26807,0.69478,-0.80737,0.45305,0.3739,1.46092,0.88842,0.43839,0.17239,56.40471,106.01787,133.88049,36.2641,0.3,0.3,0.0,0.0,0.0,0.0,0.0,0.0,0.0,0,0,25.43481,-0.65999,0.17218,0.0,0.0,1.0,0.0,0.0,0.0
15rey0oa3gbsr2vetmgn_0012,0.0,0,36	-0.8126,0.26807,0.89815,-0.58244,1.37387,0.73632,0.78388,0.84106,0.49041,0.14758,48.08054,102.87261,137.2263,144.83412,0.3,0.3,0.0,0.0,0.0,0.0,0.0,0.0,0.0,0,0,1.18785,-0.67999,0.86623,0.0,0.0,1.0,1.0,0.0,0.0
15rey0oa3gbsr2vetmgn_0038,0.0,0,36	-0.8126,0.26807,-0.33263,-0.16717,1.3639,-0.48392,1.2193,0.90045,0.43685,0.13005,49.68019,93.61135,55.37588,136.15738,0.3,0.3,0.0,0.0,0.0,0.0,0.0,0.0,0.0,0,0,3.09706,-0.57999,0.58143,0.0,0.0,1.0,0.0,0.0,0.0
15rey0oa3gbsr2vetmgn_0050,0.0,0,36	-0.8126,0.26807,1.18873,-0.1575,1.07553,-0.46161,1.36554,0.25276,0.45923,0.12997,57.68978,95.91407,225.49487,225.0525,0.3,0.3,0.0,0.0,0.0,0.0,0.0,0.0,0.0,0,0,1.08932,-1.3,0.99691,0.0,0.0,1.0,0.0,0.0,0.0
15rey0oa3gbsr2vetmgn_0079,0.0,0,36	-0.8126,0.26807,0.57617,-1.01219,0.12752,0.68795,1.00488,0.36096,0.37151,0.14314,44.28767,97.01242,226.38054,135.93358,0.3,0.3,0.0,0.0,0.0,0.0,0.0,0.0,0.0,0,0,75.63526,-0.57999,0.08055,0.0,0.0,1.0,0.0,0.0,0.0
1ffeffoj4389mwygpmnf_0002,0.0,0,36	-0.8126,0.26807,0.11426,-0.93872,-0.29724,-0.45992,0.79559,0.58972,0.4748,0.16129,42.8451,93.9229,124.12155,34.17019,0.3,0.3,0.0,0.0,0.0,0.0,0.0,0.0,0.0,0,0,11.80247,-0.59999,0.23096,0.0,0.0,1.0,0.0,0.0,0.0
1rq7wiontv407dm6wn_0000,0.0,0,36	-0.8126,0.26807,1.34889,-0.381,0.13774,0.44724,1.20481,0.89435,0.44784,0.1338,49.58401,91.94981,234.78242,30.11789,0.3,0.3,0.0,0.0,0.0,0.0,0.0,0.0,0.0,0,0,25.55897,-1.36,0.16354,0.0,0.0,0.0,0.0,0.0,0.0
4ve87mbqyzp05chyki3_0011,0.0,0,36	-0.8126,0.26807,1.08986,-0.03773,-0.14337,-0.62066,1.44952,0.93467,0.47592,0.15706,56.3044,98.8125,229.62051,330.93167,0.3,0.3,0.0,0.0,0.0,0.0,0.0,0.0,0.0,0,0,17.24204,-2.04,0.21287,0.0,1.0,1.0,0.0,0.0,0.0
1cygs70a5p7uydqh06fw_0028,0.0,0,35	-0.8126,0.26807,-0.1633,-0.28728,0.33382,0.23878,1.1629,0.47055,0.41158,0.1725,54.59932,104.96209,311.16071,38.15332,0.3,0.3,0.0,0.0,0.0,0.0,0.0,0.0,0.0,0,0,15.9864,-0.7,0.20983,0.0,0.0,1.0,0.0,0.0,0.0
1fa53i6wc6ydvbcny5l0_0007,0.0,0,35	-0.8126,0.26807,-0.36067,-1.10922,0.42054,0.62102,1.27851,0.58928,0.40265,0.1388,67.0,107.0625,187.82608,134.16149,0.3,0.3,0.0,0.0,0.0,0.0,0.0,0.0,0.0,0,0,10.97412,-0.55999,0.25896,0.0,1.0,1.0,1.0,0.0,0.0
1fa53i6wc6ydvbcny5l0_0010,0.0,0,35	-0.8126,0.26807,-0.36067,-0.52053,0.46059,0.10786,1.56068,0.62537,0.47028,0.11583,67.0,90.5625,199.00621,234.7826,0.3,0.3,0.0,0.0,0.0,0.0,0.0,0.0,0.0,0,0,22.16956,-0.65999,0.18822,0.0,1.0,1.0,0.0,0.0,0.0
1fg6mvkpqgqhqr1w7nhr_0001,0.0,0,35	-0.8126,0.26807,0.30541,-0.21716,0.07713,-0.29558,0.87984,0.56452,0.49181,0.11865,43.11666,107.49756,131.06572,328.13537,0.3,0.3,0.0,0.0,0.0,0.0,0.0,0.0,0.0,0,0,144.86327,-0.78,0.06175,0.0,0.0,1.0,1.0,0.0,0.0
46p9l9onaixa6n0f77x_0005,0.0,0,35	-0.8126,0.26807,1.53765,-1.33579,0.36774,0.05431,0.87055,0.84786,0.37912,0.17163,61.28268,93.15265,228.09757,333.30038,0.3,0.3,0.0,0.0,0.0,0.0,0.0,0.0,0.0,0,0,1.54302,-0.96,0.70228,0.0,0.0,0.0,0.0,0.0,0.0
15rey0oa3gbsr2vetmgn_0003,0.0,0,35	-0.8126,0.26807,1.23204,-0.40306,0.26797,0.73632,0.79339,0.52339,0.44121,0.16299,55.26532,88.23311,229.60891,140.97007,0.3,0.3,0.0,0.0,0.0,0.0,0.0,0.0,0.0,0,0,2.11571,-2.69999,0.63263,0.0,0.0,1.0,2.0,0.0,0.0
15rey0oa3gbsr2vetmgn_0019,0.0,0,35	-0.8126,0.26807,0.25841,0.03529,1.25351,0.73632,1.34158,0.65008,0.46729,0.13143,48.25046,97.84883,323.21532,212.74953,0.3,0.3,0.0,0.0,0.0,0.0,0.0,0.0,0.0,0,0,2.01202,-0.65999,0.81279,0.0,0.0,1.0,1.0,0.0,0.0
