19gyek1erm02t54kkal9_0063,0.6111111111111112,22,36	2.96778,3.61902,-0.12375,0.27623,0.77828,0.07129,0.3626,0.17567,0.79068,0.33841,58.9375,167.4375,73.78881,0.0,0.3,0.3,0.0,0.0,0.0,0.0,0.0,0.0,0.61111,0,0,0.31982,-5.11999,1.18569,0.0,1.0,1.0,0.0,0.0,0.0
3dcwgtow5ddjvht6hw3_0000,0.5833333333333334,21,36	2.96778,3.61902,0.44096,0.46047,0.90234,-0.07135,0.2907,0.15012,0.68927,0.63671,37.53918,172.85469,41.16859,248.43389,0.3,0.3,0.0,0.0,0.0,0.0,0.0,0.0,0.58333,0,0,0.57918,-4.23999,0.73356,0.0,0.0,1.0,1.0,0.0,0.0
15xiy4k8e550aebz9uw5_0010,0.5555555555555556,20,36	2.96778,3.61902,0.86629,0.41128,0.77828,-0.01292,0.42207,0.13815,0.72711,0.59857,47.875,184.6875,64.84472,210.18633,0.3,0.3,0.0,0.0,0.0,0.0,0.0,0.0,0.55555,0,0,0.69941,-4.79999,0.75608,0.0,1.0,1.0,0.0,0.0,0.0
3pc96tyc6y2vdv2y8vx_0000,0.5555555555555556,20,36	2.96778,3.61902,1.15185,0.36267,0.77371,0.01983,0.35188,0.17161,0.70867,0.61994,47.49156,186.29392,327.5422,246.06582,0.3,0.3,0.0,0.0,0.0,0.0,0.0,0.0,0.55555,0,0,0.27828,-5.13999,1.25655,0.0,0.0,1.0,2.0,0.0,0.0
19gyek1erm02t54kkal9_0057,0.5405405405405406,20,37	2.96778,3.61902,-0.12375,0.32534,0.81534,0.07129,0.29074,0.17845,0.89774,0.49705,58.9375,165.1875,73.78881,44.72049,0.3,0.3,0.0,0.0,0.0,0.0,0.0,0.0,0.54054,0,0,0.31317,-4.85999,1.10972,0.0,1.0,1.0,0.0,0.0,0.0
3dcwgtow5ddjvht6hw3_0014,0.5277777777777778,19,36	2.96778,3.61902,0.24665,0.48875,0.95053,-0.07135,0.27581,0.23225,0.61136,0.72743,45.05446,181.16639,40.86838,292.10548,0.3,0.3,0.0,0.0,0.0,0.0,0.0,0.0,0.52777,0,0,0.54943,-4.01999,0.78903,0.0,0.0,0.0,0.0,0.0,0.0
19gyek1erm02t54kkal9_0004,0.5277777777777778,19,36	2.96778,3.61902,-0.12375,0.31306,0.6671,0.07129,0.29074,0.17845,0.62674,0.33841,58.9375,165.1875,73.78881,44.72049,0.3,0.3,0.0,0.0,0.0,0.0,0.0,0.0,0.52777,0,0,0.62067,-5.51999,0.78027,0.0,1.0,1.0,2.0,0.0,0.0
19gyek1erm02t54kkal9_0026,0.5277777777777778,19,36	2.96778,3.61902,-0.12375,0.30078,0.76593,0.07129,0.3626,0.17567,0.89774,0.40821,58.9375,167.4375,73.78881,0.0,0.3,0.3,0.0,0.0,0.0,0.0,0.0,0.0,0.52777,0,0,0.39916,-5.09999,1.04373,0.0,1.0,1.0,1.0,0.0,0.0
19gyek1erm02t54kkal9_0023,0.5242718446601942,54,103	2.96778,3.61902,-0.12375,0.26395,0.56827,0.07129,0.32047,0.18539,0.70035,0.46849,45.8125,166.875,286.21118,234.7826,0.3,0.3,0.0,0.0,0.0,0.0,0.0,0.0,0.52427,0,0,0.86089,-6.14,0.68118,0.0,1.0,1.0,1.0,0.0,0.0
19gyek1erm02t54kkal9_0044,0.5238095238095238,55,105	2.96778,3.61902,-0.12375,0.30078,0.67945,0.07129,0.33782,0.18678,0.70035,0.46849,45.8125,166.875,286.21118,234.7826,0.3,0.3,0.0,0.0,0.0,0.0,0.0,0.0,0.52380,0,0,0.60809,-5.45999,0.82469,0.0,1.0,1.0,0.0,0.0,0.0
33uh08d9net1e5dg0ql_0002,0.5135135135135135,19,37	2.96778,3.61902,-1.06652,0.31005,0.5238,0.08374,0.34907,0.19153,0.56505,0.41963,45.55,180.79894,319.41176,121.76953,0.3,0.3,0.0,0.0,0.0,0.0,0.0,0.0,0.51351,0,0,0.38899,-6.74,1.12667,0.0,1.0,1.0,1.0,0.0,0.0
3dcwgtow5ddjvht6hw3_0007,0.5,19,38	2.96778,3.61902,0.96081,0.45643,0.69161,-0.07135,0.06641,0.14673,0.65685,0.69981,50.4524,176.81166,36.29632,125.0157,0.3,0.3,0.0,0.0,0.0,0.0,0.0,0.0,0.5,0,0,0.2208,-5.37999,0.96227,0.0,1.0,1.0,0.0,0.0,0.0
19gyek1erm02t54kkal9_0042,0.49514563106796117,51,103	2.96778,3.61902,-0.12375,0.26395,0.56827,0.07129,0.37003,0.18956,0.70035,0.46849,45.8125,166.875,286.21118,234.7826,0.3,0.3,0.0,0.0,0.0,0.0,0.0,0.0,0.49514,0,0,1.00999,-6.04,0.64368,0.0,1.0,1.0,0.0,0.0,0.0
3dcwgtow5ddjvht6hw3_0005,0.4722222222222222,17,36	2.96778,3.61902,0.96081,0.45643,0.69161,-0.07135,0.22561,0.16511,0.65685,0.69981,50.4524,176.81166,36.29632,125.0157,0.3,0.3,0.0,0.0,0.0,0.0,0.0,0.0,0.47222,0,0,0.47659,-5.21999,0.82021,0.0,0.0,1.0,1.0,0.0,0.0
19gyek1erm02t54kkal9_0046,0.46601941747572817,48,103	2.96778,3.61902,-0.12375,0.30078,0.67945,0.07129,0.33782,0.18678,0.70035,0.46849,45.8125,166.875,286.21118,54.7826,0.3,0.3,0.0,0.0,0.0,0.0,0.0,0.0,0.46601,0,0,0.60809,-5.45999,0.82469,0.0,1.0,1.0,0.0,0.0,0.0
3qx5out4vb7cwhet8y9_0000,0.4594594594594595,17,37	2.96778,3.61902,0.72672,0.47155,0.9444,0.03822,0.35589,0.17238,0.64926,0.70232,44.04495,172.84084,329.0368,116.21813,0.3,0.3,0.0,0.0,0.0,0.0,0.0,0.0,0.45945,0,0,0.4501,-4.13999,0.90309,0.0,0.0,1.0,1.0,0.0,0.0
19gyek1erm02t54kkal9_0062,0.4594594594594595,17,37	2.96778,3.61902,-0.12375,0.27623,0.77828,0.07129,0.3626,0.17567,0.76057,0.33841,58.9375,167.4375,73.78881,0.0,0.3,0.3,0.0,0.0,0.0,0.0,0.0,0.0,0.45945,0,0,0.31982,-5.11999,1.18569,0.0,1.0,1.0,0.0,0.0,0.0
12rwgejucgomb9bw8e20_0002,0.4444444444444444,16,36	2.96778,3.61902,0.86629,0.33761,0.65475,0.02005,0.44189,0.2382,0.67024,0.39235,62.5,185.8125,64.84472,116.27329,0.3,0.3,0.0,0.0,0.0,0.0,0.0,0.0,0.44444,0,0,0.81195,-5.43999,0.76996,0.0,1.0,0.0,0.0,0.0,0.0
33uh08d9net1e5dg0ql_0000,0.4444444444444444,16,36	2.96778,3.61902,1.40646,0.25192,0.61274,0.08374,0.37149,0.21263,0.46999,0.34857,55.75,174.15,292.94117,305.29411,0.3,0.3,0.0,0.0,0.0,0.0,0.0,0.0,0.44444,0,0,0.6582,-6.14,0.83412,0.0,1.0,1.0,1.0,0.0,0.0
3pc96tyc6y2vdv2y8vx_0001,0.43243243243243246,16,37	2.96778,3.61902,0.98829,0.35505,0.70494,0.01983,0.25227,0.1618,0.6121,0.70318,56.80603,175.68815,319.84236,245.21926,0.3,0.3,0.0,0.0,0.0,0.0,0.0,0.0,0.43243,0,0,0.27622,-5.51999,1.16267,0.0,0.0,1.0,1.0,0.0,0.0
19gyek1erm02t54kkal9_0013,0.43243243243243246,16,37	2.96778,3.61902,-0.12375,0.27623,0.77828,0.07129,0.3626,0.17567,0.8141,0.33841,58.9375,167.4375,73.78881,0.0,0.3,0.3,0.0,0.0,0.0,0.0,0.0,0.0,0.43243,0,0,0.31982,-5.11999,1.18569,0.0,1.0,1.0,1.0,0.0,0.0
3fqwsdhb1ym04rh00gq_0002,0.43243243243243246,16,37	2.96778,3.61902,-0.22276,0.80414,0.88947,0.04409,0.19905,0.21318,0.70369,0.38918,42.8125,181.5,55.90062,225.8385,0.3,0.3,0.0,0.0,0.0,0.0,0.0,0.0,0.43243,0,0,1.62049,-3.57999,0.38598,0.0,1.0,1.0,1.0,0.0,0.0
12cpb965g4ijg1y3oopn_0002,0.4166666666666667,15,36	2.96778,3.61902,1.28103,0.56323,0.79985,0.07413,0.26254,0.16161,0.7086,0.59339,51.56983,169.65747,23.10978,121.95937,0.3,0.3,0.0,0.0,0.0,0.0,0.0,0.0,0.41666,0,0,0.60573,-4.51999,0.70959,0.0,0.0,0.0,0.0,0.0,0.0
19gyek1erm02t54kkal9_0024,0.4166666666666667,15,36	2.96778,3.61902,-0.12375,0.31306,0.6671,0.07129,0.33782,0.18678,0.70035,0.46849,45.8125,166.875,286.21118,54.7826,0.3,0.3,0.0,0.0,0.0,0.0,0.0,0.0,0.41666,0,0,0.73114,-5.45999,0.74139,0.0,1.0,1.0,1.0,0.0,0.0
19gyek1erm02t54kkal9_0025,0.4166666666666667,15,36	2.96778,3.61902,-0.12375,0.32534,0.81534,0.07129,0.29074,0.17845,0.80072,0.47484,58.9375,165.1875,73.78881,44.72049,0.3,0.3,0.0,0.0,0.0,0.0,0.0,0.0,0.41666,0,0,0.31317,-4.85999,1.10972,0.0,1.0,1.0,1.0,0.0,0.0
19gyek1erm02t54kkal9_0045,0.4166666666666667,15,36	2.96778,3.61902,-0.12375,0.30078,0.67945,0.07129,0.33782,0.18678,0.70035,0.46849,45.8125,166.875,286.21118,54.7826,0.3,0.3,0.0,0.0,0.0,0.0,0.0,0.0,0.41666,0,0,0.60809,-5.45999,0.82469,0.0,1.0,1.0,0.0,0.0,0.0
19gyek1erm02t54kkal9_0017,0.40540540540540543,15,37	2.96778,3.61902,-0.12375,0.31306,0.6671,0.07129,0.33782,0.18678,0.71039,0.37649,45.8125,165.1875,286.21118,44.72049,0.3,0.3,0.0,0.0,0.0,0.0,0.0,0.0,0.40540,0,0,0.73114,-5.45999,0.74139,0.0,1.0,1.0,1.0,0.0,0.0
wx726c169v01j7vsnyq_0001,0.4,14,35	2.96778,3.61902,0.92911,0.70118,0.97512,-0.02432,0.10076,0.18824,0.75848,0.64894,55.50558,181.68376,33.85414,129.9219,0.3,0.3,0.0,0.0,0.0,0.0,0.0,0.0,0.4,0,0,0.19746,-3.75999,1.02579,0.0,0.0,1.0,1.0,0.0,0.0
xixmemkam5yug2bts83_0004,0.39473684210526316,15,38	2.96778,3.61902,-0.27741,0.16897,0.89748,-0.01727,0.28772,0.14132,0.76204,0.67613,43.48368,183.52087,38.38142,65.02067,0.3,0.3,0.0,0.0,0.0,0.0,0.0,0.0,0.39473,0,0,0.10439,-4.63999,1.97297,0.0,0.0,1.0,1.0,0.0,0.0
15xiy4k8e550aebz9uw5_0004,0.3888888888888889,14,36	2.96778,3.61902,0.86629,0.90236,0.95124,-0.05901,0.38242,0.20068,0.68027,0.33841,57.8125,184.6875,40.24844,210.18633,0.3,0.3,0.0,0.0,0.0,0.0,0.0,0.0,0.38888,0,0,0.84001,-3.35999,0.62379,0.0,1.0,1.0,1.0,0.0,0.0
19gyek1erm02t54kkal9_0016,0.3888888888888889,14,36	2.96778,3.61902,-0.12375,0.26395,0.56827,0.07129,0.32047,0.18539,0.70035,0.46849,45.8125,171.7562,286.21118,235.16179,0.3,0.3,0.0,0.0,0.0,0.0,0.0,0.0,0.38888,0,0,0.86089,-6.14,0.68118,0.0,1.0,1.0,1.0,0.0,0.0
19gyek1erm02t54kkal9_0052,0.3888888888888889,14,36	2.96778,3.61902,-0.12375,0.31306,0.6671,0.07129,0.29074,0.17845,0.6602,0.42725,58.9375,165.1875,73.78881,44.72049,0.3,0.3,0.0,0.0,0.0,0.0,0.0,0.0,0.38888,0,0,0.62067,-5.51999,0.78027,0.0,1.0,1.0,0.0,0.0,0.0
19gyek1erm02t54kkal9_0060,0.3888888888888889,14,36	2.96778,3.61902,-0.12375,0.32534,0.81534,0.07129,0.3626,0.17567,0.89774,0.40821,58.9375,165.1875,73.78881,224.72049,0.3,0.3,0.0,0.0,0.0,0.0,0.0,0.0,0.38888,0,0,0.37658,-4.81999,1.06158,0.0,1.0,1.0,0.0,0.0,0.0
vwweoy455ac7hjhg87r_0009,0.3883495145631068,40,103	2.96778,3.61902,0.82887,0.3795,0.87626,0.01644,0.33019,0.16529,0.63057,0.67957,55.26401,171.46659,335.68256,118.15204,0.3,0.3,0.0,0.0,0.0,0.0,0.0,0.0,0.38834,0,0,0.38403,-4.53999,0.98771,0.0,1.0,1.0,0.0,0.0,0.0
3attp2fjo7hdbchuwb3_0001,0.3783783783783784,14,37	2.96778,3.61902,1.17158,0.52863,0.80095,0.00133,0.14346,0.18864,0.71574,0.60975,38.88137,171.04597,30.87164,301.19516,0.3,0.3,0.0,0.0,0.0,0.0,0.0,0.0,0.37837,0,0,0.29505,-4.67999,0.95461,0.0,0.0,1.0,1.0,0.0,0.0
19gyek1erm02t54kkal9_0051,0.3783783783783784,14,37	2.96778,3.61902,-0.12375,0.31306,0.6671,0.07129,0.29074,0.17845,0.74719,0.45263,55.0,165.1875,69.31677,44.72049,0.3,0.3,0.0,0.0,0.0,0.0,0.0,0.0,0.37837,0,0,0.62067,-5.51999,0.78027,0.0,1.0,1.0,0.0,0.0,0.0
19gyek1erm02t54kkal9_0061,0.3783783783783784,14,37	2.96778,3.61902,-0.12375,0.30078,0.76593,0.07129,0.3626,0.17567,0.89774,0.40821,58.9375,165.1875,73.78881,224.72049,0.3,0.3,0.0,0.0,0.0,0.0,0.0,0.0,0.37837,0,0,0.39916,-5.09999,1.04373,0.0,1.0,1.0,0.0,0.0,0.0
19gyek1erm02t54kkal9_0049,0.3684210526315789,14,38	2.96778,3.61902,-0.12375,0.31306,0.6671,0.07129,0.33782,0.18678,0.74719,0.45263,45.8125,165.1875,286.21118,44.72049,0.3,0.3,0.0,0.0,0.0,0.0,0.0,0.0,0.36842,0,0,0.73114,-5.45999,0.74139,0.0,1.0,1.0,0.0,0.0,0.0
2yrea5z2vh4g5bm7itk_0001,0.3684210526315789,14,38	2.96778,3.61902,0.98003,0.36773,0.74572,0.03522,0.32966,0.11178,0.7817,0.5831,40.3984,176.05401,26.77904,297.24208,0.3,0.3,0.0,0.0,0.0,0.0,0.0,0.0,0.36842,0,0,0.38799,-5.23999,0.97555,0.0,0.0,1.0,1.0,0.0,0.0
15xiy4k8e550aebz9uw5_0011,0.3611111111111111,13,36	2.96778,3.61902,0.86629,0.41128,0.77828,-0.05901,0.38242,0.20068,0.72711,0.59857,48.25,184.6875,62.60869,210.18633,0.3,0.3,0.0,0.0,0.0,0.0,0.0,0.0,0.36111,0,0,0.73127,-4.77999,0.74658,0.0,1.0,1.0,0.0,0.0,0.0
15xiy4k8e550aebz9uw5_0012,0.3611111111111111,13,36	2.96778,3.61902,0.86629,0.41128,0.77828,-0.05901,0.38242,0.20068,0.72711,0.59857,55.375,184.6875,69.31677,210.18633,0.3,0.3,0.0,0.0,0.0,0.0,0.0,0.0,0.36111,0,0,0.73127,-4.77999,0.74658,0.0,1.0,1.0,0.0,0.0,0.0
3fgwsea7m30zq1q01i4_0004,0.3611111111111111,13,36	2.96778,3.61902,0.68046,0.4283,0.74194,-0.06271,0.35428,0.21551,0.68535,0.6751,53.83085,183.36284,324.73976,290.58612,0.3,0.3,0.0,0.0,0.0,0.0,0.0,0.0,0.36111,0,0,0.84222,-4.81999,0.68503,0.0,0.0,1.0,1.0,0.0,0.0
19gyek1erm02t54kkal9_0019,0.3611111111111111,13,36	2.96778,3.61902,-0.12375,0.30078,0.76593,0.07129,0.3626,0.17567,0.8141,0.33841,58.9375,167.4375,73.78881,0.0,0.3,0.3,0.0,0.0,0.0,0.0,0.0,0.0,0.36111,0,0,0.39916,-5.09999,1.04373,0.0,1.0,1.0,1.0,0.0,0.0
15xiy4k8e550aebz9uw5_0013,0.35135135135135137,13,37	2.96778,3.61902,0.86629,0.41128,0.77828,-0.05901,0.38242,0.20068,0.68027,0.33841,55.375,184.6875,69.31677,210.18633,0.3,0.3,0.0,0.0,0.0,0.0,0.0,0.0,0.35135,0,0,0.73127,-4.77999,0.74658,0.0,1.0,1.0,0.0,0.0,0.0
3pc96tyc6y2vdv2y8vx_0008,0.35135135135135137,13,37	2.96778,3.61902,0.42077,0.28851,0.70416,0.01983,0.30808,0.1312,0.72377,0.57002,51.0625,174.75,310.80745,278.38509,0.3,0.3,0.0,0.0,0.0,0.0,0.0,0.0,0.35135,0,0,0.36732,-5.55999,1.0273,0.0,1.0,0.0,0.0,0.0,0.0
3fgwsea7m30zq1q01i4_0006,0.35135135135135137,13,37	2.96778,3.61902,0.71779,0.48494,0.54356,-0.06271,0.19658,0.13815,0.80072,0.54464,56.73355,182.36046,322.59488,61.40954,0.3,0.3,0.0,0.0,0.0,0.0,0.0,0.0,0.35135,0,0,0.45857,-5.79999,0.81159,0.0,1.0,1.0,0.0,0.0,0.0
19gyek1erm02t54kkal9_0018,0.35135135135135137,13,37	2.96778,3.61902,-0.12375,0.31306,0.6671,0.07129,0.29074,0.17845,0.67024,0.45263,58.9375,165.1875,73.78881,44.72049,0.3,0.3,0.0,0.0,0.0,0.0,0.0,0.0,0.35135,0,0,0.62067,-5.51999,0.78027,0.0,1.0,1.0,1.0,0.0,0.0
19gyek1erm02t54kkal9_0020,0.35135135135135137,13,37	2.96778,3.61902,-0.12375,0.399,0.91417,0.07129,0.24366,0.16594,0.89774,0.33841,56.3125,183.9375,76.02484,8.94409,0.3,0.3,0.0,0.0,0.0,0.0,0.0,0.0,0.35135,0,0,0.2795,-4.35999,1.07035,0.0,1.0,1.0,1.0,0.0,0.0
yoteat0y69lu690wne8_0001,0.34285714285714286,12,35	2.96778,3.61902,-0.47027,0.34989,0.70416,0.07964,0.10241,0.21041,0.76057,0.7001,40.9375,181.125,34.65838,292.91925,0.3,0.3,0.0,0.0,0.0,0.0,0.0,0.0,0.34285,0,0,0.3858,-5.41999,0.84807,0.0,1.0,0.0,0.0,0.0,0.0
33uh08d9net1e5dg0ql_0001,0.34285714285714286,12,35	2.96778,3.61902,1.40646,0.25192,0.61274,0.08374,0.37149,0.21263,0.46999,0.34857,55.75,162.0,292.94117,91.7647,0.3,0.3,0.0,0.0,0.0,0.0,0.0,0.0,0.34285,0,0,0.6582,-6.14,0.83412,0.0,1.0,1.0,1.0,0.0,0.0
vwweoy455ac7hjhg87r_0005,0.3333333333333333,12,36	2.96778,3.61902,0.82887,0.3795,0.87626,0.01644,0.33019,0.16529,0.63057,0.67957,55.26401,183.1336,335.68256,96.48,0.3,0.3,0.0,0.0,0.0,0.0,0.0,0.0,0.33333,0,0,0.38403,-4.53999,0.98771,0.0,1.0,1.0,1.0,0.0,0.0
xixmemkam5yug2bts83_0008,0.3333333333333333,12,36	2.96778,3.61902,0.93202,0.46315,0.74989,-0.01727,0.09592,0.12603,0.66591,0.62404,57.45619,169.60433,41.29086,295.86565,0.3,0.3,0.0,0.0,0.0,0.0,0.0,0.0,0.33333,0,0,0.32293,-5.05999,0.78218,0.0,0.0,1.0,0.0,0.0,0.0
3dcwgtow5ddjvht6hw3_0010,0.3333333333333333,12,36	2.96778,3.61902,0.44096,0.46047,0.90234,0.06073,0.36367,0.07919,0.68927,0.63671,37.53918,172.85469,41.16859,248.43389,0.3,0.3,0.0,0.0,0.0,0.0,0.0,0.0,0.33333,0,0,0.58908,-4.25999,0.73047,0.0,1.0,0.0,0.0,0.0,0.0
19gyek1erm02t54kkal9_0021,0.3333333333333333,12,36	2.96778,3.61902,-0.34336,0.36217,0.77828,0.07129,0.32047,0.17706,0.70035,0.77942,59.6875,172.5,315.2795,234.7826,0.3,0.3,0.0,0.0,0.0,0.0,0.0,0.0,0.33333,0,0,0.58436,-4.87999,0.80163,0.0,1.0,1.0,1.0,0.0,0.0
19gyek1erm02t54kkal9_0043,0.3333333333333333,12,36	2.96778,3.61902,-0.12375,0.26395,0.56827,0.07129,0.33782,0.18678,0.70035,0.46849,45.8125,166.875,286.21118,234.7826,0.3,0.3,0.0,0.0,0.0,0.0,0.0,0.0,0.33333,0,0,0.91144,-6.12,0.66767,0.0,1.0,1.0,0.0,0.0,0.0
3dcwgtow5ddjvht6hw3_0001,0.32432432432432434,12,37	2.96778,3.61902,-0.01409,0.50091,0.96595,-0.07135,0.37931,0.06231,0.78509,0.67444,49.88039,175.89462,30.30894,127.92616,0.3,0.3,0.0,0.0,0.0,0.0,0.0,0.0,0.32432,0,0,0.56525,-3.97999,0.73198,0.0,1.0,1.0,1.0,0.0,0.0
3dcwgtow5ddjvht6hw3_0016,0.32432432432432434,12,37	2.96778,3.61902,0.96327,0.32678,0.65894,0.00801,0.30864,0.17953,0.61397,0.63382,56.24183,183.37215,30.65217,121.26742,0.3,0.3,0.0,0.0,0.0,0.0,0.0,0.0,0.32432,0,0,0.53169,-5.69999,0.86836,0.0,0.0,1.0,0.0,0.0,0.0
19gyek1erm02t54kkal9_0008,0.3142857142857143,11,35	2.96778,3.61902,-0.12375,0.41128,0.91417,0.07129,0.26348,0.16038,0.89774,0.33841,53.5,167.4375,69.31677,0.0,0.3,0.3,0.0,0.0,0.0,0.0,0.0,0.0,0.31428,0,0,0.31528,-4.31999,1.01555,0.0,1.0,1.0,2.0,0.0,0.0
vwweoy455ac7hjhg87r_0008,0.3055555555555556,11,36	2.96778,3.61902,0.82887,0.3795,0.87626,0.01644,0.33019,0.16529,0.69447,0.70577,55.26401,171.46659,335.68256,118.15204,0.3,0.3,0.0,0.0,0.0,0.0,0.0,0.0,0.30555,0,0,0.38403,-4.53999,0.98771,0.0,1.0,1.0,0.0,0.0,0.0
xixmemkam5yug2bts83_0002,0.3055555555555556,11,36	2.96778,3.61902,0.89579,0.5322,0.88696,-0.01727,0.0645,0.17761,0.77587,0.65048,42.53019,186.64376,33.46262,63.32327,0.3,0.3,0.0,0.0,0.0,0.0,0.0,0.0,0.30555,0,0,0.17567,-4.33999,1.06433,0.0,0.0,1.0,1.0,0.0,0.0
3dcwgtow5ddjvht6hw3_0003,0.3055555555555556,11,36	2.96778,3.61902,0.44096,0.46047,0.90234,-0.07135,0.36367,0.07919,0.68927,0.63671,37.53918,172.85469,41.16859,248.43389,0.3,0.3,0.0,0.0,0.0,0.0,0.0,0.0,0.30555,0,0,0.58908,-4.25999,0.73047,0.0,1.0,1.0,1.0,0.0,0.0
19gyek1erm02t54kkal9_0048,0.3055555555555556,11,36	2.96778,3.61902,-0.12375,0.31306,0.6671,0.07129,0.33782,0.18678,0.76392,0.47801,45.8125,165.1875,286.21118,44.72049,0.3,0.3,0.0,0.0,0.0,0.0,0.0,0.0,0.30555,0,0,0.73114,-5.45999,0.74139,0.0,1.0,1.0,0.0,0.0,0.0
15xiy4k8e550aebz9uw5_0000,0.2972972972972973,11,37	2.96778,3.61902,0.86629,0.41128,0.77828,-0.01292,0.38242,0.20068,0.72711,0.59857,55.375,184.6875,69.31677,210.18633,0.3,0.3,0.0,0.0,0.0,0.0,0.0,0.0,0.29729,0,0,0.73127,-4.77999,0.74658,0.0,1.0,0.0,2.0,0.0,0.0
15dugu5uu7gkxrn4zzog_0003,0.2972972972972973,11,37	2.96778,3.61902,3.494,-0.05233,0.0821,0.02446,0.4297,0.07813,0.73514,0.62247,49.81052,168.59392,211.66566,239.26673,0.3,0.3,0.0,0.0,0.0,0.0,0.0,0.0,0.29729,0,0,1.89369,-22.43999,0.45661,0.0,0.0,0.0,0.0,0.0,0.0
19gyek1erm02t54kkal9_0058,0.2972972972972973,11,37	2.96778,3.61902,-0.12375,0.32534,0.81534,0.07129,0.33782,0.18123,0.89774,0.49705,58.9375,165.1875,73.78881,44.72049,0.3,0.3,0.0,0.0,0.0,0.0,0.0,0.0,0.29729,0,0,0.35798,-4.83999,1.07501,0.0,1.0,1.0,0.0,0.0,0.0
19gyek1erm02t54kkal9_0059,0.2972972972972973,11,37	2.96778,3.61902,-0.12375,0.32534,0.81534,0.07129,0.3626,0.17567,0.89774,0.49705,58.9375,165.1875,73.78881,44.72049,0.3,0.3,0.0,0.0,0.0,0.0,0.0,0.0,0.29729,0,0,0.37658,-4.81999,1.06158,0.0,1.0,1.0,0.0,0.0,0.0
15xiy4k8e550aebz9uw5_0014,0.2894736842105263,11,38	2.96778,3.61902,0.86629,0.90236,0.95124,-0.05901,0.38242,0.20068,0.68027,0.33841,49.75,184.6875,52.54658,210.18633,0.3,0.3,0.0,0.0,0.0,0.0,0.0,0.0,0.28947,0,0,0.84001,-3.35999,0.62379,0.0,1.0,1.0,0.0,0.0,0.0
3fgwsea7m30zq1q01i4_0000,0.2857142857142857,10,35	2.96778,3.61902,-0.27226,0.48494,0.97594,-0.06271,0.06524,0.17428,0.59743,0.7214,45.625,176.25,22.36024,234.7826,0.3,0.3,0.0,0.0,0.0,0.0,0.0,0.0,0.28571,0,0,0.1878,-4.05999,1.00218,0.0,1.0,1.0,2.0,0.0,0.0
15xiy4k8e550aebz9uw5_0003,0.2777777777777778,10,36	2.96778,3.61902,1.20855,0.42952,0.79436,-0.01292,0.32915,0.22891,0.72711,0.5954,42.80375,183.43471,22.25066,231.10541,0.3,0.3,0.0,0.0,0.0,0.0,0.0,0.0,0.27777,0,0,0.68379,-4.73999,0.75562,0.0,1.0,1.0,1.0,0.0,0.0
xixmemkam5yug2bts83_0010,0.2777777777777778,10,36	2.96778,3.61902,-1.91056,-0.01092,0.09527,-0.01727,0.15837,0.18267,0.77921,0.67062,43.03158,175.18933,335.02278,232.25991,0.3,0.3,0.0,0.0,0.0,0.0,0.0,0.0,0.27777,0,0,1.36417,-17.29999,0.48324,0.0,0.0,0.0,0.0,0.0,0.0
19gyek1erm02t54kkal9_0001,0.2777777777777778,10,36	2.96778,3.61902,-0.12375,0.41128,0.91417,0.07129,0.3626,0.17567,0.79068,0.33841,53.5,167.4375,69.31677,0.0,0.3,0.3,0.0,0.0,0.0,0.0,0.0,0.0,0.27777,0,0,0.42723,-4.27999,0.95189,0.0,1.0,1.0,3.0,0.0,0.0
19gyek1erm02t54kkal9_0065,0.2777777777777778,10,36	2.96778,3.61902,-0.12375,0.41128,0.91417,0.07129,0.3626,0.17567,0.79068,0.33841,53.5,167.4375,69.31677,0.0,0.3,0.3,0.0,0.0,0.0,0.0,0.0,0.0,0.27777,0,0,0.42723,-4.27999,0.95189,0.0,1.0,1.0,0.0,0.0,0.0
19gyek1erm02t54kkal9_0068,0.2777777777777778,10,36	2.96778,3.61902,-0.12375,0.41128,0.91417,0.07129,0.20153,0.16733,0.89774,0.37331,53.5,168.75,69.31677,0.0,0.3,0.3,0.0,0.0,0.0,0.0,0.0,0.0,0.27777,0,0,0.26519,-4.33999,1.04834,0.0,1.0,1.0,0.0,0.0,0.0
15xiy4k8e550aebz9uw5_0002,0.2702702702702703,10,37	2.96778,3.61902,0.86629,0.46038,0.80299,-0.05901,0.38242,0.20068,0.74719,0.35428,59.875,184.6875,298.50931,210.18633,0.3,0.3,0.0,0.0,0.0,0.0,0.0,0.0,0.27027,0,0,0.85863,-4.53999,0.6734,0.0,1.0,1.0,1.0,0.0,0.0
xixmemkam5yug2bts83_0000,0.2702702702702703,10,37	2.96778,3.61902,0.72082,0.51737,0.98761,-0.01727,0.37995,0.08892,0.62342,0.71704,51.35633,183.73776,321.16044,121.25101,0.3,0.3,0.0,0.0,0.0,0.0,0.0,0.0,0.27027,0,0,0.47669,-3.93999,0.81853,0.0,0.0,1.0,1.0,0.0,0.0
12cpb965g4ijg1y3oopn_0000,0.2702702702702703,10,37	2.96778,3.61902,-0.37796,0.60156,0.67009,-3.77121,0.22048,0.17715,0.6645,0.57386,43.94241,183.11792,36.99451,128.98679,0.3,0.3,0.0,0.0,0.0,0.0,0.0,0.0,0.27027,0,0,4.30187,-4.51999,0.23853,0.0,0.0,0.0,0.0,0.0,0.0
19gyek1erm02t54kkal9_0006,0.2702702702702703,10,37	2.96778,3.61902,-0.12375,0.31306,0.6671,0.07129,0.29074,0.17845,0.80072,0.47484,58.9375,165.1875,73.78881,44.72049,0.3,0.3,0.0,0.0,0.0,0.0,0.0,0.0,0.27027,0,0,0.62067,-5.51999,0.78027,0.0,1.0,1.0,2.0,0.0,0.0
3fqwsdhb1ym04rh00gq_0000,0.2702702702702703,10,37	2.96778,3.61902,-0.22276,0.81642,0.88947,0.04409,0.29074,0.22847,0.71039,0.34793,40.75,190.3125,22.36024,228.07453,0.3,0.3,0.0,0.0,0.0,0.0,0.0,0.0,0.27027,0,0,2.0507,-3.49999,0.37199,0.0,1.0,0.0,2.0,0.0,0.0
19gyek1erm02t54kkal9_0067,0.2631578947368421,10,38	2.96778,3.61902,-0.12375,0.41128,0.91417,0.07129,0.20153,0.16733,0.89774,0.37331,53.5,167.4375,69.31677,0.0,0.3,0.3,0.0,0.0,0.0,0.0,0.0,0.0,0.26315,0,0,0.26519,-4.33999,1.04834,0.0,1.0,1.0,0.0,0.0,0.0
3attp2fjo7hdbchuwb3_0007,0.2571428571428571,9,35	2.96778,3.61902,1.20855,0.42952,0.79436,0.00133,0.32915,0.22891,0.78414,0.58934,44.125,183.0,348.81987,156.52173,0.3,0.3,0.0,0.0,0.0,0.0,0.0,0.0,0.25714,0,0,0.68379,-4.73999,0.75562,0.0,1.0,0.0,0.0,0.0,0.0
33uh08d9net1e5dg0ql_0004,0.2571428571428571,9,35	2.96778,3.61902,1.2947,0.51261,0.88764,0.08374,0.3611,0.16493,0.73368,0.71574,50.94833,176.76576,35.69392,120.19759,0.3,0.3,0.0,0.0,0.0,0.0,0.0,0.0,0.25714,0,0,0.26714,-4.37999,1.21937,0.0,0.0,1.0,0.0,0.0,0.0
19gyek1erm02t54kkal9_0047,0.2571428571428571,9,35	2.96778,3.61902,-0.12375,0.31306,0.6671,0.07129,0.33782,0.18678,0.7405,0.50657,45.8125,165.1875,286.21118,44.72049,0.3,0.3,0.0,0.0,0.0,0.0,0.0,0.0,0.25714,0,0,0.73114,-5.45999,0.74139,0.0,1.0,1.0,0.0,0.0,0.0
3qx5out4vb7cwhet8y9_0008,0.25,9,36	2.96778,3.61902,0.55897,0.52114,0.7027,-0.05767,0.26702,0.23555,0.61201,0.61947,43.93577,169.63225,327.83591,301.01651,0.3,0.3,0.0,0.0,0.0,0.0,0.0,0.0,0.25,0,0,6.22589,-4.51999,0.21244,0.0,0.0,0.0,0.0,0.0,0.0
xixmemkam5yug2bts83_0017,0.25,9,36	2.96778,3.61902,1.12973,0.60907,0.66095,0.0040,0.24256,0.23382,0.71359,0.65171,55.22932,174.52484,320.27655,120.97679,0.3,0.3,0.0,0.0,0.0,0.0,0.0,0.0,0.25,0,0,1.49826,-4.65999,0.45481,0.0,0.0,0.0,0.0,0.0,0.0
3fgwsea7m30zq1q01i4_0002,0.25,9,36	2.96778,3.61902,0.74925,0.48151,0.57742,-0.06271,0.19689,0.13919,0.78768,0.71297,56.73355,182.36046,322.59488,61.40954,0.3,0.3,0.0,0.0,0.0,0.0,0.0,0.0,0.25,0,0,0.74235,-5.57999,0.61398,0.0,0.0,1.0,2.0,0.0,0.0
vwweoy455ac7hjhg87r_0002,0.24324324324324326,9,37	2.96778,3.61902,-0.39864,0.63708,0.77761,0.0452,0.24937,0.15603,0.76901,0.59079,42.14346,179.19875,37.73705,301.28486,0.3,0.3,0.0,0.0,0.0,0.0,0.0,0.0,0.24324,0,0,2.49201,-4.15999,0.31693,0.0,0.0,1.0,1.0,0.0,0.0
ueap6wa1295eq0r2b4a_0000,0.24324324324324326,9,37	2.96778,3.61902,1.28875,0.37445,0.61768,-0.07752,0.261,0.22152,0.36913,0.33841,49.78143,185.22972,24.00483,116.69682,0.3,0.3,0.0,0.0,0.0,0.0,0.0,0.0,0.24324,0,0,0.88458,-5.71999,0.64194,0.0,1.0,1.0,1.0,0.0,0.0
19gyek1erm02t54kkal9_0054,0.24324324324324326,9,37	2.96778,3.61902,-0.12375,0.31306,0.6671,0.07129,0.29074,0.17845,0.7405,0.45898,58.9375,165.1875,73.78881,44.72049,0.3,0.3,0.0,0.0,0.0,0.0,0.0,0.0,0.24324,0,0,0.62067,-5.51999,0.78027,0.0,1.0,1.0,0.0,0.0,0.0
33uh08d9net1e5dg0ql_0003,0.23684210526315788,9,38	2.96778,3.61902,-0.70323,0.31005,0.5238,0.08374,0.34907,0.19153,0.56505,0.41963,45.55,180.79894,319.41176,301.76953,0.3,0.3,0.0,0.0,0.0,0.0,0.0,0.0,0.23684,0,0,0.48516,-6.5,0.98611,0.0,1.0,1.0,1.0,0.0,0.0
19gyek1erm02t54kkal9_0005,0.23684210526315788,9,38	2.96778,3.61902,-0.34336,0.26395,0.56827,0.07129,0.32047,0.18539,0.70035,0.46849,45.8125,171.7562,286.21118,235.16179,0.3,0.3,0.0,0.0,0.0,0.0,0.0,0.0,0.23684,0,0,1.06785,-6.12,0.60023,0.0,1.0,1.0,2.0,0.0,0.0
3pc96tyc6y2vdv2y8vx_0007,0.22857142857142856,8,35	2.96778,3.61902,0.42077,0.28851,0.70416,0.01983,0.30808,0.1312,0.72377,0.57002,51.0625,174.75,310.80745,278.38509,0.3,0.3,0.0,0.0,0.0,0.0,0.0,0.0,0.22857,0,0,0.36732,-5.55999,1.0273,0.0,1.0,0.0,0.0,0.0,0.0
vwweoy455ac7hjhg87r_0000,0.2222222222222222,8,36	2.96778,3.61902,-0.39084,0.67901,0.96201,0.0452,0.22146,0.15405,0.73334,0.70484,41.96231,176.07189,333.4706,238.43765,0.3,0.3,0.0,0.0,0.0,0.0,0.0,0.0,0.22222,0,0,1.04137,-3.69999,0.47513,0.0,0.0,1.0,1.0,0.0,0.0
vwweoy455ac7hjhg87r_0010,0.2222222222222222,8,36	2.96778,3.61902,0.96839,0.51179,0.71057,0.0452,0.29507,0.22855,0.69447,0.70577,55.26401,171.46659,335.68256,118.15204,0.3,0.3,0.0,0.0,0.0,0.0,0.0,0.0,0.22222,0,0,0.69473,-4.83999,0.73538,0.0,0.0,1.0,0.0,0.0,0.0
3qx5out4vb7cwhet8y9_0002,0.2222222222222222,8,36	2.96778,3.61902,1.18764,0.64357,0.68696,0.03822,0.1234,0.164,0.6482,0.73341,53.55895,169.54768,30.25844,235.77246,0.3,0.3,0.0,0.0,0.0,0.0,0.0,0.0,0.22222,0,0,0.40592,-4.75999,0.7563,0.0,0.0,1.0,0.0,0.0,0.0
ueap6wa1295eq0r2b4a_0001,0.2222222222222222,8,36	2.96778,3.61902,0.51977,0.26359,0.61684,-0.07752,0.4295,0.19929,0.58994,0.43359,49.78143,185.22972,24.00483,296.69682,0.3,0.3,0.0,0.0,0.0,0.0,0.0,0.0,0.22222,0,0,0.42707,-6.0,1.1149,0.0,1.0,1.0,1.0,0.0,0.0
33uh08d9net1e5dg0ql_0006,0.2222222222222222,8,36	2.96778,3.61902,1.74897,0.57103,0.6067,0.08374,0.211,0.20065,0.70664,0.74771,54.85158,181.44376,26.83616,308.71808,0.3,0.3,0.0,0.0,0.0,0.0,0.0,0.0,0.22222,0,0,0.23194,-5.49999,1.25298,0.0,0.0,1.0,0.0,0.0,0.0
3dcwgtow5ddjvht6hw3_0013,0.2222222222222222,8,36	2.96778,3.61902,-0.01409,0.50091,0.96595,-0.07135,0.29193,0.22639,0.78509,0.67444,49.88039,175.89462,30.30894,127.92616,0.3,0.3,0.0,0.0,0.0,0.0,0.0,0.0,0.22222,0,0,0.68145,-3.91999,0.7022,0.0,0.0,1.0,0.0,0.0,0.0
3gfe2qksi10ihhb7o2p_0000,0.2222222222222222,8,36	2.96778,3.61902,0.26863,0.37095,0.77611,0.01472,0.36023,0.07279,0.73961,0.72038,49.96646,180.36016,40.46592,120.24496,0.3,0.3,0.0,0.0,0.0,0.0,0.0,0.0,0.22222,0,0,0.4229,-4.95999,0.91492,0.0,0.0,0.0,0.0,0.0,0.0
19gyek1erm02t54kkal9_0000,0.2222222222222222,8,36	2.96778,3.61902,-0.12375,0.31306,0.6671,0.07129,0.29074,0.17845,0.80072,0.47484,58.9375,165.1875,73.78881,44.72049,0.3,0.3,0.0,0.0,0.0,0.0,0.0,0.0,0.22222,0,0,0.62067,-5.51999,0.78027,0.0,1.0,1.0,3.0,0.0,0.0
19gyek1erm02t54kkal9_0014,0.2222222222222222,8,36	2.96778,3.61902,-0.12375,0.399,0.91417,0.07129,0.24366,0.16594,0.89774,0.33841,56.3125,191.8125,76.02484,0.0,0.3,0.3,0.0,0.0,0.0,0.0,0.0,0.0,0.22222,0,0,0.2795,-4.35999,1.07035,0.0,1.0,1.0,1.0,0.0,0.0
19gyek1erm02t54kkal9_0072,0.2222222222222222,8,36	2.96778,3.61902,-0.34336,0.22161,0.49182,0.07129,0.31647,0.1878,0.67478,0.68308,44.52529,171.7562,336.72821,235.16179,0.3,0.3,0.0,0.0,0.0,0.0,0.0,0.0,0.22222,0,0,1.30117,-6.74,0.54239,0.0,0.0,1.0,0.0,0.0,0.0
cff1nqsf97fw4uo4ai_0004,0.2222222222222222,8,36	2.96778,3.61902,2.31287,0.22397,0.10164,-0.00332,0.19605,0.1522,0.70115,0.67273,40.87531,174.68043,332.80681,234.94177,0.3,0.3,0.0,0.0,0.0,0.0,0.0,0.0,0.22222,0,0,0.25132,-15.77999,1.34699,0.0,0.0,1.0,0.0,0.0,0.0
3fqwsdhb1ym04rh00gq_0005,0.2222222222222222,8,36	2.96778,3.61902,-0.2069,0.83933,0.95834,0.04409,0.17427,0.17706,0.72377,0.40504,57.4375,170.8125,35.77639,239.25465,0.3,0.3,0.0,0.0,0.0,0.0,0.0,0.0,0.22222,0,0,1.10347,-3.43999,0.4366,0.0,1.0,0.0,0.0,0.0,0.0
vwweoy455ac7hjhg87r_0001,0.21621621621621623,8,37	2.96778,3.61902,-0.39864,0.4981,0.56417,0.01644,0.25359,0.06448,0.86758,0.34458,42.14346,181.55465,37.73705,275.04,0.3,0.3,0.0,0.0,0.0,0.0,0.0,0.0,0.21621,0,0,2.31695,-5.41999,0.31925,0.0,1.0,1.0,1.0,0.0,0.0
vwweoy455ac7hjhg87r_0006,0.21621621621621623,8,37	2.96778,3.61902,-0.39864,0.4981,0.56417,0.01644,0.2871,0.14819,0.76901,0.59079,42.14346,179.19875,37.73705,301.28486,0.3,0.3,0.0,0.0,0.0,0.0,0.0,0.0,0.21621,0,0,3.55834,-5.17999,0.28062,0.0,1.0,1.0,0.0,0.0,0.0
xixmemkam5yug2bts83_0003,0.21621621621621623,8,37	2.96778,3.61902,1.22419,0.67709,0.91758,-0.0125,0.24385,0.22879,0.76317,0.73185,54.79814,171.68085,34.35527,300.61219,0.3,0.3,0.0,0.0,0.0,0.0,0.0,0.0,0.21621,0,0,0.2973,-3.95999,1.05234,0.0,0.0,1.0,1.0,0.0,0.0
3attp2fjo7hdbchuwb3_0005,0.21621621621621623,8,37	2.96778,3.61902,1.07615,0.69218,0.55396,0.00133,0.29836,0.16143,0.74589,0.63052,38.01384,184.06497,35.83466,295.54639,0.3,0.3,0.0,0.0,0.0,0.0,0.0,0.0,0.21621,0,0,0.33898,-4.95999,1.04949,0.0,0.0,1.0,0.0,0.0,0.0
3dcwgtow5ddjvht6hw3_0004,0.21621621621621623,8,37	2.96778,3.61902,0.67426,0.62676,0.80548,0.00801,0.07684,0.1003,0.71109,0.65675,56.78234,177.29351,40.62083,120.24187,0.3,0.3,0.0,0.0,0.0,0.0,0.0,0.0,0.21621,0,0,0.34787,-4.39999,0.64596,0.0,1.0,1.0,1.0,0.0,0.0
15xiy4k8e550aebz9uw5_0008,0.21052631578947367,8,38	2.96778,3.61902,1.20855,0.41128,0.77828,-0.01292,0.42207,0.13815,0.72711,0.59857,46.0,183.43471,60.37267,231.10541,0.3,0.3,0.0,0.0,0.0,0.0,0.0,0.0,0.21052,0,0,0.69167,-4.85999,0.75967,0.0,1.0,1.0,0.0,0.0,0.0
15dugu5uu7gkxrn4zzog_0002,0.2,7,35	2.96778,3.61902,3.494,-0.05233,0.0821,0.09206,0.4297,0.07813,0.73514,0.62247,49.81052,168.59392,211.66566,239.26673,0.3,0.3,0.0,0.0,0.0,0.0,0.0,0.0,0.2,0,0,1.89369,-22.43999,0.45661,0.0,1.0,1.0,1.0,0.0,0.0
3dcwgtow5ddjvht6hw3_0008,0.2,7,35	2.96778,3.61902,-0.01409,0.50091,0.96595,-0.07135,0.38714,0.10734,0.78509,0.67444,49.88039,175.89462,30.30894,127.92616,0.3,0.3,0.0,0.0,0.0,0.0,0.0,0.0,0.2,0,0,0.65023,-3.95999,0.70961,0.0,1.0,1.0,0.0,0.0,0.0
wx726c169v01j7vsnyq_0003,0.2,7,35	2.96778,3.61902,3.13672,-0.01438,-0.08456,-0.02432,0.39116,0.06041,0.68168,0.60452,51.72022,169.23472,38.11062,61.3759,0.3,0.3,0.0,0.0,0.0,0.0,0.0,0.0,0.2,0,0,0.14031,-29.99999,2.74871,0.0,0.0,1.0,0.0,0.0,0.0
19gyek1erm02t54kkal9_0055,0.2,7,35	2.96778,3.61902,-0.12375,0.31306,0.6671,0.07129,0.29074,0.17845,0.7405,0.45898,58.9375,165.1875,73.78881,44.72049,0.3,0.3,0.0,0.0,0.0,0.0,0.0,0.0,0.2,0,0,0.62067,-5.51999,0.78027,0.0,1.0,1.0,0.0,0.0,0.0
3qx5out4vb7cwhet8y9_0009,0.19444444444444445,7,36	2.96778,3.61902,0.47735,0.55193,0.95849,0.0488,0.26455,0.13945,0.61068,0.63036,46.24549,182.43294,337.75533,296.00899,0.3,0.3,0.0,0.0,0.0,0.0,0.0,0.0,0.19444,0,0,0.36757,-3.95999,0.88435,0.0,0.0,0.0,0.0,0.0,0.0
xixmemkam5yug2bts83_0014,0.19444444444444445,7,36	2.96778,3.61902,1.30636,0.54088,0.71685,-0.0125,0.28593,0.2261,0.68225,0.70847,51.49296,179.94039,41.26338,307.90452,0.3,0.3,0.0,0.0,0.0,0.0,0.0,0.0,0.19444,0,0,0.58888,-4.85999,0.79601,0.0,0.0,1.0,0.0,0.0,0.0
12rwgejucgomb9bw8e20_0003,0.19444444444444445,7,36	2.96778,3.61902,0.81679,0.61999,0.6671,0.02005,0.19658,0.17845,0.82748,0.41773,47.125,186.1875,295.15527,156.52173,0.3,0.3,0.0,0.0,0.0,0.0,0.0,0.0,0.19444,0,0,2.09984,-4.59999,0.34412,0.0,1.0,0.0,0.0,0.0,0.0
wx726c169v01j7vsnyq_0000,0.19444444444444445,7,36	2.96778,3.61902,0.77306,0.40211,0.58912,-0.02432,0.25189,0.19855,0.79082,0.59041,46.66442,178.48305,334.97583,117.06655,0.3,0.3,0.0,0.0,0.0,0.0,0.0,0.0,0.19444,0,0,0.65785,-5.73999,0.7451,0.0,0.0,1.0,1.0,0.0,0.0
19gyek1erm02t54kkal9_0053,0.19444444444444445,7,36	2.96778,3.61902,-0.12375,0.31306,0.6671,0.07129,0.29074,0.17845,0.70369,0.45898,58.9375,165.1875,73.78881,44.72049,0.3,0.3,0.0,0.0,0.0,0.0,0.0,0.0,0.19444,0,0,0.62067,-5.51999,0.78027,0.0,1.0,1.0,0.0,0.0,0.0
19gyek1erm02t54kkal9_0070,0.19444444444444445,7,36	2.96778,3.61902,-0.12375,0.399,0.91417,0.07129,0.24366,0.16594,0.89774,0.33841,53.5,168.75,69.31677,0.0,0.3,0.3,0.0,0.0,0.0,0.0,0.0,0.0,0.19444,0,0,0.2795,-4.35999,1.07035,0.0,1.0,1.0,0.0,0.0,0.0
3dcwgtow5ddjvht6hw3_0009,0.1891891891891892,7,37	2.96778,3.61902,-0.01409,0.50091,0.96595,-0.07135,0.38714,0.10734,0.60201,0.54725,49.88039,169.40506,30.30894,172.94117,0.3,0.3,0.0,0.0,0.0,0.0,0.0,0.0,0.18918,0,0,0.65023,-3.95999,0.70961,0.0,1.0,1.0,0.0,0.0,0.0
19gyek1erm02t54kkal9_0064,0.1891891891891892,7,37	2.96778,3.61902,-0.12375,0.41128,0.91417,0.07129,0.3626,0.17567,0.79068,0.33841,58.9375,167.4375,73.78881,0.0,0.3,0.3,0.0,0.0,0.0,0.0,0.0,0.0,0.18918,0,0,0.42723,-4.27999,0.95189,0.0,1.0,1.0,0.0,0.0,0.0
3fqwsdhb1ym04rh00gq_0003,0.1891891891891892,7,37	2.96778,3.61902,-0.2069,0.83933,0.95834,0.04409,0.17427,0.17706,0.72377,0.40504,55.9375,170.8125,35.77639,239.25465,0.3,0.3,0.0,0.0,0.0,0.0,0.0,0.0,0.18918,0,0,1.10347,-3.43999,0.4366,0.0,1.0,1.0,0.0,0.0,0.0
wx726c169v01j7vsnyq_0004,0.17142857142857143,6,35	2.96778,3.61902,0.98175,0.45075,0.4466,-0.02432,0.2292,0.16483,0.731,0.69382,39.1791,170.94063,141.65808,248.56713,0.3,0.3,0.0,0.0,0.0,0.0,0.0,0.0,0.17142,0,0,1.08794,-6.3,0.54,0.0,0.0,1.0,0.0,0.0,0.0
vwweoy455ac7hjhg87r_0004,0.16666666666666666,6,36	2.96778,3.61902,0.87704,0.95762,0.9783,0.0452,0.35865,0.12727,0.74572,0.70579,45.14434,180.89221,37.41774,123.54081,0.3,0.3,0.0,0.0,0.0,0.0,0.0,0.0,0.16666,0,0,0.76187,-3.25999,0.60075,0.0,0.0,1.0,1.0,0.0,0.0
vwweoy455ac7hjhg87r_0012,0.16666666666666666,6,36	2.96778,3.61902,0.38353,0.49017,0.91769,0.0452,0.33142,0.09117,0.73936,0.72177,47.60027,179.73019,35.8172,300.50605,0.3,0.3,0.0,0.0,0.0,0.0,0.0,0.0,0.16666,0,0,0.56008,-4.17999,0.73078,0.0,0.0,1.0,0.0,0.0,0.0
3qx5out4vb7cwhet8y9_0005,0.16666666666666666,6,36	2.96778,3.61902,0.51364,0.74394,0.87644,-0.06639,0.23825,0.19627,0.67627,0.62142,52.42591,175.74221,321.15773,55.49741,0.3,0.3,0.0,0.0,0.0,0.0,0.0,0.0,0.16666,0,0,6.62713,-3.65999,0.18688,0.0,0.0,0.0,0.0,0.0,0.0
3qx5out4vb7cwhet8y9_0007,0.16666666666666666,6,36	2.96778,3.61902,0.50064,0.4064,0.82881,0.02325,0.27083,0.1477,0.78449,0.71884,56.23144,177.89481,327.67228,241.11332,0.3,0.3,0.0,0.0,0.0,0.0,0.0,0.0,0.16666,0,0,0.36024,-4.67999,0.96254,0.0,0.0,0.0,0.0,0.0,0.0
15noyqp1raya7el2km7h_0000,0.16666666666666666,6,36	2.96778,3.61902,1.18904,0.93606,0.85682,0.09206,0.43704,0.19317,0.69638,0.66411,39.99514,180.30267,213.36853,60.93212,0.3,0.3,0.0,0.0,0.0,0.0,0.0,0.0,0.16666,0,0,0.34678,-3.55999,1.06494,0.0,0.0,0.0,0.0,0.0,0.0
12cpb965g4ijg1y3oopn_0003,0.16666666666666666,6,36	2.96778,3.61902,0.84767,0.23865,0.48668,0.07298,0.36767,0.18477,0.59804,0.58602,52.36085,168.38854,326.48321,121.746,0.3,0.3,0.0,0.0,0.0,0.0,0.0,0.0,0.16666,0,0,1.54105,-6.68,0.50678,0.0,1.0,0.0,0.0,0.0,0.0
12cpb965g4ijg1y3oopn_0004,0.16666666666666666,6,36	2.96778,3.61902,0.84767,0.23865,0.48668,0.07298,0.38004,0.18477,0.59804,0.58602,52.36085,168.38854,326.48321,121.746,0.3,0.3,0.0,0.0,0.0,0.0,0.0,0.0,0.16666,0,0,1.59931,-6.64,0.49971,0.0,1.0,0.0,0.0,0.0,0.0
3dcwgtow5ddjvht6hw3_0006,0.16666666666666666,6,36	2.96778,3.61902,1.41688,0.40369,0.62385,0.00801,0.22266,0.17386,0.70261,0.71774,53.39024,177.98607,319.42333,235.20246,0.3,0.3,0.0,0.0,0.0,0.0,0.0,0.0,0.16666,0,0,0.47296,-5.85999,0.8495,0.0,0.0,1.0,1.0,0.0,0.0
19gyek1erm02t54kkal9_0010,0.16666666666666666,6,36	2.96778,3.61902,-0.34336,0.59543,0.44473,0.07129,0.31304,0.184,0.70035,0.77942,58.9375,172.5,308.57142,54.7826,0.3,0.3,0.0,0.0,0.0,0.0,0.0,0.0,0.16666,0,0,0.81585,-5.43999,0.68009,0.0,1.0,1.0,1.0,0.0,0.0
19gyek1erm02t54kkal9_0011,0.16666666666666666,6,36	2.96778,3.61902,-0.12375,0.31306,0.6671,0.07129,0.33782,0.18678,0.70035,0.46849,45.8125,164.8125,286.21118,42.48447,0.3,0.3,0.0,0.0,0.0,0.0,0.0,0.0,0.16666,0,0,0.73114,-5.45999,0.74139,0.0,1.0,1.0,1.0,0.0,0.0
19gyek1erm02t54kkal9_0012,0.16666666666666666,6,36	2.96778,3.61902,-0.12375,0.31306,0.6671,0.07129,0.29074,0.17845,0.74719,0.45263,58.9375,165.1875,73.78881,44.72049,0.3,0.3,0.0,0.0,0.0,0.0,0.0,0.0,0.16666,0,0,0.62067,-5.51999,0.78027,0.0,1.0,1.0,1.0,0.0,0.0
vwweoy455ac7hjhg87r_0013,0.16216216216216217,6,37	2.96778,3.61902,0.79404,0.58485,0.62983,0.0452,0.09832,0.10711,0.68584,0.62924,38.33074,175.32924,326.73933,246.2352,0.3,0.3,0.0,0.0,0.0,0.0,0.0,0.0,0.16216,0,0,0.82667,-5.09999,0.45757,0.0,0.0,1.0,0.0,0.0,0.0
3tgtgter648065qbhtw_0001,0.16216216216216217,6,37	2.96778,3.61902,0.9653,0.84097,0.46944,-0.0122,0.14206,0.03533,0.66889,0.70389,54.8412,179.68192,219.74567,248.71178,0.3,0.3,0.0,0.0,0.0,0.0,0.0,0.0,0.16216,0,0,0.04884,-4.53999,1.88058,0.0,1.0,0.0,0.0,0.0,0.0
xixmemkam5yug2bts83_0005,0.16216216216216217,6,37	2.96778,3.61902,1.28865,0.46087,0.77862,-0.0125,0.27953,0.2122,0.64393,0.67138,39.64468,168.84071,327.83672,56.81772,0.3,0.3,0.0,0.0,0.0,0.0,0.0,0.0,0.16216,0,0,0.60007,-4.81999,0.77275,0.0,0.0,1.0,1.0,0.0,0.0
3pc96tyc6y2vdv2y8vx_0002,0.16216216216216217,6,37	2.96778,3.61902,0.16508,0.41244,0.87717,0.01983,0.3684,0.1171,0.79436,0.65216,54.42655,170.20568,37.58905,64.12814,0.3,0.3,0.0,0.0,0.0,0.0,0.0,0.0,0.16216,0,0,0.52297,-4.41999,0.8221,0.0,0.0,1.0,1.0,0.0,0.0
495r16waa2gukwjvubx_0001,0.16216216216216217,6,37	2.96778,3.61902,-0.53938,0.19176,0.28862,-0.07087,0.27739,0.04472,0.61044,0.68693,50.66453,168.71239,24.18071,51.24282,0.3,0.3,0.0,0.0,0.0,0.0,0.0,0.0,0.16216,0,0,8.46462,-8.98,0.16831,0.0,0.0,0.0,0.0,0.0,0.0
3d8z7idjs2c35shkww1_0000,0.16216216216216217,6,37	2.96778,3.61902,1.16766,0.42573,0.55529,0.07036,0.1802,0.16162,0.62054,0.62583,46.71087,179.61995,147.68309,51.77949,0.3,0.3,0.0,0.0,0.0,0.0,0.0,0.0,0.16216,0,0,1.66257,-5.85999,0.3963,0.0,0.0,0.0,0.0,0.0,0.0
3dcwgtow5ddjvht6hw3_0002,0.16216216216216217,6,37	2.96778,3.61902,0.64049,0.44714,0.87865,0.00801,0.43531,0.22899,0.60572,0.57531,39.69024,177.30557,329.77616,296.86818,0.3,0.3,0.0,0.0,0.0,0.0,0.0,0.0,0.16216,0,0,0.49866,-4.31999,0.95674,0.0,0.0,1.0,1.0,0.0,0.0
wo1naozouucfdmh6rgh_0000,0.16216216216216217,6,37	2.96778,3.61902,0.32236,0.36007,0.62064,0.01956,0.35356,0.06953,0.75684,0.57848,44.78444,169.84037,34.69376,117.11415,0.3,0.3,0.0,0.0,0.0,0.0,0.0,0.0,0.16216,0,0,0.93643,-5.63999,0.59732,0.0,0.0,0.0,0.0,0.0,0.0
19gyek1erm02t54kkal9_0003,0.14285714285714285,5,35	2.96778,3.61902,-0.34336,0.22712,0.49415,0.07129,0.32047,0.17706,0.68697,0.72548,45.0625,172.5,301.86335,234.7826,0.3,0.3,0.0,0.0,0.0,0.0,0.0,0.0,0.14285,0,0,1.34443,-6.7,0.5295,0.0,1.0,1.0,2.0,0.0,0.0
19gyek1erm02t54kkal9_0022,0.14285714285714285,5,35	2.96778,3.61902,-0.34336,0.27623,0.59298,0.07129,0.32047,0.18539,0.68362,0.7001,45.0625,171.7562,301.86335,55.16179,0.3,0.3,0.0,0.0,0.0,0.0,0.0,0.0,0.14285,0,0,0.99034,-5.94,0.62381,0.0,1.0,1.0,1.0,0.0,0.0
15xiy4k8e550aebz9uw5_0007,0.1388888888888889,5,36	2.96778,3.61902,1.20855,0.41128,0.77828,-0.01292,0.42207,0.13815,0.72711,0.5954,42.80375,183.43471,22.25066,231.10541,0.3,0.3,0.0,0.0,0.0,0.0,0.0,0.0,0.13888,0,0,0.69167,-4.85999,0.75967,0.0,1.0,1.0,0.0,0.0,0.0
3tgtgter648065qbhtw_0000,0.1388888888888889,5,36	2.96778,3.61902,1.00666,0.50918,0.44354,-0.0122,0.26492,0.08379,0.66889,0.70389,54.8412,179.68192,219.74567,248.71178,0.3,0.3,0.0,0.0,0.0,0.0,0.0,0.0,0.13888,0,0,0.28201,-6.4,1.12118,0.0,0.0,0.0,0.0,0.0,0.0
xixmemkam5yug2bts83_0011,0.1388888888888889,5,36	2.96778,3.61902,1.00405,0.34018,0.79984,-0.0125,0.3692,0.09805,0.67985,0.71898,41.37987,186.27923,327.62005,293.41723,0.3,0.3,0.0,0.0,0.0,0.0,0.0,0.0,0.13888,0,0,0.2364,-5.07999,1.31308,0.0,0.0,1.0,0.0,0.0,0.0
xixmemkam5yug2bts83_0012,0.1388888888888889,5,36	2.96778,3.61902,-0.57634,0.58935,0.80996,-0.0125,0.42366,0.13487,0.68022,0.74369,52.07291,168.1485,41.00451,118.70533,0.3,0.3,0.0,0.0,0.0,0.0,0.0,0.0,0.13888,0,0,1.2117,-4.17999,0.53614,0.0,0.0,1.0,0.0,0.0,0.0
495r16waa2gukwjvubx_0000,0.1388888888888889,5,36	2.96778,3.61902,0.0978,0.05479,0.04817,0.02454,0.37288,0.04673,0.60341,0.60108,44.66002,177.16487,212.63015,249.15793,0.3,0.3,0.0,0.0,0.0,0.0,0.0,0.0,0.13888,0,0,4.49056,-14.81999,0.26304,0.0,0.0,0.0,0.0,0.0,0.0
15dugu5uu7gkxrn4zzog_0007,0.1388888888888889,5,36	2.96778,3.61902,0.31404,0.20719,0.25442,0.09206,0.33451,0.03514,0.6655,0.63,38.02065,170.37114,41.41299,241.26814,0.3,0.3,0.0,0.0,0.0,0.0,0.0,0.0,0.13888,0,0,26.48806,-8.9,0.09491,0.0,0.0,1.0,0.0,0.0,0.0
19gyek1erm02t54kkal9_0029,0.1388888888888889,5,36	2.96778,3.61902,-0.34336,0.22712,0.49415,0.07129,0.32047,0.18539,0.68697,0.72548,45.0625,172.5,301.86335,234.7826,0.3,0.3,0.0,0.0,0.0,0.0,0.0,0.0,0.13888,0,0,1.37683,-6.68,0.52498,0.0,1.0,1.0,0.0,0.0,0.0
19gyek1erm02t54kkal9_0071,0.1388888888888889,5,36	2.96778,3.61902,-0.12375,0.399,0.91417,0.07129,0.24366,0.16594,0.89774,0.33841,56.3125,168.75,76.02484,0.0,0.3,0.3,0.0,0.0,0.0,0.0,0.0,0.0,0.13888,0,0,0.2795,-4.35999,1.07035,0.0,1.0,1.0,0.0,0.0,0.0
cff1nqsf97fw4uo4ai_0005,0.1388888888888889,5,36	2.96778,3.61902,0.57328,-0.73821,-0.15702,-0.00332,0.30371,0.11272,0.75161,0.74513,39.20015,168.52813,216.83143,124.52237,0.3,0.3,0.0,0.0,0.0,0.0,0.0,0.0,0.13888,0,0,0.02461,0.0,4.72712,0.0,0.0,1.0,0.0,0.0,0.0
1924axlo25b8scp708_0000,0.1388888888888889,5,36	2.96778,3.61902,1.25055,0.68261,0.76504,0.02199,0.27806,0.11182,0.69122,0.61452,50.4036,180.61987,206.7048,111.92207,0.3,0.3,0.0,0.0,0.0,0.0,0.0,0.0,0.13888,0,0,0.47554,-4.37999,0.77451,0.0,0.0,0.0,0.0,0.0,0.0
3fqwsdhb1ym04rh00gq_0004,0.1388888888888889,5,36	2.96778,3.61902,-0.22276,0.80414,0.88947,0.04409,0.29074,0.23681,0.62674,0.33841,35.125,168.1875,20.12422,228.07453,0.3,0.3,0.0,0.0,0.0,0.0,0.0,0.0,0.13888,0,0,2.23808,-3.51999,0.35738,0.0,1.0,1.0,0.0,0.0,0.0
vwweoy455ac7hjhg87r_0011,0.13513513513513514,5,37	2.96778,3.61902,0.42214,0.31635,0.7599,0.0452,0.4136,0.10915,0.7823,0.66233,52.04036,185.81916,41.45898,58.28326,0.3,0.3,0.0,0.0,0.0,0.0,0.0,0.0,0.13513,0,0,0.51541,-5.09999,0.89212,0.0,0.0,1.0,0.0,0.0,0.0
xixmemkam5yug2bts83_0009,0.13513513513513514,5,37	2.96778,3.61902,0.80301,0.76503,0.97921,-0.01727,0.16695,0.10721,0.76533,0.58476,51.98559,171.71291,36.60499,299.44821,0.3,0.3,0.0,0.0,0.0,0.0,0.0,0.0,0.13513,0,0,0.58594,-3.61999,0.55525,0.0,0.0,1.0,0.0,0.0,0.0
15mf6nsgvbgk0deu8kep_0001,0.13513513513513514,5,37	2.96778,3.61902,3.36882,0.16815,0.10063,-0.08368,0.15616,0.22053,0.73786,0.72297,40.3029,183.1696,336.44606,237.68543,0.3,0.3,0.0,0.0,0.0,0.0,0.0,0.0,0.13513,0,0,0.28865,-19.59999,1.25465,0.0,0.0,0.0,0.0,0.0,0.0
3pc96tyc6y2vdv2y8vx_0003,0.13513513513513514,5,37	2.96778,3.61902,-0.35145,0.66514,0.84951,0.01983,0.09966,0.19243,0.61014,0.57612,38.10642,184.0178,325.72689,241.48194,0.3,0.3,0.0,0.0,0.0,0.0,0.0,0.0,0.13513,0,0,1.01306,-4.03999,0.44408,0.0,0.0,1.0,0.0,0.0,0.0
3pc96tyc6y2vdv2y8vx_0006,0.13513513513513514,5,37	2.96778,3.61902,0.95838,0.65474,0.74036,0.01983,0.29513,0.12596,0.7391,0.59273,40.93257,177.73217,332.4921,114.96082,0.3,0.3,0.0,0.0,0.0,0.0,0.0,0.0,0.13513,0,0,0.78167,-4.39999,0.61335,0.0,0.0,1.0,0.0,0.0,0.0
15dugu5uu7gkxrn4zzog_0004,0.13513513513513514,5,37	2.96778,3.61902,1.71592,0.0461,-0.81702,0.09206,0.12058,0.12236,0.67368,0.73565,47.43374,172.74293,143.4816,234.07238,0.3,0.3,0.0,0.0,0.0,0.0,0.0,0.0,0.13513,0,0,0.01184,0.0,4.99673,0.0,1.0,1.0,0.0,0.0,0.0
15dugu5uu7gkxrn4zzog_0006,0.13513513513513514,5,37	2.96778,3.61902,1.71592,0.0461,-0.81702,0.09206,0.12058,0.12236,0.67368,0.73565,47.43374,172.74293,143.4816,234.07238,0.3,0.3,0.0,0.0,0.0,0.0,0.0,0.0,0.13513,0,0,0.01184,0.0,4.99673,0.0,0.0,1.0,0.0,0.0,0.0
19gyek1erm02t54kkal9_0032,0.13513513513513514,5,37	2.96778,3.61902,-0.34336,0.59543,0.44473,0.07129,0.32047,0.17706,0.70035,0.77942,59.6875,172.5,315.2795,54.7826,0.3,0.3,0.0,0.0,0.0,0.0,0.0,0.0,0.13513,0,0,0.81878,-5.43999,0.67924,0.0,1.0,1.0,0.0,0.0,0.0
19gyek1erm02t54kkal9_0041,0.13513513513513514,5,37	2.96778,3.61902,-0.34336,0.26395,0.56827,0.07129,0.32047,0.18539,0.70035,0.46849,45.8125,171.7562,286.21118,235.16179,0.3,0.3,0.0,0.0,0.0,0.0,0.0,0.0,0.13513,0,0,1.06785,-6.12,0.60023,0.0,1.0,1.0,0.0,0.0,0.0
cff1nqsf97fw4uo4ai_0003,0.13513513513513514,5,37	2.96778,3.61902,0.94585,0.69693,0.76801,-0.00332,0.17653,0.04833,0.59728,0.60454,53.71246,176.84439,214.11263,247.17431,0.3,0.3,0.0,0.0,0.0,0.0,0.0,0.0,0.13513,0,0,0.14553,-4.35999,1.14438,0.0,0.0,1.0,0.0,0.0,0.0
1767pzdvfhm4nlg3xalk_0000,0.13157894736842105,5,38	2.96778,3.61902,0.40775,0.70532,0.95214,-0.01198,0.2272,0.12849,0.63529,0.70097,49.18165,175.5205,26.85665,246.04512,0.3,0.3,0.0,0.0,0.0,0.0,0.0,0.0,0.13157,0,0,0.81411,-3.69999,0.52983,0.0,0.0,0.0,0.0,0.0,0.0
15xiy4k8e550aebz9uw5_0001,0.11428571428571428,4,35	2.96778,3.61902,1.20855,0.41128,0.77828,-0.01292,0.42207,0.13815,0.72711,0.5954,46.0,183.43471,60.37267,231.10541,0.3,0.3,0.0,0.0,0.0,0.0,0.0,0.0,0.11428,0,0,0.69167,-4.85999,0.75967,0.0,1.0,1.0,1.0,0.0,0.0
ueap6wa1295eq0r2b4a_0005,0.11428571428571428,4,35	2.96778,3.61902,1.28875,0.26359,0.61684,-0.07752,0.3893,0.18168,0.66526,0.69738,49.78143,185.22972,24.00483,296.69682,0.3,0.3,0.0,0.0,0.0,0.0,0.0,0.0,0.11428,0,0,0.56815,-6.18,0.90458,0.0,0.0,1.0,0.0,0.0,0.0
19gyek1erm02t54kkal9_0039,0.11428571428571428,4,35	2.96778,3.61902,-0.34336,0.26395,0.56827,0.07129,0.32047,0.18539,0.74384,0.46849,46.0,171.7562,297.3913,235.16179,0.3,0.3,0.0,0.0,0.0,0.0,0.0,0.0,0.11428,0,0,1.06785,-6.12,0.60023,0.0,1.0,1.0,0.0,0.0,0.0
19gyek1erm02t54kkal9_0069,0.11428571428571428,4,35	2.96778,3.61902,-0.12375,0.41128,0.91417,0.07129,0.24366,0.16594,0.89774,0.37331,53.5,168.75,69.31677,0.0,0.3,0.3,0.0,0.0,0.0,0.0,0.0,0.0,0.11428,0,0,0.30177,-4.31999,1.02412,0.0,1.0,1.0,0.0,0.0,0.0
15xiy4k8e550aebz9uw5_0009,0.1111111111111111,4,36	2.96778,3.61902,1.20855,0.41128,0.77828,-0.01292,0.42207,0.13815,0.72711,0.59857,47.875,184.6875,64.84472,210.18633,0.3,0.3,0.0,0.0,0.0,0.0,0.0,0.0,0.11111,0,0,0.69167,-4.85999,0.75967,0.0,1.0,1.0,0.0,0.0,0.0
vwweoy455ac7hjhg87r_0007,0.1111111111111111,4,36	2.96778,3.61902,-0.39864,0.4981,0.56417,0.01644,0.2871,0.14819,0.86758,0.34458,42.14346,181.55465,37.73705,275.04,0.3,0.3,0.0,0.0,0.0,0.0,0.0,0.0,0.11111,0,0,3.55834,-5.17999,0.28062,0.0,1.0,1.0,0.0,0.0,0.0
15mf6nsgvbgk0deu8kep_0000,0.1111111111111111,4,36	2.96778,3.61902,-1.87886,0.13202,0.17367,-0.08368,0.42862,0.21331,0.62902,0.70976,56.20085,177.93526,144.73963,56.22178,0.3,0.3,0.0,0.0,0.0,0.0,0.0,0.0,0.11111,0,0,605.52369,-9.78,0.02076,0.0,0.0,0.0,0.0,0.0,0.0
495r16waa2gukwjvubx_0002,0.1111111111111111,4,36	2.96778,3.61902,3.83576,0.1551,0.11877,0.06824,0.1452,0.17921,0.66484,0.66119,45.29259,180.07334,319.62577,230.22723,0.3,0.3,0.0,0.0,0.0,0.0,0.0,0.0,0.11111,0,0,0.20763,-22.05999,1.44394,0.0,0.0,0.0,0.0,0.0,0.0
12rwgejucgomb9bw8e20_0000,0.1111111111111111,4,36	2.96778,3.61902,0.42077,0.63226,0.70416,0.02005,0.1371,0.13259,0.8877,0.33841,53.6875,183.75,301.86335,134.16149,0.3,0.3,0.0,0.0,0.0,0.0,0.0,0.0,0.11111,0,0,1.84388,-4.51999,0.32289,0.0,1.0,0.0,1.0,0.0,0.0
19gyek1erm02t54kkal9_0040,0.1111111111111111,4,36	2.96778,3.61902,-0.34336,0.26395,0.56827,0.07129,0.32047,0.18539,0.70035,0.46849,46.0,171.7562,297.3913,235.16179,0.3,0.3,0.0,0.0,0.0,0.0,0.0,0.0,0.11111,0,0,1.06785,-6.12,0.60023,0.0,1.0,1.0,0.0,0.0,0.0
19gyek1erm02t54kkal9_0050,0.1111111111111111,4,36	2.96778,3.61902,-0.12375,0.31306,0.6671,0.07129,0.29074,0.17845,0.74719,0.45263,45.8125,165.1875,286.21118,44.72049,0.3,0.3,0.0,0.0,0.0,0.0,0.0,0.0,0.11111,0,0,0.62067,-5.51999,0.78027,0.0,1.0,1.0,0.0,0.0,0.0
3dcwgtow5ddjvht6hw3_0012,0.10810810810810811,4,37	2.96778,3.61902,-0.11892,0.42854,0.78694,0.00801,0.1571,0.20955,0.4295,0.69183,41.49999,167.02014,328.90485,130.17275,0.3,0.3,0.0,0.0,0.0,0.0,0.0,0.0,0.10810,0,0,0.51611,-4.73999,0.74498,0.0,1.0,1.0,0.0,0.0,0.0
3fgwsea7m30zq1q01i4_0003,0.10810810810810811,4,37	2.96778,3.61902,0.64232,0.76914,0.83499,-0.06271,0.14569,0.20755,0.68183,0.61376,44.7421,171.83356,216.63462,129.51729,0.3,0.3,0.0,0.0,0.0,0.0,0.0,0.0,0.10810,0,0,0.37939,-3.89999,0.80827,0.0,0.0,1.0,2.0,0.0,0.0
19gyek1erm02t54kkal9_0027,0.10810810810810811,4,37	2.96778,3.61902,-0.12375,0.399,0.91417,0.07129,0.24366,0.16594,0.89774,0.33841,56.3125,171.1875,76.02484,0.0,0.3,0.3,0.0,0.0,0.0,0.0,0.0,0.0,0.10810,0,0,0.2795,-4.35999,1.07035,0.0,1.0,1.0,1.0,0.0,0.0
19gyek1erm02t54kkal9_0031,0.08571428571428572,3,35	2.96778,3.61902,-0.34336,0.59543,0.44473,0.07129,0.32047,0.17706,0.70035,0.77942,59.6875,172.5,315.2795,234.7826,0.3,0.3,0.0,0.0,0.0,0.0,0.0,0.0,0.08571,0,0,0.81878,-5.43999,0.67924,0.0,1.0,1.0,0.0,0.0,0.0
19gyek1erm02t54kkal9_0066,0.08571428571428572,3,35	2.96778,3.61902,-0.12375,0.41128,0.91417,0.07129,0.26348,0.16038,0.89774,0.37331,53.5,167.4375,69.31677,0.0,0.3,0.3,0.0,0.0,0.0,0.0,0.0,0.0,0.08571,0,0,0.31528,-4.31999,1.01555,0.0,1.0,1.0,0.0,0.0,0.0
cff1nqsf97fw4uo4ai_0006,0.08571428571428572,3,35	2.96778,3.61902,-1.80388,-1.62523,0.06423,-0.00332,0.3163,0.08196,0.74058,0.68968,51.86328,181.67464,211.78073,302.94027,0.3,0.3,0.0,0.0,0.0,0.0,0.0,0.0,0.08571,0,0,9.02863,-16.83999,0.17485,0.0,0.0,1.0,0.0,0.0,0.0
11gq0wrm9773101gn6gj_0001,0.08571428571428572,3,35	2.96778,3.61902,0.00923,0.26278,0.56856,0.07962,0.38561,0.15074,0.63958,0.71822,39.43282,176.96569,337.59245,50.73181,0.3,0.3,0.0,0.0,0.0,0.0,0.0,0.0,0.08571,0,0,1.21525,-6.04,0.5698,0.0,0.0,0.0,0.0,0.0,0.0
3fqwsdhb1ym04rh00gq_0001,0.08571428571428572,3,35	2.96778,3.61902,-0.22276,0.8287,0.88947,0.04409,0.29074,0.22847,0.71039,0.34793,50.875,185.0625,62.60869,223.60248,0.3,0.3,0.0,0.0,0.0,0.0,0.0,0.0,0.08571,0,0,1.90702,-3.47999,0.3864,0.0,1.0,1.0,1.0,0.0,0.0
15xiy4k8e550aebz9uw5_0005,0.08333333333333333,3,36	2.96778,3.61902,1.20855,0.42952,0.79436,-0.01292,0.42207,0.13815,0.72711,0.5954,42.80375,183.43471,22.25066,231.10541,0.3,0.3,0.0,0.0,0.0,0.0,0.0,0.0,0.08333,0,0,0.69925,-4.75999,0.75055,0.0,1.0,1.0,1.0,0.0,0.0
vwweoy455ac7hjhg87r_0003,0.08333333333333333,3,36	2.96778,3.61902,-0.39864,0.4981,0.56417,0.01644,0.2871,0.14819,0.79648,0.44528,42.14346,179.19875,37.73705,301.28486,0.3,0.3,0.0,0.0,0.0,0.0,0.0,0.0,0.08333,0,0,3.55834,-5.17999,0.28062,0.0,1.0,1.0,1.0,0.0,0.0
3pc96tyc6y2vdv2y8vx_0004,0.08333333333333333,3,36	2.96778,3.61902,0.54377,0.44229,0.61541,0.01983,0.28548,0.06672,0.73428,0.6516,40.65162,177.01143,333.89151,299.81536,0.3,0.3,0.0,0.0,0.0,0.0,0.0,0.0,0.08333,0,0,2.35904,-5.35999,0.32765,0.0,0.0,1.0,0.0,0.0,0.0
wx726c169v01j7vsnyq_0007,0.08333333333333333,3,36	2.96778,3.61902,3.00822,0.3025,0.21364,-0.02432,0.24768,0.14665,0.74824,0.60886,41.46483,181.1315,37.47659,122.0406,0.3,0.3,0.0,0.0,0.0,0.0,0.0,0.0,0.08333,0,0,0.14163,-13.87999,2.15216,0.0,0.0,1.0,0.0,0.0,0.0
19gyek1erm02t54kkal9_0056,0.08333333333333333,3,36	2.96778,3.61902,-0.12375,0.31306,0.6671,0.07129,0.29074,0.17845,0.80072,0.47484,58.9375,165.1875,73.78881,44.72049,0.3,0.3,0.0,0.0,0.0,0.0,0.0,0.0,0.08333,0,0,0.62067,-5.51999,0.78027,0.0,1.0,1.0,0.0,0.0,0.0
cff1nqsf97fw4uo4ai_0001,0.08333333333333333,3,36	2.96778,3.61902,0.29891,0.03928,0.05567,-0.00332,0.21831,0.01773,0.73612,0.62245,55.08164,184.3251,150.44515,113.83862,0.3,0.3,0.0,0.0,0.0,0.0,0.0,0.0,0.08333,0,0,1.38183,-20.11999,0.44183,0.0,0.0,1.0,1.0,0.0,0.0
11gq0wrm9773101gn6gj_0002,0.08333333333333333,3,36	2.96778,3.61902,0.00923,0.26278,0.56856,0.07962,0.38561,0.15074,0.63958,0.71822,40.5625,185.625,328.69565,78.26086,0.3,0.3,0.0,0.0,0.0,0.0,0.0,0.0,0.08333,0,0,1.21525,-6.04,0.5698,0.0,1.0,0.0,0.0,0.0,0.0
15xiy4k8e550aebz9uw5_0006,0.08108108108108109,3,37	2.96778,3.61902,0.86629,0.90236,0.95124,-0.05901,0.38242,0.20068,0.74719,0.35428,57.8125,184.6875,40.24844,210.18633,0.3,0.3,0.0,0.0,0.0,0.0,0.0,0.0,0.08108,0,0,0.84001,-3.35999,0.62379,0.0,1.0,1.0,1.0,0.0,0.0
xixmemkam5yug2bts83_0007,0.08108108108108109,3,37	2.96778,3.61902,0.31818,0.39687,0.71989,-0.01727,0.33407,0.12681,0.68324,0.71975,51.75042,177.16689,323.65755,53.11941,0.3,0.3,0.0,0.0,0.0,0.0,0.0,0.0,0.08108,0,0,0.79771,-5.03999,0.65752,0.0,0.0,1.0,0.0,0.0,0.0
15dugu5uu7gkxrn4zzog_0000,0.08108108108108109,3,37	2.96778,3.61902,3.24436,-0.38298,0.65784,0.09206,0.2793,0.04205,0.61032,0.59837,38.09311,170.78602,334.08561,299.18338,0.3,0.3,0.0,0.0,0.0,0.0,0.0,0.0,0.08108,0,0,0.01432,-2.39999,5.41569,0.0,0.0,1.0,1.0,0.0,0.0
15dugu5uu7gkxrn4zzog_0008,0.08108108108108109,3,37	2.96778,3.61902,-1.10317,0.22308,0.25958,0.09206,0.21095,0.20676,0.73627,0.65185,42.9127,172.46895,215.76246,126.21296,0.3,0.3,0.0,0.0,0.0,0.0,0.0,0.0,0.08108,0,0,21.25564,-8.64,0.10952,0.0,0.0,1.0,0.0,0.0,0.0
3fgwsea7m30zq1q01i4_0001,0.08108108108108109,3,37	2.96778,3.61902,1.11434,0.68137,0.53121,-0.06271,0.08761,0.22564,0.71216,0.63844,49.25195,175.08669,213.27191,243.63434,0.3,0.3,0.0,0.0,0.0,0.0,0.0,0.0,0.08108,0,0,0.30629,-5.09999,0.93674,0.0,1.0,1.0,2.0,0.0,0.0
19gyek1erm02t54kkal9_0009,0.08108108108108109,3,37	2.96778,3.61902,-0.34336,0.22712,0.49415,0.07129,0.32047,0.18539,0.68362,0.7001,45.0625,171.7562,301.86335,235.16179,0.3,0.3,0.0,0.0,0.0,0.0,0.0,0.0,0.08108,0,0,1.37683,-6.68,0.52498,0.0,1.0,1.0,1.0,0.0,0.0
19gyek1erm02t54kkal9_0033,0.08108108108108109,3,37	2.96778,3.61902,-0.34336,0.59543,0.44473,0.07129,0.32047,0.17706,0.70035,0.77942,58.9375,172.5,308.57142,54.7826,0.3,0.3,0.0,0.0,0.0,0.0,0.0,0.0,0.08108,0,0,0.81878,-5.43999,0.67924,0.0,1.0,1.0,0.0,0.0,0.0
cff1nqsf97fw4uo4ai_0002,0.08108108108108109,3,37	2.96778,3.61902,0.02112,0.00112,-0.06321,-0.00332,0.32931,0.13161,0.73168,0.71929,43.75479,173.0104,217.89429,294.33118,0.3,0.3,0.0,0.0,0.0,0.0,0.0,0.0,0.08108,0,0,9.13248,-19.65999,0.18084,0.0,0.0,1.0,1.0,0.0,0.0
xixmemkam5yug2bts83_0006,0.07894736842105263,3,38	2.96778,3.61902,-0.53004,0.43967,0.48714,-0.01727,0.30487,0.15809,0.74834,0.62139,53.62107,173.57322,40.39309,113.24814,0.3,0.3,0.0,0.0,0.0,0.0,0.0,0.0,0.07894,0,0,9.40938,-5.61999,0.17061,0.0,0.0,1.0,0.0,0.0,0.0
3qx5out4vb7cwhet8y9_0004,0.05714285714285714,2,35	2.96778,3.61902,1.0982,0.59895,0.69855,0.03822,0.10261,0.20007,0.70865,0.71529,47.98382,170.4556,32.8755,307.9916,0.3,0.3,0.0,0.0,0.0,0.0,0.0,0.0,0.05714,0,0,0.40601,-4.83999,0.77772,0.0,0.0,1.0,0.0,0.0,0.0
xixmemkam5yug2bts83_0016,0.05714285714285714,2,35	2.96778,3.61902,0.09699,0.4241,0.8333,-0.0125,0.26705,0.13348,0.62764,0.71683,52.80506,173.843,36.85262,125.53882,0.3,0.3,0.0,0.0,0.0,0.0,0.0,0.0,0.05714,0,0,0.58107,-4.57999,0.71976,0.0,0.0,0.0,0.0,0.0,0.0
3dcwgtow5ddjvht6hw3_0011,0.05714285714285714,2,35	2.96778,3.61902,0.67426,0.62676,0.80548,0.00801,0.07684,0.1003,0.82733,0.77857,56.78234,177.29351,40.62083,120.24187,0.3,0.3,0.0,0.0,0.0,0.0,0.0,0.0,0.05714,0,0,0.34787,-4.39999,0.64596,0.0,1.0,1.0,0.0,0.0,0.0
15xiy4k8e550aebz9uw5_0018,0.05555555555555555,2,36	2.96778,3.61902,0.30654,0.61368,0.4821,-0.0493,0.06766,0.23401,0.68178,0.732,48.8125,185.4375,221.36645,52.54658,0.3,0.3,0.0,0.0,0.0,0.0,0.0,0.0,0.05555,0,0,0.50333,-5.39999,0.71911,0.0,1.0,0.0,0.0,0.0,0.0
3qx5out4vb7cwhet8y9_0003,0.05555555555555555,2,36	2.96778,3.61902,-0.2016,0.63536,0.82601,0.03822,0.17087,0.17001,0.66169,0.59754,57.47252,167.02552,28.74606,231.43186,0.3,0.3,0.0,0.0,0.0,0.0,0.0,0.0,0.05555,0,0,17.59009,-3.99999,0.10429,0.0,0.0,1.0,0.0,0.0,0.0
12rwgejucgomb9bw8e20_0001,0.05555555555555555,2,36	2.96778,3.61902,0.81679,0.61999,0.6671,0.02005,0.19658,0.17845,0.8141,0.41139,62.5,187.3125,301.86335,163.22981,0.3,0.3,0.0,0.0,0.0,0.0,0.0,0.0,0.05555,0,0,2.09984,-4.59999,0.34412,0.0,1.0,0.0,1.0,0.0,0.0
3dcwgtow5ddjvht6hw3_0015,0.05555555555555555,2,36	2.96778,3.61902,0.67426,0.62676,0.80548,0.00801,0.17003,0.20638,0.71109,0.65675,56.78234,177.29351,40.62083,120.24187,0.3,0.3,0.0,0.0,0.0,0.0,0.0,0.0,0.05555,0,0,0.86552,-4.23999,0.54666,0.0,0.0,1.0,0.0,0.0,0.0
19gyek1erm02t54kkal9_0034,0.05555555555555555,2,36	2.96778,3.61902,-0.02475,0.59543,0.44473,0.07129,0.31304,0.184,0.8944,0.8048,58.9375,172.5,308.57142,54.7826,0.3,0.3,0.0,0.0,0.0,0.0,0.0,0.0,0.05555,0,0,0.87232,-5.39999,0.65412,0.0,1.0,1.0,0.0,0.0,0.0
15xiy4k8e550aebz9uw5_0016,0.05405405405405406,2,37	2.96778,3.61902,0.30654,0.61368,0.4821,-0.0493,0.06766,0.23401,0.68178,0.732,48.91606,174.97731,214.575,239.068,0.3,0.3,0.0,0.0,0.0,0.0,0.0,0.0,0.05405,0,0,0.50333,-5.39999,0.71911,0.0,0.0,0.0,0.0,0.0,0.0
vwweoy455ac7hjhg87r_0014,0.05405405405405406,2,37	2.96778,3.61902,0.89154,0.58196,0.78582,0.01644,0.38688,0.20088,0.67848,0.60588,43.95105,168.3851,27.21883,60.41896,0.3,0.3,0.0,0.0,0.0,0.0,0.0,0.0,0.05405,0,0,0.67508,-4.37999,0.76557,0.0,0.0,1.0,0.0,0.0,0.0
12cpb965g4ijg1y3oopn_0001,0.05405405405405406,2,37	2.96778,3.61902,0.84767,0.23865,0.48668,0.04423,0.33752,0.23505,0.59804,0.58602,52.36085,168.38854,326.48321,121.746,0.3,0.3,0.0,0.0,0.0,0.0,0.0,0.0,0.05405,0,0,1.59942,-6.62,0.5006,0.0,0.0,0.0,0.0,0.0,0.0
ueap6wa1295eq0r2b4a_0004,0.05405405405405406,2,37	2.96778,3.61902,0.66828,0.27623,0.67945,-0.07752,0.21392,0.20485,0.36913,0.33841,40.5625,184.875,0.0,118.50931,0.3,0.3,0.0,0.0,0.0,0.0,0.0,0.0,0.05405,0,0,0.32255,-5.77999,1.08551,0.0,1.0,1.0,0.0,0.0,0.0
3fgwsea7m30zq1q01i4_0010,0.05405405405405406,2,37	2.96778,3.61902,0.54861,0.64061,0.54065,-0.06271,0.41327,0.14832,0.74789,0.6484,46.36439,182.1452,203.82687,115.23341,0.3,0.3,0.0,0.0,0.0,0.0,0.0,0.0,0.05405,0,0,0.89962,-4.89999,0.66068,0.0,0.0,1.0,0.0,0.0,0.0
3fgwsea7m30zq1q01i4_0011,0.05405405405405406,2,37	2.96778,3.61902,0.89267,0.7814,0.63986,-0.06271,0.36745,0.11974,0.76999,0.6812,38.89722,182.5384,145.08582,65.83197,0.3,0.3,0.0,0.0,0.0,0.0,0.0,0.0,0.05405,0,0,0.26749,-4.37999,1.18573,0.0,0.0,1.0,0.0,0.0,0.0
19gyek1erm02t54kkal9_0002,0.05405405405405406,2,37	2.96778,3.61902,-0.12375,0.41128,0.91417,0.07129,0.3626,0.17567,0.89774,0.33841,53.5,167.4375,69.31677,0.0,0.3,0.3,0.0,0.0,0.0,0.0,0.0,0.0,0.05405,0,0,0.42723,-4.27999,0.95189,0.0,1.0,1.0,3.0,0.0,0.0
3fgwsea7m30zq1q01i4_0005,0.05263157894736842,2,38	2.96778,3.61902,0.70343,0.7783,0.69681,-0.06271,0.20077,0.19133,0.71199,0.62928,39.69836,178.93011,215.68215,111.15224,0.3,0.3,0.0,0.0,0.0,0.0,0.0,0.0,0.05263,0,0,0.6777,-4.15999,0.6327,0.0,0.0,1.0,1.0,0.0,0.0
xixmemkam5yug2bts83_0013,0.02857142857142857,1,35	2.96778,3.61902,0.9598,0.47203,0.7651,-0.0125,0.37435,0.22233,0.76183,0.70781,51.07231,173.59693,23.71183,68.45152,0.3,0.3,0.0,0.0,0.0,0.0,0.0,0.0,0.02857,0,0,0.90968,-4.65999,0.66075,0.0,0.0,1.0,0.0,0.0,0.0
3fgwsea7m30zq1q01i4_0007,0.02857142857142857,1,35	2.96778,3.61902,1.16202,0.67668,0.60201,-0.06953,0.3716,0.19789,0.63875,0.59772,46.28176,184.28863,216.30234,52.75868,0.3,0.3,0.0,0.0,0.0,0.0,0.0,0.0,0.02857,0,0,0.48915,-4.79999,0.92629,0.0,0.0,1.0,0.0,0.0,0.0
2yrea5z2vh4g5bm7itk_0002,0.02857142857142857,1,35	2.96778,3.61902,0.01724,0.69516,0.65062,0.03522,0.14081,0.20277,0.6578,0.61878,47.48533,168.28282,142.87753,239.46901,0.3,0.3,0.0,0.0,0.0,0.0,0.0,0.0,0.02857,0,0,1.33124,-4.43999,0.42289,0.0,0.0,1.0,0.0,0.0,0.0
15xiy4k8e550aebz9uw5_0017,0.027777777777777776,1,36	2.96778,3.61902,0.30654,0.61368,0.4821,-0.0493,0.06766,0.23401,0.68178,0.732,48.91606,185.4375,214.575,232.54658,0.3,0.3,0.0,0.0,0.0,0.0,0.0,0.0,0.02777,0,0,0.50333,-5.39999,0.71911,0.0,1.0,0.0,0.0,0.0,0.0
3tgtgter648065qbhtw_0003,0.027777777777777776,1,36	2.96778,3.61902,1.40658,0.42905,0.5567,-0.0122,0.11348,0.19723,0.67002,0.66464,53.47657,186.63539,204.39872,293.70086,0.3,0.3,0.0,0.0,0.0,0.0,0.0,0.0,0.02777,0,0,0.25434,-6.3,1.10011,0.0,0.0,0.0,0.0,0.0,0.0
3tgtgter648065qbhtw_0004,0.027777777777777776,1,36	2.96778,3.61902,1.40658,0.42905,0.5567,-0.0122,0.11348,0.19723,0.67002,0.66464,53.47657,190.3125,204.39872,290.68322,0.3,0.3,0.0,0.0,0.0,0.0,0.0,0.0,0.02777,0,0,0.25434,-6.3,1.10011,0.0,1.0,0.0,0.0,0.0,0.0
xixmemkam5yug2bts83_0015,0.027777777777777776,1,36	2.96778,3.61902,0.53404,0.63354,0.70244,-0.0125,0.09031,0.10013,0.66827,0.6615,44.183,170.49894,37.20147,304.51924,0.3,0.3,0.0,0.0,0.0,0.0,0.0,0.0,0.02777,0,0,0.25085,-4.69999,0.81668,0.0,0.0,1.0,0.0,0.0,0.0
yoteat0y69lu690wne8_0000,0.027777777777777776,1,36	2.96778,3.61902,-0.38345,0.65407,0.69027,0.07964,0.13669,0.2044,0.7624,0.68819,43.00198,178.12631,337.90003,53.2931,0.3,0.3,0.0,0.0,0.0,0.0,0.0,0.0,0.02777,0,0,2.5675,-4.39999,0.29478,0.0,0.0,0.0,0.0,0.0,0.0
15dugu5uu7gkxrn4zzog_0005,0.027777777777777776,1,36	2.96778,3.61902,-0.87314,-0.12077,0.11131,0.09206,0.32021,0.18362,0.59953,0.72655,40.7595,186.09026,21.64261,242.74688,0.3,0.3,0.0,0.0,0.0,0.0,0.0,0.0,0.02777,0,0,0.52202,-18.79999,1.00012,0.0,0.0,1.0,0.0,0.0,0.0
3attp2fjo7hdbchuwb3_0006,0.027777777777777776,1,36	2.96778,3.61902,0.66013,0.39298,0.59685,0.00133,0.09966,0.17766,0.67174,0.7188,41.42637,174.8713,143.75632,51.52809,0.3,0.3,0.0,0.0,0.0,0.0,0.0,0.0,0.02777,0,0,0.6062,-5.9,0.64134,0.0,0.0,1.0,0.0,0.0,0.0
33uh08d9net1e5dg0ql_0005,0.027777777777777776,1,36	2.96778,3.61902,-0.87858,-0.12567,-0.01327,0.08374,0.3963,0.03064,0.60084,0.6878,51.91265,171.08787,157.3243,235.61672,0.3,0.3,0.0,0.0,0.0,0.0,0.0,0.0,0.02777,0,0,2.08345,-25.77999,0.41307,0.0,0.0,1.0,0.0,0.0,0.0
wx726c169v01j7vsnyq_0002,0.027777777777777776,1,36	2.96778,3.61902,0.52829,0.4863,0.7268,-0.02432,0.37959,0.22513,0.77381,0.72956,54.50391,172.98852,140.09986,243.56998,0.3,0.3,0.0,0.0,0.0,0.0,0.0,0.0,0.02777,0,0,1.02762,-4.65999,0.62228,0.0,0.0,1.0,1.0,0.0,0.0
19gyek1erm02t54kkal9_0007,0.027777777777777776,1,36	2.96778,3.61902,-0.34336,0.26395,0.56827,0.07129,0.32047,0.18539,0.74384,0.46849,46.0,171.7562,297.3913,235.16179,0.3,0.3,0.0,0.0,0.0,0.0,0.0,0.0,0.02777,0,0,1.06785,-6.12,0.60023,0.0,1.0,1.0,2.0,0.0,0.0
19gyek1erm02t54kkal9_0038,0.027777777777777776,1,36	2.96778,3.61902,-0.34336,0.26395,0.56827,0.07129,0.32047,0.18539,0.74384,0.46849,45.0625,171.7562,301.86335,235.16179,0.3,0.3,0.0,0.0,0.0,0.0,0.0,0.0,0.02777,0,0,1.06785,-6.12,0.60023,0.0,1.0,1.0,0.0,0.0,0.0
cff1nqsf97fw4uo4ai_0007,0.027777777777777776,1,36	2.96778,3.61902,-2.6979,0.32534,0.24707,-0.00332,0.21831,0.01773,0.7338,0.48436,54.25,178.5,325.34161,325.34161,0.3,0.3,0.0,0.0,0.0,0.0,0.0,0.0,0.02777,0,0,0.10104,-12.15999,2.04935,0.0,1.0,0.0,0.0,0.0,0.0
11gq0wrm9773101gn6gj_0000,0.027777777777777776,1,36	2.96778,3.61902,0.00923,0.33761,0.64239,0.07962,0.38561,0.15074,0.63958,0.71822,40.5625,185.625,328.69565,78.26086,0.3,0.3,0.0,0.0,0.0,0.0,0.0,0.0,0.02777,0,0,1.53844,-5.33999,0.4874,0.0,1.0,0.0,1.0,0.0,0.0
2yrea5z2vh4g5bm7itk_0000,0.027777777777777776,1,36	2.96778,3.61902,0.68481,0.78693,0.56401,0.03522,0.39136,0.17931,0.77301,0.69978,48.42486,169.07548,216.36901,303.99229,0.3,0.3,0.0,0.0,0.0,0.0,0.0,0.0,0.02777,0,0,0.31103,-4.47999,1.18161,0.0,0.0,1.0,1.0,0.0,0.0
xixmemkam5yug2bts83_0001,0.02702702702702703,1,37	2.96778,3.61902,0.32376,0.39319,0.70324,-0.0125,0.34459,0.17533,0.65705,0.73333,53.5747,182.86443,337.10733,111.78255,0.3,0.3,0.0,0.0,0.0,0.0,0.0,0.0,0.02702,0,0,0.78263,-5.05999,0.69832,0.0,0.0,1.0,1.0,0.0,0.0
15dugu5uu7gkxrn4zzog_0001,0.02702702702702703,1,37	2.96778,3.61902,3.24436,-0.38298,0.65784,0.09206,0.2793,0.04205,0.61032,0.59837,38.09311,170.78602,334.08561,299.18338,0.3,0.3,0.0,0.0,0.0,0.0,0.0,0.0,0.02702,0,0,0.01432,-2.39999,5.41569,0.0,1.0,1.0,1.0,0.0,0.0
ueap6wa1295eq0r2b4a_0003,0.02702702702702703,1,37	2.96778,3.61902,1.28875,0.26359,0.61684,-0.07752,0.3893,0.18168,0.58994,0.43359,49.78143,185.22972,24.00483,296.69682,0.3,0.3,0.0,0.0,0.0,0.0,0.0,0.0,0.02702,0,0,0.56815,-6.18,0.90458,0.0,1.0,1.0,0.0,0.0,0.0
3attp2fjo7hdbchuwb3_0003,0.02702702702702703,1,37	2.96778,3.61902,0.81131,0.78427,0.81884,0.00133,0.13283,0.13599,0.76956,0.72638,52.81039,172.81898,220.39964,127.01956,0.3,0.3,0.0,0.0,0.0,0.0,0.0,0.0,0.02702,0,0,0.33776,-3.95999,0.76299,0.0,0.0,1.0,0.0,0.0,0.0
3attp2fjo7hdbchuwb3_0004,0.02702702702702703,1,37	2.96778,3.61902,0.22767,0.56061,0.51474,0.00133,0.21905,0.07532,0.64764,0.71587,39.81865,184.69935,217.36137,244.32818,0.3,0.3,0.0,0.0,0.0,0.0,0.0,0.0,0.02702,0,0,0.63925,-5.53999,0.6339,0.0,0.0,1.0,0.0,0.0,0.0
wo1naozouucfdmh6rgh_0001,0.02702702702702703,1,37	2.96778,3.61902,1.29827,0.49844,0.49766,0.06112,0.42453,0.02996,0.67215,0.71534,52.17219,180.2613,327.02991,308.04043,0.3,0.3,0.0,0.0,0.0,0.0,0.0,0.0,0.02702,0,0,0.55166,-6.1,0.84329,0.0,0.0,0.0,0.0,0.0,0.0
wx726c169v01j7vsnyq_0006,0.02702702702702703,1,37	2.96778,3.61902,0.21823,0.39554,0.68282,-0.02432,0.25998,0.04156,0.75671,0.64971,45.28114,182.15567,32.45723,53.97237,0.3,0.3,0.0,0.0,0.0,0.0,0.0,0.0,0.02702,0,0,0.71914,-5.35999,0.59582,0.0,0.0,1.0,0.0,0.0,0.0
3fgwsea7m30zq1q01i4_0009,0.02702702702702703,1,37	2.96778,3.61902,-0.1333,0.56076,0.44302,-0.06953,0.41267,0.11115,0.73028,0.60489,55.87255,176.72369,153.74507,295.12282,0.3,0.3,0.0,0.0,0.0,0.0,0.0,0.0,0.02702,0,0,1.37497,-5.45999,0.51769,0.0,0.0,1.0,0.0,0.0,0.0
19gyek1erm02t54kkal9_0028,0.02702702702702703,1,37	2.96778,3.61902,-0.34336,0.22712,0.49415,0.07129,0.32047,0.18539,0.68362,0.7001,45.0625,172.5,301.86335,234.7826,0.3,0.3,0.0,0.0,0.0,0.0,0.0,0.0,0.02702,0,0,1.37683,-6.68,0.52498,0.0,1.0,1.0,0.0,0.0,0.0
cff1nqsf97fw4uo4ai_0000,0.02702702702702703,1,37	2.96778,3.61902,2.17115,0.82537,0.63898,-0.00332,0.39679,0.13691,0.66713,0.6306,49.40757,185.22383,154.18464,68.2856,0.3,0.3,0.0,0.0,0.0,0.0,0.0,0.0,0.02702,0,0,0.09552,-4.47999,2.18476,0.0,0.0,1.0,1.0,0.0,0.0
2yrea5z2vh4g5bm7itk_0004,0.02631578947368421,1,38	2.96778,3.61902,0.68481,0.78693,0.56401,0.03522,0.39136,0.17931,0.77301,0.69978,48.42486,169.07548,216.36901,303.99229,0.3,0.3,0.0,0.0,0.0,0.0,0.0,0.0,0.02631,0,0,0.31103,-4.47999,1.18161,0.0,1.0,0.0,0.0,0.0,0.0
3qx5out4vb7cwhet8y9_0001,0.0,0,37	2.96778,3.61902,0.12373,0.30257,0.64155,0.03822,0.33272,0.21312,0.6022,0.60278,38.72516,167.15572,40.55836,115.28662,0.3,0.3,0.0,0.0,0.0,0.0,0.0,0.0,0.0,0,0,0.91131,-5.51999,0.66456,0.0,0.0,1.0,1.0,0.0,0.0
3tgtgter648065qbhtw_0002,0.0,0,37	2.96778,3.61902,-2.8464,0.84097,0.46944,-0.0122,0.14206,0.03533,0.66889,0.70389,54.625,178.3125,2.23602,76.02484,0.3,0.3,0.0,0.0,0.0,0.0,0.0,0.0,0.0,0,0,0.02124,-4.81999,2.89452,0.0,1.0,0.0,0.0,0.0,0.0
495r16waa2gukwjvubx_0003,0.0,0,37	2.96778,3.61902,-2.6979,0.41128,-0.17295,0.06824,0.36756,0.05339,0.48623,0.65251,44.66002,177.16487,32.63015,249.15793,0.3,0.3,0.0,0.0,0.0,0.0,0.0,0.0,0.0,0,0,0.03468,-4.41999,5.16938,0.0,1.0,0.0,0.0,0.0,0.0
ueap6wa1295eq0r2b4a_0002,0.0,0,37	2.96778,3.61902,-0.2069,0.84097,0.9883,-0.07752,0.19319,0.10232,0.42935,0.33841,43.42071,169.83434,33.36676,122.02803,0.3,0.3,0.0,0.0,0.0,0.0,0.0,0.0,0.0,0,0,0.94753,-3.39999,0.43756,0.0,1.0,1.0,1.0,0.0,0.0
3fgwsea7m30zq1q01i4_0008,0.0,0,37	2.96778,3.61902,0.21624,0.64837,0.67408,-0.06953,0.10212,0.15007,0.75648,0.5932,40.1681,180.67507,333.6841,310.30885,0.3,0.3,0.0,0.0,0.0,0.0,0.0,0.0,0.0,0,0,0.81713,-4.61999,0.48905,0.0,0.0,1.0,0.0,0.0,0.0
19gyek1erm02t54kkal9_0015,0.0,0,37	2.96778,3.61902,-0.02475,0.59543,0.44473,0.07129,0.31304,0.184,0.70035,0.77942,58.9375,172.5,308.57142,54.7826,0.3,0.3,0.0,0.0,0.0,0.0,0.0,0.0,0.0,0,0,0.87232,-5.39999,0.65412,0.0,1.0,1.0,1.0,0.0,0.0
19gyek1erm02t54kkal9_0035,0.0,0,37	2.96778,3.61902,-0.02475,0.42355,0.75358,0.07129,0.31304,0.184,0.8944,0.8048,58.9375,172.5,308.57142,54.7826,0.3,0.3,0.0,0.0,0.0,0.0,0.0,0.0,0.0,0,0,1.41149,-4.69999,0.4832,0.0,1.0,1.0,0.0,0.0,0.0
19gyek1erm02t54kkal9_0037,0.0,0,37	2.96778,3.61902,-0.34336,0.27623,0.59298,0.07129,0.32047,0.18539,0.74384,0.46849,45.0625,171.7562,301.86335,235.16179,0.3,0.3,0.0,0.0,0.0,0.0,0.0,0.0,0.0,0,0,0.99034,-5.94,0.62381,0.0,1.0,1.0,0.0,0.0,0.0
3pc96tyc6y2vdv2y8vx_0005,0.0,0,36	2.96778,3.61902,0.31595,0.38033,0.45739,0.01983,0.30523,0.12059,0.72616,0.61956,51.2972,179.38575,330.74678,54.83773,0.3,0.3,0.0,0.0,0.0,0.0,0.0,0.0,0.0,0,0,3.9716,-6.16,0.26898,0.0,0.0,1.0,0.0,0.0,0.0
ueap6wa1295eq0r2b4a_0006,0.0,0,36	2.96778,3.61902,-0.13923,0.32342,0.64346,-0.07752,0.22505,0.15432,0.72582,0.71152,38.01,179.80282,210.68287,112.2573,0.3,0.3,0.0,0.0,0.0,0.0,0.0,0.0,0.0,0,0,0.68489,-5.69999,0.68066,0.0,0.0,1.0,0.0,0.0,0.0
3attp2fjo7hdbchuwb3_0000,0.0,0,36	2.96778,3.61902,0.39873,0.9645,0.83154,0.00133,0.38002,0.20077,0.74993,0.6565,46.9905,169.63545,216.01427,292.87729,0.3,0.3,0.0,0.0,0.0,0.0,0.0,0.0,0.0,0,0,0.59806,-3.41999,0.75808,0.0,0.0,1.0,1.0,0.0,0.0
3attp2fjo7hdbchuwb3_0002,0.0,0,36	2.96778,3.61902,1.60696,0.02295,0.1587,0.00133,0.32795,0.01782,0.79218,0.62844,43.92664,176.15579,334.61325,237.79692,0.3,0.3,0.0,0.0,0.0,0.0,0.0,0.0,0.0,0,0,0.49724,-18.53999,0.94213,0.0,0.0,1.0,0.0,0.0,0.0
3dcwgtow5ddjvht6hw3_0017,0.0,0,36	2.96778,3.61902,-0.11892,0.42854,0.78694,0.00801,0.1571,0.20955,0.7595,0.67282,41.49999,167.02014,328.90485,130.17275,0.3,0.3,0.0,0.0,0.0,0.0,0.0,0.0,0.0,0,0,0.51611,-4.73999,0.74498,0.0,0.0,1.0,0.0,0.0,0.0
wx726c169v01j7vsnyq_0005,0.0,0,36	2.96778,3.61902,1.41146,0.25777,0.4735,-0.02432,0.35515,0.09657,0.74758,0.58378,43.45876,179.63884,216.26093,300.70253,0.3,0.3,0.0,0.0,0.0,0.0,0.0,0.0,0.0,0,0,0.49437,-7.66,0.93663,0.0,0.0,1.0,0.0,0.0,0.0
19gyek1erm02t54kkal9_0030,0.0,0,36	2.96778,3.61902,-0.34336,0.59543,0.44473,0.07129,0.32047,0.17706,0.73046,0.66837,59.6875,172.5,315.2795,234.7826,0.3,0.3,0.0,0.0,0.0,0.0,0.0,0.0,0.0,0,0,0.81878,-5.43999,0.67924,0.0,1.0,1.0,0.0,0.0,0.0
19gyek1erm02t54kkal9_0036,0.0,0,36	2.96778,3.61902,-0.34336,0.59543,0.44473,0.07129,0.32047,0.17706,0.70035,0.77942,59.6875,172.5,315.2795,54.7826,0.3,0.3,0.0,0.0,0.0,0.0,0.0,0.0,0.0,0,0,0.81878,-5.43999,0.67924,0.0,1.0,1.0,0.0,0.0,0.0
2yrea5z2vh4g5bm7itk_0003,0.0,0,36	2.96778,3.61902,0.05261,0.85876,0.85908,0.03522,0.32199,0.05678,0.685,0.58228,44.79361,172.75952,31.75788,113.41262,0.3,0.3,0.0,0.0,0.0,0.0,0.0,0.0,0.0,0,0,1.56988,-3.55999,0.37931,0.0,0.0,1.0,0.0,0.0,0.0
15xiy4k8e550aebz9uw5_0015,0.0,0,35	2.96778,3.61902,0.0248,0.79679,0.94783,-0.05901,0.19955,0.13649,0.77365,0.60077,43.4653,172.72221,140.35289,245.83106,0.3,0.3,0.0,0.0,0.0,0.0,0.0,0.0,0.0,0,0,7.45397,-3.47999,0.15706,0.0,0.0,1.0,0.0,0.0,0.0
3qx5out4vb7cwhet8y9_0006,0.0,0,35	2.96778,3.61902,0.62038,0.52855,0.68995,0.00764,0.16139,0.14575,0.65609,0.58229,38.04641,182.71443,36.35595,241.30658,0.3,0.3,0.0,0.0,0.0,0.0,0.0,0.0,0.0,0,0,0.54839,-4.95999,0.67605,0.0,0.0,0.0,0.0,0.0,0.0
3qx5out4vb7cwhet8y9_0010,0.0,0,35	2.96778,3.61902,0.16773,0.42702,0.73308,-0.00364,0.23817,0.18402,0.63159,0.58801,42.5314,183.06126,22.64445,301.44674,0.3,0.3,0.0,0.0,0.0,0.0,0.0,0.0,0.0,0,0,1.3704,-4.81999,0.46271,0.0,0.0,0.0,0.0,0.0,0.0
1924axlo25b8scp708_0001,0.0,0,35	2.96778,3.61902,-0.02388,0.60152,0.51253,0.02199,0.35648,0.14246,0.69231,0.62335,46.72939,183.0905,140.73822,129.84277,0.3,0.3,0.0,0.0,0.0,0.0,0.0,0.0,0.0,0,0,1.19719,-5.05999,0.54063,0.0,0.0,0.0,0.0,0.0,0.0
