5i6kidm2z4zkj2v30hu_0002,0.868421052631579,33,38	0.57769,-0.37316,-1.03833,1.1466,0.04976,-0.96384,0.90374,0.65512,0.19206,0.26392,81.1,103.9,321.17647,0.0,0.3,0.3,0.0,0.0,0.0,0.0,0.0,0.0,0.86842,0,0,6.10944,-0.57999,0.3059,0.0,1.0,1.0,1.0,0.0,0.0
1jq883mvnzjbd6awn8lr_0001,0.8333333333333334,30,36	0.57769,-0.37316,0.24802,0.90015,0.37066,0.67956,0.87293,1.24469,0.16827,0.24788,88.121,109.28979,324.14336,3.00664,0.3,0.3,0.0,0.0,0.0,0.0,0.0,0.0,0.83333,0,0,11.09098,-0.47999,0.28268,0.0,0.0,0.0,0.0,0.0,0.0
1gsm75tphie6co2syqw0_0000,0.8285714285714286,29,35	0.57769,-0.37316,-0.95948,1.15917,0.0,-0.34297,1.38055,1.04262,0.20111,0.23369,85.0,96.8125,308.57142,4.47204,0.3,0.3,0.0,0.0,0.0,0.0,0.0,0.0,0.82857,0,0,12.1906,-0.55999,0.25116,0.0,1.0,0.0,0.0,0.0,0.0
1gfeotl2xv3qsebq7w8q_0018,0.7567567567567568,28,37	0.57769,-0.37316,1.10901,0.41561,0.2427,-0.00702,1.28702,1.29691,0.28747,0.27987,103.0,95.49177,360.0,2.81508,0.3,0.3,0.0,0.0,0.0,0.0,0.0,0.0,0.75675,0,0,24.97277,-0.92,0.17808,0.0,1.0,1.0,0.0,0.0,0.0
1gfeotl2xv3qsebq7w8q_0019,0.7567567567567568,28,37	0.57769,-0.37316,0.9844,0.41561,0.2427,-0.00702,1.28702,1.29691,0.28747,0.27987,103.0,95.49177,360.0,2.81508,0.3,0.3,0.0,0.0,0.0,0.0,0.0,0.0,0.75675,0,0,18.83504,-1.12,0.21185,0.0,1.0,1.0,0.0,0.0,0.0
1gfeotl2xv3qsebq7w8q_0006,0.7297297297297297,27,37	0.57769,-0.37316,1.05375,0.38639,0.21773,-0.00702,1.55981,1.27269,0.29756,0.27777,103.0,95.49177,360.0,2.81508,0.3,0.3,0.0,0.0,0.0,0.0,0.0,0.0,0.72972,0,0,30.39049,-0.76,0.16347,0.0,1.0,1.0,1.0,0.0,0.0
1gfeotl2xv3qsebq7w8q_0026,0.7297297297297297,27,37	0.57769,-0.37316,1.05375,0.38639,0.21773,-0.00702,1.45849,1.33324,0.29756,0.27777,103.0,95.49177,360.0,2.81508,0.3,0.3,0.0,0.0,0.0,0.0,0.0,0.0,0.72972,0,0,30.24916,-0.76,0.16317,0.0,1.0,1.0,0.0,0.0,0.0
1gfeotl2xv3qsebq7w8q_0022,0.7222222222222222,26,36	0.57769,-0.37316,1.05375,0.38639,0.21773,-0.00702,1.45849,1.33324,0.28747,0.27987,103.0,95.49177,360.0,2.81508,0.3,0.3,0.0,0.0,0.0,0.0,0.0,0.0,0.72222,0,0,30.24916,-0.76,0.16317,0.0,1.0,1.0,0.0,0.0,0.0
1gfeotl2xv3qsebq7w8q_0003,0.7142857142857143,25,35	0.57769,-0.37316,1.05375,0.41561,0.2427,-0.00702,1.5754,1.38168,0.24821,0.27987,103.0,95.49177,360.0,2.81508,0.3,0.3,0.0,0.0,0.0,0.0,0.0,0.0,0.71428,0,0,28.9057,-0.74,0.1701,0.0,1.0,1.0,1.0,0.0,0.0
1gfeotl2xv3qsebq7w8q_0029,0.7105263157894737,27,38	0.57769,-0.37316,1.05375,0.38639,0.21773,-0.00702,1.41952,1.72074,0.26167,0.27672,103.0,95.49177,360.0,2.81508,0.3,0.3,0.0,0.0,0.0,0.0,0.0,0.0,0.71052,0,0,36.42422,-0.72,0.15228,0.0,1.0,1.0,0.0,0.0,0.0
5dicawk28t88vutyieg_0002,0.7027027027027027,26,37	0.57769,-0.37316,-0.83487,0.78824,0.21773,-0.79643,1.49746,0.75199,0.19797,0.23287,75.625,97.5088,308.57142,4.75135,0.3,0.3,0.0,0.0,0.0,0.0,0.0,0.0,0.70270,0,0,12.26428,-0.76,0.26026,0.0,1.0,0.0,0.0,0.0,0.0
1i745a6vkr3lm4er8eqb_0000,0.7027027027027027,26,37	0.57769,-0.37316,-1.02029,1.16477,0.09758,-1.57163,1.70852,0.55798,0.24624,0.23228,83.4278,97.56951,318.85714,6.17142,0.3,0.3,0.0,0.0,0.0,0.0,0.0,0.0,0.70270,0,0,4.89971,-0.76,0.43049,0.0,1.0,1.0,1.0,0.0,0.0
1gfeotl2xv3qsebq7w8q_0002,0.6944444444444444,25,36	0.57769,-0.37316,0.9844,0.41561,0.2427,-0.00702,1.28702,1.2848,0.28522,0.27147,102.25,95.49177,44.72049,2.81508,0.3,0.3,0.0,0.0,0.0,0.0,0.0,0.0,0.69444,0,0,18.61554,-1.14,0.213,0.0,1.0,1.0,2.0,0.0,0.0
1gfeotl2xv3qsebq7w8q_0020,0.6944444444444444,25,36	0.57769,-0.37316,0.9844,0.41561,0.2427,-0.00702,1.28702,1.29691,0.30092,0.27462,103.0,95.49177,360.0,2.81508,0.3,0.3,0.0,0.0,0.0,0.0,0.0,0.0,0.69444,0,0,18.83504,-1.12,0.21185,0.0,1.0,1.0,0.0,0.0,0.0
1gfeotl2xv3qsebq7w8q_0023,0.6944444444444444,25,36	0.57769,-0.37316,1.05375,0.38639,0.21773,-0.00702,1.45849,1.33324,0.30092,0.25678,103.0,95.49177,360.0,2.81508,0.3,0.3,0.0,0.0,0.0,0.0,0.0,0.0,0.69444,0,0,30.24916,-0.76,0.16317,0.0,1.0,1.0,0.0,0.0,0.0
5aizuawwdixlzq6olrh_0000,0.6842105263157895,26,38	0.57769,-0.37316,-1.10901,1.15917,-0.12441,-1.35063,1.41952,0.60668,0.21008,0.23264,85.43445,97.5088,317.60473,4.75135,0.3,0.3,0.0,0.0,0.0,0.0,0.0,0.0,0.68421,0,0,9.00694,-0.61999,0.2759,0.0,1.0,1.0,1.0,0.0,0.0
1gfeotl2xv3qsebq7w8q_0011,0.6756756756756757,25,37	0.57769,-0.37316,1.05375,0.38639,0.21773,-0.00702,1.45849,1.33324,0.28747,0.27357,103.0,95.49177,360.0,2.81508,0.3,0.3,0.0,0.0,0.0,0.0,0.0,0.0,0.67567,0,0,30.24916,-0.76,0.16317,0.0,1.0,1.0,1.0,0.0,0.0
1i745a6vkr3lm4er8eqb_0001,0.6666666666666666,24,36	0.57769,-0.37316,-1.02029,1.16477,0.09758,-1.57163,1.70852,0.55798,0.24624,0.23228,83.4278,97.56951,318.85714,6.17142,0.3,0.3,0.0,0.0,0.0,0.0,0.0,0.0,0.66666,0,0,4.89971,-0.76,0.43049,0.0,1.0,1.0,1.0,0.0,0.0
1gfeotl2xv3qsebq7w8q_0012,0.6486486486486487,24,37	0.57769,-0.37316,1.05375,0.38639,0.21773,-0.00702,1.41952,1.72074,0.21457,0.27147,103.0,95.49177,360.0,2.81508,0.3,0.3,0.0,0.0,0.0,0.0,0.0,0.0,0.64864,0,0,36.42422,-0.72,0.15228,0.0,1.0,1.0,1.0,0.0,0.0
5aizuawwdixlzq6olrh_0002,0.6388888888888888,23,36	0.57769,-0.37316,-1.03833,1.16477,0.09758,-1.35063,1.24805,0.59457,0.19797,0.23287,85.43445,97.5088,317.60473,4.75135,0.3,0.3,0.0,0.0,0.0,0.0,0.0,0.0,0.63888,0,0,6.55494,-0.55999,0.31359,0.0,1.0,1.0,1.0,0.0,0.0
1gfeotl2xv3qsebq7w8q_0001,0.6388888888888888,23,36	0.57769,-0.37316,1.05375,0.38639,0.21773,-0.00702,1.45849,1.33324,0.25943,0.26728,103.0,95.49177,360.0,2.81508,0.3,0.3,0.0,0.0,0.0,0.0,0.0,0.0,0.63888,0,0,30.24916,-0.76,0.16317,0.0,1.0,1.0,2.0,0.0,0.0
1gfeotl2xv3qsebq7w8q_0008,0.6388888888888888,23,36	0.57769,-0.37316,0.9844,0.41561,0.2427,-0.00702,1.28702,1.2848,0.26616,0.27987,102.25,95.49177,44.72049,2.81508,0.3,0.3,0.0,0.0,0.0,0.0,0.0,0.0,0.63888,0,0,18.61554,-1.14,0.213,0.0,1.0,1.0,1.0,0.0,0.0
1gfeotl2xv3qsebq7w8q_0009,0.6388888888888888,23,36	0.57769,-0.37316,1.05375,0.38639,0.21773,-0.00702,1.45849,1.33324,0.28747,0.27357,103.0,95.49177,360.0,2.81508,0.3,0.3,0.0,0.0,0.0,0.0,0.0,0.0,0.63888,0,0,30.24916,-0.76,0.16317,0.0,1.0,1.0,1.0,0.0,0.0
1gfeotl2xv3qsebq7w8q_0000,0.631578947368421,24,38	0.57769,-0.37316,1.05375,0.38639,0.21773,-0.00702,1.45849,1.33324,0.27289,0.26833,103.0,95.49177,360.0,2.81508,0.3,0.3,0.0,0.0,0.0,0.0,0.0,0.0,0.63157,0,0,30.24916,-0.76,0.16317,0.0,1.0,1.0,2.0,0.0,0.0
1gfeotl2xv3qsebq7w8q_0004,0.6111111111111112,22,36	0.57769,-0.37316,1.05375,0.41561,0.2427,-0.00702,1.45849,1.33324,0.28747,0.27987,103.0,95.49177,360.0,2.81508,0.3,0.3,0.0,0.0,0.0,0.0,0.0,0.0,0.61111,0,0,26.34256,-0.76,0.17614,0.0,1.0,1.0,1.0,0.0,0.0
5coptv4nwhdhmm6dce3_0002,0.6111111111111112,22,36	0.57769,-0.37316,-0.40889,0.26717,1.025,-0.13133,1.64513,2.01618,0.22346,0.26841,78.88121,105.21804,45.92329,5.00067,0.3,0.3,0.0,0.0,0.0,0.0,0.0,0.0,0.61111,0,0,5.5071,-0.59999,0.52721,0.0,0.0,1.0,0.0,0.0,0.0
5i6kidm2z4zkj2v30hu_0004,0.5945945945945946,22,37	0.57769,-0.37316,-1.0113,1.24418,0.17418,-0.96384,1.2236,1.18793,0.14825,0.26332,89.05,97.6,22.94117,0.0,0.3,0.3,0.0,0.0,0.0,0.0,0.0,0.0,0.59459,0,0,7.17085,-0.53999,0.33028,0.0,1.0,1.0,1.0,0.0,0.0
1gfeotl2xv3qsebq7w8q_0021,0.5833333333333334,21,36	0.57769,-0.37316,1.05375,0.91188,0.18662,-0.00702,1.45849,1.33324,0.28747,0.27987,103.0,95.49177,360.0,2.81508,0.3,0.3,0.0,0.0,0.0,0.0,0.0,0.0,0.58333,0,0,11.56194,-0.7,0.2778,0.0,1.0,1.0,0.0,0.0,0.0
5aizuawwdixlzq6olrh_0004,0.5769230769230769,60,104	0.57769,-0.37316,-1.10901,1.16477,0.09758,-1.35063,1.24805,0.59457,0.19797,0.23287,85.43445,97.5088,317.60473,4.75135,0.3,0.3,0.0,0.0,0.0,0.0,0.0,0.0,0.57692,0,0,5.00857,-0.65999,0.37311,0.0,1.0,1.0,1.0,0.0,0.0
5dicawk28t88vutyieg_0000,0.5769230769230769,60,104	0.57769,-0.37316,-0.78503,0.78824,0.21773,-0.79643,1.49746,0.75199,0.19797,0.23287,75.625,97.5088,308.57142,4.75135,0.3,0.3,0.0,0.0,0.0,0.0,0.0,0.0,0.57692,0,0,9.39358,-0.86,0.30923,0.0,1.0,0.0,1.0,0.0,0.0
5i6kidm2z4zkj2v30hu_0006,0.5714285714285714,20,35	0.57769,-0.37316,-0.93111,1.19539,0.04976,-0.96384,1.26666,0.6648,0.20268,0.18835,87.1,105.85,137.64705,19.41176,0.3,0.3,0.0,0.0,0.0,0.0,0.0,0.0,0.57142,0,0,7.79899,-0.55999,0.29799,0.0,1.0,1.0,0.0,0.0,0.0
1gfeotl2xv3qsebq7w8q_0024,0.5675675675675675,21,37	0.57769,-0.37316,1.05375,0.38639,0.21773,-0.00702,1.45849,1.33324,0.23924,0.27042,103.0,95.49177,360.0,2.81508,0.3,0.3,0.0,0.0,0.0,0.0,0.0,0.0,0.56756,0,0,30.24916,-0.76,0.16317,0.0,1.0,1.0,0.0,0.0,0.0
5i6kidm2z4zkj2v30hu_0000,0.5533980582524272,57,103	0.57769,-0.37316,-1.03833,1.0978,0.12441,-0.96384,1.04522,0.72293,0.19206,0.26392,82.9,105.25,330.0,7.05882,0.3,0.3,0.0,0.0,0.0,0.0,0.0,0.0,0.55339,0,0,6.42244,-0.57999,0.31365,0.0,1.0,1.0,1.0,0.0,0.0
1gfeotl2xv3qsebq7w8q_0015,0.5405405405405406,20,37	0.57769,-0.37316,1.05375,0.41561,0.2427,-0.00702,1.45849,1.33324,0.28747,0.27987,103.0,95.49177,360.0,2.81508,0.3,0.3,0.0,0.0,0.0,0.0,0.0,0.0,0.54054,0,0,26.34256,-0.76,0.17614,0.0,1.0,0.0,0.0,0.0,0.0
5a9v9hfbi4zqd6p8so6_0008,0.5405405405405406,20,37	0.57769,-0.37316,-0.09685,2.07649,0.60064,0.32571,1.68973,2.33706,0.28847,0.27987,87.27586,94.44188,258.20689,4.48721,0.3,0.3,0.0,0.0,0.0,0.0,0.0,0.0,0.54054,0,0,9.07044,-0.24,0.36761,0.0,1.0,1.0,0.0,0.0,0.0
58kty1v8n8t0f3wekev_0000,0.5277777777777778,19,36	0.57769,-0.37316,0.73871,1.40515,0.0394,1.10236,1.43333,0.60521,0.25684,0.21145,85.37239,98.71324,139.71897,358.97895,0.3,0.3,0.0,0.0,0.0,0.0,0.0,0.0,0.52777,0,0,9.09745,-0.44,0.2761,0.0,0.0,0.0,0.0,0.0,0.0
5jcu142e80lyuc65vci_0001,0.4864864864864865,18,37	0.57769,-0.37316,0.60757,0.35548,0.21773,-1.42511,1.13114,1.97503,0.29195,0.27252,80.125,99.60535,46.95652,8.25845,0.3,0.3,0.0,0.0,0.0,0.0,0.0,0.0,0.48648,0,0,15.24777,-0.98,0.25999,0.0,1.0,1.0,2.0,0.0,0.0
5jrg42h1ojaslnoh3q2_0000,0.4864864864864865,18,37	0.57769,-0.37316,-0.41541,0.03376,0.85432,0.56123,1.55763,2.34347,0.24158,0.28343,89.88548,111.40593,36.77861,9.63132,0.3,0.3,0.0,0.0,0.0,0.0,0.0,0.0,0.48648,0,0,3.90793,-0.4,0.64766,0.0,0.0,1.0,1.0,0.0,0.0
5j9b1c7kkl60nmb89rf_0002,0.4864864864864865,18,37	0.57769,-0.37316,0.22538,0.72903,0.81093,0.50435,1.4366,0.58181,0.15896,0.28259,84.50313,103.56473,312.03136,351.30864,0.3,0.3,0.0,0.0,0.0,0.0,0.0,0.0,0.48648,0,0,3.41609,-1.26,0.61714,0.0,0.0,0.0,0.0,0.0,0.0
1gfeotl2xv3qsebq7w8q_0025,0.47572815533980584,49,103	0.57769,-0.37316,1.05375,0.38639,0.21773,-0.00702,1.45849,1.33324,0.2684,0.25993,103.0,95.49177,360.0,2.81508,0.3,0.3,0.0,0.0,0.0,0.0,0.0,0.0,0.47572,0,0,30.24916,-0.76,0.16317,0.0,1.0,1.0,0.0,0.0,0.0
1gkdooyk1txcoagbfi55_0007,0.4722222222222222,17,36	0.57769,-0.37316,0.24284,0.55314,1.09405,1.03623,1.64099,0.62315,0.15264,0.26602,88.50367,102.5553,35.46737,359.01661,0.3,0.3,0.0,0.0,0.0,0.0,0.0,0.0,0.47222,0,0,2.24629,-3.63999,0.73764,0.0,1.0,0.0,0.0,0.0,0.0
1gfeotl2xv3qsebq7w8q_0010,0.46153846153846156,48,104	0.57769,-0.37316,1.05375,0.41561,0.2427,-0.00702,1.6193,1.13869,0.19626,0.27003,93.58951,95.49177,49.23879,2.81508,0.3,0.3,0.0,0.0,0.0,0.0,0.0,0.0,0.46153,0,0,26.01152,-0.76,0.17681,0.0,0.0,1.0,1.0,0.0,0.0
1gfeotl2xv3qsebq7w8q_0007,0.4594594594594595,17,37	0.57769,-0.37316,1.05375,0.41561,0.2427,-0.00702,1.5754,1.38168,0.28747,0.27987,103.0,95.49177,360.0,2.81508,0.3,0.3,0.0,0.0,0.0,0.0,0.0,0.0,0.45945,0,0,28.9057,-0.74,0.1701,0.0,1.0,1.0,1.0,0.0,0.0
1jq883mvnzjbd6awn8lr_0000,0.45714285714285713,16,35	0.57769,-0.37316,0.28487,-0.32096,1.02664,0.64445,1.1374,1.25591,0.20484,0.2238,89.2519,108.86108,309.14447,351.4396,0.3,0.3,0.0,0.0,0.0,0.0,0.0,0.0,0.45714,0,0,15.72672,-1.66,0.23298,0.0,0.0,0.0,0.0,0.0,0.0
5e82adzyhbixhbr1swj_0000,0.4473684210526316,17,38	0.57769,-0.37316,0.26167,1.00462,0.87092,0.14755,1.26433,1.96117,0.21008,0.27777,98.125,96.62306,319.75155,1.30037,0.3,0.3,0.0,0.0,0.0,0.0,0.0,0.0,0.44736,0,0,8.28671,-0.57999,0.39782,0.0,1.0,0.0,1.0,0.0,0.0
5e82adzyhbixhbr1swj_0001,0.4473684210526316,17,38	0.57769,-0.37316,1.08409,0.91188,0.37325,1.81343,1.71569,1.51488,0.22466,0.26203,102.8125,113.125,29.06832,20.12422,0.3,0.3,0.0,0.0,0.0,0.0,0.0,0.0,0.44736,0,0,6.33024,-0.96,0.42542,0.0,1.0,0.0,1.0,0.0,0.0
1ggp877rnvrl6fzg8dy8_0005,0.4444444444444444,16,36	0.57769,-0.37316,-0.37575,1.54655,0.68728,-0.46228,1.02694,1.70845,0.13704,0.25607,79.88261,95.49051,40.41671,358.83594,0.3,0.3,0.0,0.0,0.0,0.0,0.0,0.0,0.44444,0,0,5.58391,-0.34,0.43001,0.0,0.0,1.0,1.0,0.0,0.0
1h4xws0scisxqiyv8jlg_0017,0.4444444444444444,16,36	0.57769,-0.37316,-1.05184,0.92361,-0.96852,-1.18054,1.15826,1.95283,0.26178,0.28126,97.46658,109.64219,146.95039,190.06148,0.3,0.3,0.0,0.0,0.0,0.0,0.0,0.0,0.44444,0,0,25.25383,-0.47999,0.17707,0.0,0.0,0.0,0.0,0.0,0.0
5aizuawwdixlzq6olrh_0011,0.4166666666666667,15,36	0.57769,-0.37316,-1.10901,1.19008,-0.12441,-2.1299,1.38055,0.67934,0.21008,0.23264,85.375,97.375,321.98757,6.70807,0.3,0.3,0.0,0.0,0.0,0.0,0.0,0.0,0.41666,0,0,8.46741,-0.61999,0.2868,0.0,1.0,1.0,0.0,0.0,0.0
1gfeotl2xv3qsebq7w8q_0028,0.4166666666666667,15,36	0.57769,-0.37316,1.05375,0.38639,0.21773,-0.00702,1.41952,1.72074,0.29756,0.27777,103.0,95.49177,360.0,2.81508,0.3,0.3,0.0,0.0,0.0,0.0,0.0,0.0,0.41666,0,0,36.42422,-0.72,0.15228,0.0,1.0,1.0,0.0,0.0,0.0
5jrg42h1ojaslnoh3q2_0002,0.4166666666666667,15,36	0.57769,-0.37316,-0.03762,1.6751,-0.11617,0.56123,1.52599,0.93331,0.29413,0.19856,93.03819,93.67283,132.75613,358.61066,0.3,0.3,0.0,0.0,0.0,0.0,0.0,0.0,0.41666,0,0,19.2392,-0.3,0.20442,0.0,0.0,1.0,0.0,0.0,0.0
5a9v9hfbi4zqd6p8so6_0007,0.40540540540540543,15,37	0.57769,-0.37316,-0.48425,0.25741,0.66928,0.32571,1.17049,0.74698,0.14619,0.28044,95.8035,96.34959,223.32412,2.68497,0.3,0.3,0.0,0.0,0.0,0.0,0.0,0.0,0.40540,0,0,4.21241,-2.57999,0.47444,0.0,1.0,1.0,0.0,0.0,0.0
5ebkt6ivux38rg4c3wc_0001,0.39473684210526316,15,38	0.57769,-0.37316,-0.26167,0.4173,0.90203,1.2194,1.68451,1.26058,0.21121,0.25573,88.80513,107.1349,42.26916,8.12132,0.3,0.3,0.0,0.0,0.0,0.0,0.0,0.0,0.39473,0,0,12.16438,-0.82,0.30489,0.0,1.0,1.0,2.0,0.0,0.0
1gpw69kg09h7qv87915k_0001,0.3888888888888889,14,36	0.57769,-0.37316,-1.01948,0.47476,0.38982,-0.15618,0.66897,2.19983,0.26018,0.17027,92.17307,100.75454,32.92843,357.81817,0.3,0.3,0.0,0.0,0.0,0.0,0.0,0.0,0.38888,0,0,15.05716,-0.78,0.24457,0.0,0.0,1.0,1.0,0.0,0.0
1gfeotl2xv3qsebq7w8q_0027,0.3888888888888889,14,36	0.57769,-0.37316,1.05375,0.38639,0.21773,-0.00702,1.38834,1.39379,0.29756,0.27777,103.0,95.49177,360.0,2.81508,0.3,0.3,0.0,0.0,0.0,0.0,0.0,0.0,0.38888,0,0,30.10957,-0.76,0.16341,0.0,1.0,1.0,0.0,0.0,0.0
5eaojazd9q81tpic2m5_0013,0.3783783783783784,14,37	0.57769,-0.37316,-0.26403,-0.18285,-1.01275,-0.55397,1.62288,2.11062,0.2596,0.23574,96.4822,92.30343,231.30997,183.22509,0.3,0.3,0.0,0.0,0.0,0.0,0.0,0.0,0.37837,0,0,7.18692,-0.7,0.45935,0.0,0.0,1.0,0.0,0.0,0.0
1gqvnl2s506v9pmm0bfw_0001,0.3783783783783784,14,37	0.57769,-0.37316,-0.23159,0.56763,0.64842,-0.15663,1.54897,0.65916,0.25738,0.20425,93.67991,103.45663,41.90958,354.57336,0.3,0.3,0.0,0.0,0.0,0.0,0.0,0.0,0.37837,0,0,3.35519,-0.38,0.58544,0.0,0.0,0.0,0.0,0.0,0.0
5jcu142e80lyuc65vci_0005,0.3783783783783784,14,37	0.57769,-0.37316,0.60757,0.35548,0.21773,-1.42511,1.13114,1.97503,0.29195,0.27252,80.125,99.60535,46.95652,8.25845,0.3,0.3,0.0,0.0,0.0,0.0,0.0,0.0,0.37837,0,0,15.24777,-0.98,0.25999,0.0,1.0,1.0,1.0,0.0,0.0
1jq883mvnzjbd6awn8lr_0002,0.37142857142857144,13,35	0.57769,-0.37316,-0.12736,1.23994,0.38553,1.0271,1.13962,1.0155,0.22358,0.26777,95.23846,103.55338,33.04104,7.2189,0.3,0.3,0.0,0.0,0.0,0.0,0.0,0.0,0.37142,0,0,9.22859,-0.4,0.31305,0.0,0.0,0.0,0.0,0.0,0.0
5aizuawwdixlzq6olrh_0003,0.3611111111111111,13,36	0.57769,-0.37316,-1.10901,1.03553,0.0,-2.1299,1.48187,0.52191,0.18766,0.25363,85.43445,100.75,317.60473,0.0,0.3,0.3,0.0,0.0,0.0,0.0,0.0,0.0,0.36111,0,0,9.71219,-0.65999,0.2658,0.0,1.0,1.0,1.0,0.0,0.0
1gpw69kg09h7qv87915k_0003,0.3611111111111111,13,36	0.57769,-0.37316,-0.27197,0.44342,0.25317,-0.15618,0.56509,0.53024,0.26758,0.20853,82.26761,106.3122,217.6382,353.78204,0.3,0.3,0.0,0.0,0.0,0.0,0.0,0.0,0.36111,0,0,8.25114,-0.74,0.2803,0.0,0.0,1.0,0.0,0.0,0.0
5jpn50hizidluqcuo5p_0004,0.3611111111111111,13,36	0.57769,-0.37316,-0.47418,0.4962,0.79065,-1.62727,1.55437,0.73926,0.23963,0.2811,78.10037,99.91704,317.59341,3.86404,0.3,0.3,0.0,0.0,0.0,0.0,0.0,0.0,0.36111,0,0,3.16901,-0.44,0.58938,0.0,0.0,1.0,1.0,0.0,0.0
1gfeotl2xv3qsebq7w8q_0013,0.3611111111111111,13,36	0.57769,-0.37316,-0.37105,1.87303,0.20372,-0.00702,1.52863,1.17582,0.17505,0.20579,89.26621,98.26344,46.69436,356.68011,0.3,0.3,0.0,0.0,0.0,0.0,0.0,0.0,0.36111,0,0,9.47784,-0.28,0.29793,0.0,1.0,1.0,0.0,0.0,0.0
1gqvnl2s506v9pmm0bfw_0005,0.3611111111111111,13,36	0.57769,-0.37316,-0.51736,1.87479,0.07973,-1.06601,1.58568,1.66425,0.26403,0.20775,80.08098,95.74116,47.90383,7.22693,0.3,0.3,0.0,0.0,0.0,0.0,0.0,0.0,0.36111,0,0,12.67559,-0.32,0.26998,0.0,0.0,0.0,0.0,0.0,0.0
1gfeotl2xv3qsebq7w8q_0030,0.35135135135135137,13,37	0.57769,-0.37316,1.05375,0.38639,0.21773,-0.00702,1.41952,1.72074,0.27513,0.27252,103.0,95.49177,360.0,2.81508,0.3,0.3,0.0,0.0,0.0,0.0,0.0,0.0,0.35135,0,0,36.42422,-0.72,0.15228,0.0,1.0,1.0,0.0,0.0,0.0
5n43u5ghsl1cqagpji4_0004,0.34210526315789475,13,38	0.57769,-0.37316,0.76125,0.42483,-1.88471,1.95263,1.4079,1.98783,0.271,0.27229,82.16111,99.91475,321.79663,175.71924,0.3,0.3,0.0,0.0,0.0,0.0,0.0,0.0,0.34210,0,0,6.35044,-0.32,0.37655,0.0,0.0,0.0,0.0,0.0,0.0
5aizuawwdixlzq6olrh_0006,0.3333333333333333,12,36	0.57769,-0.37316,-0.63365,0.4173,-0.12441,-1.35063,1.17011,2.21722,0.17356,0.27621,94.13812,107.35641,45.67369,4.17933,0.3,0.3,0.0,0.0,0.0,0.0,0.0,0.0,0.33333,0,0,6.55165,-0.32,0.38949,0.0,1.0,1.0,0.0,0.0,0.0
1gpw69kg09h7qv87915k_0000,0.3333333333333333,12,36	0.57769,-0.37316,-1.01948,0.47476,0.38982,-0.15618,0.66351,2.193,0.28859,0.26938,92.17307,100.75454,32.92843,357.81817,0.3,0.3,0.0,0.0,0.0,0.0,0.0,0.0,0.33333,0,0,14.93571,-0.78,0.24541,0.0,1.0,0.0,2.0,0.0,0.0
5cq30rze5lj8jdutjhm_0001,0.3333333333333333,12,36	0.57769,-0.37316,-1.03833,1.19008,0.09331,-2.37028,1.48966,0.71566,0.19797,0.23287,85.43445,97.5088,317.60473,4.75135,0.3,0.3,0.0,0.0,0.0,0.0,0.0,0.0,0.33333,0,0,8.1812,-0.53999,0.29568,0.0,1.0,0.0,0.0,0.0,0.0
5aizuawwdixlzq6olrh_0005,0.32432432432432434,12,37	0.57769,-0.37316,-1.10901,1.03553,0.0,-2.1299,1.48187,0.52191,0.19214,0.26938,85.43445,100.75,317.60473,0.0,0.3,0.3,0.0,0.0,0.0,0.0,0.0,0.0,0.32432,0,0,9.71219,-0.65999,0.2658,0.0,1.0,1.0,1.0,0.0,0.0
jb6dffbo0sln9vh3cj_0001,0.3157894736842105,12,38	0.57769,-0.37316,-0.43114,0.63368,0.0622,-0.71399,0.69468,0.46137,0.28747,0.22949,94.44931,111.0625,132.88531,353.29192,0.3,0.3,0.0,0.0,0.0,0.0,0.0,0.0,0.31578,0,0,4.43564,-1.08,0.41868,0.0,1.0,0.0,1.0,0.0,0.0
5a9v9hfbi4zqd6p8so6_0011,0.3142857142857143,11,35	0.57769,-0.37316,-0.6624,0.19498,0.58062,0.32571,1.17221,0.73519,0.14619,0.28044,95.8035,96.34959,223.32412,2.68497,0.3,0.3,0.0,0.0,0.0,0.0,0.0,0.0,0.31428,0,0,7.53117,-0.92,0.34158,0.0,0.0,1.0,0.0,0.0,0.0
1i5xc2ectd9eko80hrhu_0009,0.3055555555555556,11,36	0.57769,-0.37316,0.56073,1.03553,1.05755,1.70981,1.66892,2.35042,0.29644,0.25573,97.40111,105.80374,320.13634,184.18289,0.3,0.3,0.0,0.0,0.0,0.0,0.0,0.0,0.30555,0,0,4.33441,-0.32,0.55204,0.0,1.0,0.0,0.0,0.0,0.0
1gfeotl2xv3qsebq7w8q_0017,0.3055555555555556,11,36	0.57769,-0.37316,0.93456,0.41561,0.2427,-0.00702,1.28702,1.29691,0.28747,0.27987,103.0,95.49177,360.0,2.81508,0.3,0.3,0.0,0.0,0.0,0.0,0.0,0.0,0.30555,0,0,19.43258,-1.1,0.2089,0.0,1.0,1.0,0.0,0.0,0.0
5i6kidm2z4zkj2v30hu_0005,0.3055555555555556,11,36	0.57769,-0.37316,0.04206,0.70747,1.5179,-0.96384,1.34047,1.11043,0.29162,0.24996,79.3,99.1,0.0,180.0,0.3,0.3,0.0,0.0,0.0,0.0,0.0,0.0,0.30555,0,0,2.70753,0.0,0.69494,0.0,1.0,1.0,0.0,0.0,0.0
5jpn50hizidluqcuo5p_0000,0.2972972972972973,11,37	0.57769,-0.37316,-0.69136,1.49952,-0.2463,-1.62727,0.76561,1.56218,0.22239,0.28616,82.4783,98.45347,327.56627,3.34333,0.3,0.3,0.0,0.0,0.0,0.0,0.0,0.0,0.29729,0,0,7.14233,-0.49999,0.34571,0.0,0.0,1.0,1.0,0.0,0.0
5jpn50hizidluqcuo5p_0009,0.2972972972972973,11,37	0.57769,-0.37316,-0.76833,0.44635,0.8107,-1.62727,1.08866,0.74003,0.24402,0.28119,90.11068,100.16313,42.25232,3.59502,0.3,0.3,0.0,0.0,0.0,0.0,0.0,0.0,0.29729,0,0,3.37858,-1.8,0.55124,0.0,0.0,1.0,0.0,0.0,0.0
1gfeotl2xv3qsebq7w8q_0014,0.2972972972972973,11,37	0.57769,-0.37316,-0.37105,1.87303,0.20372,-0.00702,1.52863,1.17582,0.17505,0.20579,89.26621,102.8125,46.69436,360.0,0.3,0.3,0.0,0.0,0.0,0.0,0.0,0.0,0.29729,0,0,9.47784,-0.28,0.29793,0.0,1.0,1.0,0.0,0.0,0.0
5ebkt6ivux38rg4c3wc_0000,0.2972972972972973,11,37	0.57769,-0.37316,-0.26167,0.4173,0.90203,1.2194,1.68451,1.26058,0.21121,0.23789,88.80513,107.1349,42.26916,8.12132,0.3,0.3,0.0,0.0,0.0,0.0,0.0,0.0,0.29729,0,0,12.16438,-0.82,0.30489,0.0,1.0,1.0,2.0,0.0,0.0
1hgxkxihe65p2lg37kdj_0000,0.2972972972972973,11,37	0.57769,-0.37316,-0.69697,1.6049,-0.18915,-1.31895,0.81439,1.01446,0.24218,0.27543,82.07205,93.29085,140.98845,359.00162,0.3,0.3,0.0,0.0,0.0,0.0,0.0,0.0,0.29729,0,0,1.88363,-0.47999,0.70354,0.0,0.0,0.0,0.0,0.0,0.0
1h4xws0scisxqiyv8jlg_0010,0.2894736842105263,11,38	0.57769,-0.37316,0.37898,0.52927,0.70763,2.47471,0.91292,1.2822,0.28104,0.19132,78.93848,93.65991,311.75015,6.90868,0.3,0.3,0.0,0.0,0.0,0.0,0.0,0.0,0.28947,0,0,2.67511,-0.3,0.61419,0.0,0.0,1.0,0.0,0.0,0.0
1gi5jaqwp15uewlujwym_0001,0.2857142857142857,10,35	0.57769,-0.37316,0.23997,-0.55392,0.67728,-0.71258,1.38099,1.74579,0.16554,0.17192,87.02771,96.51368,224.81697,358.55113,0.3,0.3,0.0,0.0,0.0,0.0,0.0,0.0,0.28571,0,0,41.39053,-0.8,0.15082,0.0,0.0,0.0,0.0,0.0,0.0
1hd4fzf7qa4oy9iw0wye_0000,0.2777777777777778,10,36	0.57769,-0.37316,-1.01664,1.29349,0.48031,-2.34948,1.08946,2.10336,0.22082,0.23586,84.69594,107.7595,323.31104,351.66769,0.3,0.3,0.0,0.0,0.0,0.0,0.0,0.0,0.27777,0,0,5.45328,-0.45999,0.41392,0.0,0.0,0.0,0.0,0.0,0.0
5a9v9hfbi4zqd6p8so6_0002,0.2777777777777778,10,36	0.57769,-0.37316,-0.06917,2.07649,0.60064,0.32571,1.68973,2.33706,0.28847,0.27987,87.27586,94.44188,258.20689,4.48721,0.3,0.3,0.0,0.0,0.0,0.0,0.0,0.0,0.27777,0,0,10.24574,-0.26,0.34667,0.0,1.0,1.0,1.0,0.0,0.0
5a9v9hfbi4zqd6p8so6_0003,0.2777777777777778,10,36	0.57769,-0.37316,-0.73677,1.16242,0.01916,-2.32726,1.50799,1.29482,0.27562,0.27941,94.93103,98.87053,52.13793,359.28809,0.3,0.3,0.0,0.0,0.0,0.0,0.0,0.0,0.27777,0,0,12.01401,-0.55999,0.2799,0.0,1.0,1.0,1.0,0.0,0.0
5jcu142e80lyuc65vci_0010,0.2777777777777778,10,36	0.57769,-0.37316,-0.35711,0.90483,0.02354,0.01584,1.19933,1.55069,0.2696,0.19713,88.03777,102.19754,47.88333,0.79445,0.3,0.3,0.0,0.0,0.0,0.0,0.0,0.0,0.27777,0,0,8.64822,-0.61999,0.36377,0.0,0.0,1.0,0.0,0.0,0.0
1gkdooyk1txcoagbfi55_0001,0.2702702702702703,10,37	0.57769,-0.37316,0.25006,-0.10818,1.24418,1.03623,1.0532,1.99925,0.30092,0.24209,97.75,97.26247,342.1118,2.38873,0.3,0.3,0.0,0.0,0.0,0.0,0.0,0.0,0.27027,0,0,6.54224,-1.96,0.41704,0.0,1.0,1.0,1.0,0.0,0.0
5f7rhbm1mrcuoh5zydy_0000,0.2702702702702703,10,37	0.57769,-0.37316,0.013,-0.84689,-0.73,0.53164,1.69121,2.23672,0.29248,0.23985,87.6161,109.27317,146.27807,171.01731,0.3,0.3,0.0,0.0,0.0,0.0,0.0,0.0,0.27027,0,0,15.62674,-0.63999,0.28959,0.0,0.0,0.0,1.0,0.0,0.0
5i6kidm2z4zkj2v30hu_0007,0.2702702702702703,10,37	0.57769,-0.37316,-1.02971,1.21978,0.82116,-0.96384,0.9791,1.65938,0.27188,0.22007,86.35,109.15397,296.47058,352.22128,0.3,0.3,0.0,0.0,0.0,0.0,0.0,0.0,0.27027,0,0,2.32428,-0.55999,0.66092,0.0,1.0,1.0,0.0,0.0,0.0
1gkdooyk1txcoagbfi55_0006,0.25,9,36	0.57769,-0.37316,0.25006,-0.10818,1.24418,1.03623,1.0532,1.99925,0.30092,0.24209,97.75,97.26247,342.1118,2.38873,0.3,0.3,0.0,0.0,0.0,0.0,0.0,0.0,0.25,0,0,6.54224,-1.96,0.41704,0.0,1.0,0.0,0.0,0.0,0.0
5eteucej7i4x1x7zpgx_0001,0.25,9,36	0.57769,-0.37316,-0.21025,1.16166,1.06151,-0.93718,0.837,2.34631,0.19554,0.28389,78.19692,100.60416,215.99817,4.01996,0.3,0.3,0.0,0.0,0.0,0.0,0.0,0.0,0.25,0,0,5.89254,-0.47999,0.48692,0.0,0.0,0.0,0.0,0.0,0.0
1i5xc2ectd9eko80hrhu_0001,0.25,9,36	0.57769,-0.37316,1.48054,1.10966,-0.81498,1.70981,0.99694,1.98504,0.29476,0.24153,87.78883,94.25119,135.38521,171.21546,0.3,0.3,0.0,0.0,0.0,0.0,0.0,0.0,0.25,0,0,2.85611,-0.86,0.61609,0.0,0.0,1.0,1.0,0.0,0.0
5ebkt6ivux38rg4c3wc_0002,0.25,9,36	0.57769,-0.37316,-0.26167,0.4173,0.90203,1.2194,1.45069,2.01136,0.15177,0.27987,88.80513,107.1349,42.26916,8.12132,0.3,0.3,0.0,0.0,0.0,0.0,0.0,0.0,0.25,0,0,15.99797,-0.7,0.27146,0.0,1.0,1.0,1.0,0.0,0.0
1gfeotl2xv3qsebq7w8q_0016,0.24324324324324326,9,37	0.57769,-0.37316,1.05375,0.41561,0.2427,-0.00702,1.28702,1.29691,0.28747,0.27987,103.0,95.49177,360.0,2.81508,0.3,0.3,0.0,0.0,0.0,0.0,0.0,0.0,0.24324,0,0,23.30331,-0.78,0.1844,0.0,1.0,1.0,0.0,0.0,0.0
1izls60mfog8on22h3sa_0000,0.24324324324324326,9,37	0.57769,-0.37316,-0.82013,0.42337,-0.8759,0.33408,1.56943,1.89737,0.29762,0.21307,86.02512,106.52055,322.86262,184.33557,0.3,0.3,0.0,0.0,0.0,0.0,0.0,0.0,0.24324,0,0,14.84763,-0.65999,0.26606,0.0,0.0,0.0,0.0,0.0,0.0
7d55v6sgwjl4u47w2o9_0003,0.24324324324324326,9,37	0.57769,-0.37316,1.13158,2.40656,0.53321,1.43341,1.62257,1.02774,0.21628,0.27417,80.03849,93.07758,309.98548,4.31555,0.3,0.3,0.0,0.0,0.0,0.0,0.0,0.0,0.24324,0,0,1.98128,-0.32,0.5715,0.0,0.0,0.0,0.0,0.0,0.0
5aizuawwdixlzq6olrh_0009,0.2222222222222222,8,36	0.57769,-0.37316,-1.10901,1.03553,0.0,-2.1299,1.48187,0.52191,0.18766,0.26413,85.43445,100.75,317.60473,0.0,0.3,0.3,0.0,0.0,0.0,0.0,0.0,0.0,0.22222,0,0,9.71219,-0.65999,0.2658,0.0,1.0,1.0,0.0,0.0,0.0
1gi46vwyrdccm6o7q9is_0003,0.2222222222222222,8,36	0.57769,-0.37316,-0.93958,0.84797,-0.21344,-1.31895,0.7348,2.25609,0.18723,0.21663,82.86523,100.09322,312.96932,349.16535,0.3,0.3,0.0,0.0,0.0,0.0,0.0,0.0,0.22222,0,0,1.12032,-28.47999,1.06658,0.0,0.0,0.0,0.0,0.0,0.0
1gilz0710ye0gz35p035_0002,0.2222222222222222,8,36	0.57769,-0.37316,-0.97554,0.04889,-0.83025,-1.58665,1.438,0.46615,0.26201,0.19312,87.94304,108.1946,313.25932,173.53457,0.3,0.3,0.0,0.0,0.0,0.0,0.0,0.0,0.22222,0,0,6.19442,-0.94,0.3657,0.0,0.0,0.0,0.0,0.0,0.0
1gsm75tphie6co2syqw0_0003,0.2222222222222222,8,36	0.57769,-0.37316,-0.12635,0.97743,-0.14248,0.58433,0.63961,1.55545,0.2625,0.2656,80.08443,96.87444,45.44007,175.24935,0.3,0.3,0.0,0.0,0.0,0.0,0.0,0.0,0.22222,0,0,3.23864,-0.22,0.51579,0.0,0.0,0.0,0.0,0.0,0.0
1jy9ud9fthb286bltkoc_0002,0.2222222222222222,8,36	0.57769,-0.37316,-0.82966,1.59193,0.12441,-2.23054,1.64554,1.81761,0.2841,0.24524,85.82341,108.53986,134.34874,354.03051,0.3,0.3,0.0,0.0,0.0,0.0,0.0,0.0,0.22222,0,0,8.40581,-0.45999,0.35171,0.0,1.0,0.0,0.0,0.0,0.0
1hpoi1oimmyhi1p26r03_0000,0.21621621621621623,8,37	0.57769,-0.37316,0.12154,-0.37242,1.60262,-0.44646,0.78721,2.20964,0.17688,0.21655,78.28938,104.27604,46.64173,359.53817,0.3,0.3,0.0,0.0,0.0,0.0,0.0,0.0,0.21621,0,0,7.84612,-1.62,0.37872,0.0,0.0,0.0,0.0,0.0,0.0
5a9v9hfbi4zqd6p8so6_0012,0.21621621621621623,8,37	0.57769,-0.37316,0.12049,1.80437,0.43376,0.32571,1.63797,1.57817,0.18135,0.18199,85.70903,94.44188,227.80435,4.48721,0.3,0.3,0.0,0.0,0.0,0.0,0.0,0.0,0.21621,0,0,10.8663,-0.3,0.3134,0.0,0.0,1.0,0.0,0.0,0.0
1gilz0710ye0gz35p035_0003,0.21621621621621623,8,37	0.57769,-0.37316,-0.19218,-0.95936,-0.62044,-1.23294,1.6737,2.21056,0.23506,0.19571,83.27955,100.33378,133.33903,172.87083,0.3,0.3,0.0,0.0,0.0,0.0,0.0,0.0,0.21621,0,0,20.36071,-0.72,0.24293,0.0,0.0,0.0,0.0,0.0,0.0
5jcu142e80lyuc65vci_0014,0.21621621621621623,8,37	0.57769,-0.37316,-0.38938,0.4677,0.62211,-1.42511,1.41946,2.13549,0.17437,0.26579,84.65228,95.54801,315.62637,355.07148,0.3,0.3,0.0,0.0,0.0,0.0,0.0,0.0,0.21621,0,0,9.46427,-0.96,0.36887,0.0,0.0,1.0,0.0,0.0,0.0
5jcu142e80lyuc65vci_0020,0.21621621621621623,8,37	0.57769,-0.37316,0.40504,1.1327,0.53301,-0.35381,1.4953,0.62612,0.28756,0.20971,80.67094,104.61818,134.76832,3.73073,0.3,0.3,0.0,0.0,0.0,0.0,0.0,0.0,0.21621,0,0,5.52192,-0.59999,0.43047,0.0,0.0,0.0,0.0,0.0,0.0
7d55v6sgwjl4u47w2o9_0002,0.21621621621621623,8,37	0.57769,-0.37316,0.06168,0.22545,-0.43104,-1.12872,0.56184,1.41754,0.2436,0.14281,91.8427,100.00927,133.93014,183.53463,0.3,0.3,0.0,0.0,0.0,0.0,0.0,0.0,0.21621,0,0,73.68963,-0.49999,0.09839,0.0,0.0,0.0,0.0,0.0,0.0
5coptv4nwhdhmm6dce3_0000,0.21621621621621623,8,37	0.57769,-0.37316,0.74609,0.50277,-0.88951,-0.13133,1.14893,1.74292,0.2919,0.21505,81.55242,106.33632,44.41131,186.15818,0.3,0.3,0.0,0.0,0.0,0.0,0.0,0.0,0.21621,0,0,10.54953,-0.67999,0.30996,0.0,0.0,1.0,1.0,0.0,0.0
5aizuawwdixlzq6olrh_0008,0.2,7,35	0.57769,-0.37316,-1.10901,1.15917,-0.12441,-2.1299,1.41952,0.60668,0.21008,0.26833,85.43445,97.5088,317.60473,4.75135,0.3,0.3,0.0,0.0,0.0,0.0,0.0,0.0,0.2,0,0,9.00694,-0.61999,0.2759,0.0,1.0,1.0,0.0,0.0,0.0
5eaojazd9q81tpic2m5_0007,0.2,7,35	0.57769,-0.37316,-0.83824,0.32488,0.5643,1.28073,0.85244,1.08812,0.29669,0.25194,91.21642,94.46031,136.39402,10.69829,0.3,0.3,0.0,0.0,0.0,0.0,0.0,0.0,0.2,0,0,4.99862,-0.86,0.42306,0.0,0.0,1.0,0.0,0.0,0.0
1gkdooyk1txcoagbfi55_0004,0.19444444444444445,7,36	0.57769,-0.37316,0.18691,0.60277,0.6843,1.03623,1.02203,2.07191,0.29342,0.14146,75.0625,105.4375,313.04347,178.88198,0.3,0.3,0.0,0.0,0.0,0.0,0.0,0.0,0.19444,0,0,20.60355,-0.51999,0.2277,0.0,1.0,1.0,0.0,0.0,0.0
5jpn50hizidluqcuo5p_0013,0.19444444444444445,7,36	0.57769,-0.37316,0.70268,0.53597,-0.10269,1.38748,0.5798,1.25444,0.26145,0.19727,78.1691,94.52928,216.64207,179.04263,0.3,0.3,0.0,0.0,0.0,0.0,0.0,0.0,0.19444,0,0,68.29568,-0.57999,0.09442,0.0,0.0,1.0,0.0,0.0,0.0
1uwutxlvq89hlj4h1xum_0000,0.19444444444444445,7,36	0.57769,-0.37316,0.36428,-0.06543,-0.281,0.09526,1.30766,0.66869,0.28934,0.19827,87.20959,105.04036,218.92032,349.13251,0.3,0.3,0.0,0.0,0.0,0.0,0.0,0.0,0.19444,0,0,17.56651,-0.92,0.21594,0.0,0.0,0.0,0.0,0.0,0.0
1ggp877rnvrl6fzg8dy8_0013,0.19444444444444445,7,36	0.57769,-0.37316,0.68161,1.06496,0.29919,-0.32322,1.64338,1.70363,0.25144,0.25733,82.81643,101.96187,133.42912,178.00082,0.3,0.3,0.0,0.0,0.0,0.0,0.0,0.0,0.19444,0,0,5.31525,-0.28,0.41061,0.0,0.0,1.0,0.0,0.0,0.0
1gfeotl2xv3qsebq7w8q_0005,0.19444444444444445,7,36	0.57769,-0.37316,0.9844,0.44821,0.34215,-0.00702,1.28702,1.2848,0.26616,0.27987,102.25,95.49177,44.72049,2.81508,0.3,0.3,0.0,0.0,0.0,0.0,0.0,0.0,0.19444,0,0,13.57025,-1.18,0.25557,0.0,1.0,1.0,1.0,0.0,0.0
5gq3rglvzq5aqjigd1n_0000,0.19444444444444445,7,36	0.57769,-0.37316,-0.30495,1.56186,1.57207,2.21587,0.47629,1.80113,0.28286,0.25965,95.98837,104.7996,33.96455,175.57828,0.3,0.3,0.0,0.0,0.0,0.0,0.0,0.0,0.19444,0,0,1.56724,-0.1,0.66334,0.0,0.0,0.0,0.0,0.0,0.0
jb6dffbo0sln9vh3cj_0003,0.19444444444444445,7,36	0.57769,-0.37316,-0.43114,0.57186,0.15552,-0.71399,0.64792,0.75199,0.28747,0.22949,94.44931,110.74696,132.88531,351.16922,0.3,0.3,0.0,0.0,0.0,0.0,0.0,0.0,0.19444,0,0,6.64411,-1.02,0.34669,0.0,1.0,0.0,0.0,0.0,0.0
5i6kidm2z4zkj2v30hu_0013,0.19444444444444445,7,36	0.57769,-0.37316,-0.59333,0.12901,0.12394,-0.96384,1.08617,2.24773,0.27553,0.28743,85.19962,105.47954,135.63651,357.7878,0.3,0.3,0.0,0.0,0.0,0.0,0.0,0.0,0.19444,0,0,4.71177,-0.36,0.48977,0.0,0.0,1.0,0.0,0.0,0.0
5coptv4nwhdhmm6dce3_0001,0.19444444444444445,7,36	0.57769,-0.37316,-0.36069,1.07553,0.32344,-0.13133,0.61975,2.1303,0.26043,0.25566,83.18652,108.39023,308.02579,180.0196,0.3,0.3,0.0,0.0,0.0,0.0,0.0,0.0,0.19444,0,0,2.1215,0.0,0.78098,0.0,0.0,1.0,0.0,0.0,0.0
5eteucej7i4x1x7zpgx_0000,0.1891891891891892,7,37	0.57769,-0.37316,-0.10744,0.58025,0.41018,1.07706,0.9679,1.58812,0.14458,0.26969,94.26472,99.77125,226.35811,358.79032,0.3,0.3,0.0,0.0,0.0,0.0,0.0,0.0,0.18918,0,0,7.15632,-0.7,0.41267,0.0,0.0,0.0,0.0,0.0,0.0
1h4xws0scisxqiyv8jlg_0009,0.1891891891891892,7,37	0.57769,-0.37316,-0.26588,-0.60085,-1.76574,-1.94874,0.69256,1.72328,0.28617,0.19864,79.31956,97.44733,231.37117,176.02739,0.3,0.3,0.0,0.0,0.0,0.0,0.0,0.0,0.18918,0,0,2.56782,-0.2,0.63577,0.0,0.0,1.0,0.0,0.0,0.0
1gqvnl2s506v9pmm0bfw_0000,0.1891891891891892,7,37	0.57769,-0.37316,-1.1427,0.81718,-1.3538,-2.2474,0.80742,1.42455,0.27549,0.23587,85.76908,103.95765,219.00522,172.73055,0.3,0.3,0.0,0.0,0.0,0.0,0.0,0.0,0.18918,0,0,9.93459,-0.4,0.23991,0.0,0.0,0.0,0.0,0.0,0.0
5jrg42h1ojaslnoh3q2_0006,0.1891891891891892,7,37	0.57769,-0.37316,-0.05774,1.43299,0.2656,0.56123,1.25341,1.89238,0.29367,0.13672,82.34699,107.953,43.37233,176.43244,0.3,0.3,0.0,0.0,0.0,0.0,0.0,0.0,0.18918,0,0,4.71727,-0.24,0.4934,0.0,0.0,1.0,0.0,0.0,0.0
1jy9ud9fthb286bltkoc_0003,0.1891891891891892,7,37	0.57769,-0.37316,-0.82966,1.43737,0.0311,-2.23054,0.89732,1.10316,0.2841,0.24524,85.82341,108.53986,134.34874,354.03051,0.3,0.3,0.0,0.0,0.0,0.0,0.0,0.0,0.18918,0,0,5.51275,-0.51999,0.36973,0.0,1.0,0.0,0.0,0.0,0.0
5jpn50hizidluqcuo5p_0001,0.18421052631578946,7,38	0.57769,-0.37316,-0.17123,1.2539,-0.01917,1.38748,1.59859,1.21011,0.19753,0.2472,83.99223,94.1377,40.69037,356.8689,0.3,0.3,0.0,0.0,0.0,0.0,0.0,0.0,0.18421,0,0,8.81358,-0.4,0.35425,0.0,0.0,1.0,1.0,0.0,0.0
5eaojazd9q81tpic2m5_0020,0.18421052631578946,7,38	0.57769,-0.37316,-0.80124,0.4068,0.14914,2.33433,0.68049,2.12603,0.18217,0.19774,80.83687,97.24956,134.86435,349.54623,0.3,0.3,0.0,0.0,0.0,0.0,0.0,0.0,0.18421,0,0,7.45509,-1.52,0.37623,0.0,0.0,1.0,0.0,0.0,0.0
1gsm75tphie6co2syqw0_0004,0.18421052631578946,7,38	0.57769,-0.37316,0.27714,0.44353,0.39627,-0.61105,0.58609,1.20588,0.24178,0.27786,87.50042,107.12586,311.56563,183.5311,0.3,0.3,0.0,0.0,0.0,0.0,0.0,0.0,0.18421,0,0,2.88796,-0.36,0.57192,0.0,0.0,0.0,0.0,0.0,0.0
1gkdooyk1txcoagbfi55_0003,0.17142857142857143,6,35	0.57769,-0.37316,0.24284,-0.17001,0.21773,1.03623,1.48187,1.45433,0.20896,0.26833,81.25,105.625,301.86335,281.73913,0.3,0.3,0.0,0.0,0.0,0.0,0.0,0.0,0.17142,0,0,10.25834,-1.12,0.33119,0.0,1.0,1.0,0.0,0.0,0.0
1gkdooyk1txcoagbfi55_0005,0.17142857142857143,6,35	0.57769,-0.37316,1.36808,0.38064,0.73008,1.03623,0.56928,1.8443,0.29342,0.14146,84.8958,95.42369,318.34635,351.60441,0.3,0.3,0.0,0.0,0.0,0.0,0.0,0.0,0.17142,0,0,2.25597,-1.04,0.69046,0.0,0.0,1.0,0.0,0.0,0.0
1gkdooyk1txcoagbfi55_0008,0.17142857142857143,6,35	0.57769,-0.37316,0.25006,-0.10818,1.24418,1.03623,1.0532,1.99925,0.30092,0.24209,97.75,97.26247,342.1118,2.38873,0.3,0.3,0.0,0.0,0.0,0.0,0.0,0.0,0.17142,0,0,6.54224,-1.96,0.41704,0.0,1.0,0.0,0.0,0.0,0.0
1h0xbdx2y8wcrgz1ns2p_0001,0.17142857142857143,6,35	0.57769,-0.37316,-1.00288,0.78031,-0.01309,-1.94891,1.48098,1.7279,0.24085,0.2841,85.27988,108.46798,326.4809,3.24509,0.3,0.3,0.0,0.0,0.0,0.0,0.0,0.0,0.17142,0,0,32.74748,-0.47999,0.15654,0.0,0.0,0.0,0.0,0.0,0.0
5gq3rglvzq5aqjigd1n_0002,0.17142857142857143,6,35	0.57769,-0.37316,1.13639,0.18396,0.32462,1.50207,0.97738,0.44166,0.23823,0.20225,96.07822,100.36124,215.19033,349.93889,0.3,0.3,0.0,0.0,0.0,0.0,0.0,0.0,0.17142,0,0,3.55977,-0.94,0.43989,0.0,0.0,0.0,0.0,0.0,0.0
5n43u5ghsl1cqagpji4_0001,0.16666666666666666,6,36	0.57769,-0.37316,-0.54245,0.44846,-2.2666,-1.08591,1.49015,2.01388,0.28454,0.2069,97.86476,92.65468,223.24148,5.42869,0.3,0.3,0.0,0.0,0.0,0.0,0.0,0.0,0.16666,0,0,4.67411,-0.3,0.48793,0.0,0.0,0.0,0.0,0.0,0.0
5jpn50hizidluqcuo5p_0003,0.16666666666666666,6,36	0.57769,-0.37316,0.65916,-0.44578,-0.24702,1.38748,1.04846,1.88422,0.29022,0.24393,80.01335,108.64733,311.25684,3.41115,0.3,0.3,0.0,0.0,0.0,0.0,0.0,0.0,0.16666,0,0,8.79486,-0.65999,0.35135,0.0,0.0,1.0,1.0,0.0,0.0
1ggp877rnvrl6fzg8dy8_0004,0.16666666666666666,6,36	0.57769,-0.37316,1.25209,-0.11447,0.0454,-0.46228,1.18454,2.32091,0.26522,0.13453,96.33536,103.96223,315.33997,356.03614,0.3,0.3,0.0,0.0,0.0,0.0,0.0,0.0,0.16666,0,0,3.57597,-0.47999,0.52564,0.0,0.0,1.0,1.0,0.0,0.0
1i5xc2ectd9eko80hrhu_0000,0.16666666666666666,6,36	0.57769,-0.37316,-1.79213,0.13282,-1.17481,1.70981,0.91169,1.88234,0.25806,0.28176,92.26679,104.70815,135.56126,173.25312,0.3,0.3,0.0,0.0,0.0,0.0,0.0,0.0,0.16666,0,0,3.19352,-0.59999,0.48113,0.0,0.0,1.0,1.0,0.0,0.0
5eaojazd9q81tpic2m5_0017,0.16666666666666666,6,36	0.57769,-0.37316,-0.90967,0.74373,1.22873,2.33433,1.67522,1.974,0.29608,0.2529,89.12977,103.58796,51.23526,185.9295,0.3,0.3,0.0,0.0,0.0,0.0,0.0,0.0,0.16666,0,0,2.66236,-1.1,0.79555,0.0,0.0,1.0,0.0,0.0,0.0
5a9v9hfbi4zqd6p8so6_0001,0.16666666666666666,6,36	0.57769,-0.37316,-0.31822,0.49767,0.36038,-2.32726,1.23107,1.61551,0.29425,0.19277,78.71877,105.69429,41.90416,1.50354,0.3,0.3,0.0,0.0,0.0,0.0,0.0,0.0,0.16666,0,0,14.8791,-0.72,0.26686,0.0,1.0,1.0,1.0,0.0,0.0
5a9v9hfbi4zqd6p8so6_0006,0.16666666666666666,6,36	0.57769,-0.37316,-0.6624,0.25741,0.66928,0.32571,1.17049,0.74698,0.14619,0.28044,95.8035,96.34959,223.32412,2.68497,0.3,0.3,0.0,0.0,0.0,0.0,0.0,0.0,0.16666,0,0,5.79904,-0.94,0.40168,0.0,1.0,1.0,0.0,0.0,0.0
5jcu142e80lyuc65vci_0006,0.16666666666666666,6,36	0.57769,-0.37316,-0.49914,-0.40756,1.01912,-1.42511,0.66513,1.98124,0.26043,0.26483,88.42692,104.30735,48.28085,8.99792,0.3,0.3,0.0,0.0,0.0,0.0,0.0,0.0,0.16666,0,0,14.17794,-1.3,0.25745,0.0,0.0,1.0,1.0,0.0,0.0
5jcu142e80lyuc65vci_0011,0.16666666666666666,6,36	0.57769,-0.37316,-0.42892,1.71311,-0.32963,0.01584,0.47059,0.94387,0.28356,0.23199,95.15544,96.69476,311.42871,352.67929,0.3,0.3,0.0,0.0,0.0,0.0,0.0,0.0,0.16666,0,0,4.42797,-0.38,0.37117,0.0,0.0,1.0,0.0,0.0,0.0
5jcu142e80lyuc65vci_0013,0.16666666666666666,6,36	0.57769,-0.37316,0.60757,0.34995,0.70733,0.01584,1.32942,2.02771,0.16929,0.27847,81.05477,99.60535,216.04398,8.25845,0.3,0.3,0.0,0.0,0.0,0.0,0.0,0.0,0.16666,0,0,12.0105,-1.14,0.30426,0.0,0.0,1.0,0.0,0.0,0.0
1gi8tajnabasmblm5kd2_0005,0.16216216216216217,6,37	0.57769,-0.37316,0.99733,0.74296,-0.05539,-1.42545,0.56616,2.2468,0.29014,0.19612,79.91954,106.25203,129.60557,180.38739,0.3,0.3,0.0,0.0,0.0,0.0,0.0,0.0,0.16216,0,0,1.45911,0.0,1.22154,0.0,0.0,0.0,0.0,0.0,0.0
1gpw69kg09h7qv87915k_0004,0.16216216216216217,6,37	0.57769,-0.37316,-0.44476,0.7406,0.81484,-0.15618,0.96912,1.79853,0.18863,0.16423,97.49244,96.1106,319.66014,180.44383,0.3,0.3,0.0,0.0,0.0,0.0,0.0,0.0,0.16216,0,0,7.15749,-0.59999,0.40177,0.0,0.0,1.0,0.0,0.0,0.0
5gnvth6rwmxzewyrf0p_0001,0.16216216216216217,6,37	0.57769,-0.37316,0.17808,0.38739,1.65082,-0.35577,0.79327,2.01977,0.22273,0.28789,84.21514,109.54556,226.49404,0.90464,0.3,0.3,0.0,0.0,0.0,0.0,0.0,0.0,0.16216,0,0,4.0476,-1.84,0.57226,0.0,0.0,0.0,0.0,0.0,0.0
1ggp877rnvrl6fzg8dy8_0010,0.16216216216216217,6,37	0.57769,-0.37316,1.11153,-0.22998,-0.58466,0.93751,1.68964,2.07106,0.19821,0.26568,89.90012,110.85205,215.60084,180.34343,0.3,0.3,0.0,0.0,0.0,0.0,0.0,0.0,0.16216,0,0,14.37573,-0.7,0.26852,0.0,0.0,1.0,0.0,0.0,0.0
1i5xc2ectd9eko80hrhu_0008,0.16216216216216217,6,37	0.57769,-0.37316,0.56073,0.94279,0.27994,1.70981,1.03762,2.31409,0.19982,0.2826,97.40111,105.80374,320.13634,184.18289,0.3,0.3,0.0,0.0,0.0,0.0,0.0,0.0,0.16216,0,0,24.6041,-0.47999,0.20041,0.0,1.0,0.0,0.0,0.0,0.0
1h4xws0scisxqiyv8jlg_0011,0.16216216216216217,6,37	0.57769,-0.37316,0.95152,0.09933,-1.4252,2.47471,1.22259,1.05335,0.26059,0.23376,80.53558,101.32839,39.51318,190.98303,0.3,0.3,0.0,0.0,0.0,0.0,0.0,0.0,0.16216,0,0,3.10391,-0.57999,0.53809,0.0,0.0,1.0,0.0,0.0,0.0
5a9v9hfbi4zqd6p8so6_0000,0.16216216216216217,6,37	0.57769,-0.37316,-0.06917,2.07649,0.60064,0.32571,1.68973,2.33706,0.28847,0.27987,87.27586,94.44188,258.20689,4.48721,0.3,0.3,0.0,0.0,0.0,0.0,0.0,0.0,0.16216,0,0,10.24574,-0.26,0.34667,0.0,1.0,1.0,1.0,0.0,0.0
1gqvnl2s506v9pmm0bfw_0004,0.16216216216216217,6,37	0.57769,-0.37316,-0.89749,1.49307,0.0077,1.65206,1.20321,1.45859,0.23161,0.27376,88.12657,98.369,316.08387,349.05161,0.3,0.3,0.0,0.0,0.0,0.0,0.0,0.0,0.16216,0,0,11.12314,-0.4,0.25732,0.0,0.0,0.0,0.0,0.0,0.0
595bjxf3fr55gdi81zq_0001,0.16216216216216217,6,37	0.57769,-0.37316,-0.00926,0.04885,0.17599,-1.18593,1.52221,1.15843,0.17391,0.27008,81.47165,107.06681,214.05546,170.34951,0.3,0.3,0.0,0.0,0.0,0.0,0.0,0.0,0.16216,0,0,8.62351,-0.74,0.3738,0.0,0.0,0.0,0.0,0.0,0.0
1jy9ud9fthb286bltkoc_0001,0.16216216216216217,6,37	0.57769,-0.37316,-0.76589,1.30338,0.44754,0.46763,1.33814,1.30652,0.21253,0.26844,78.56348,105.93255,227.48099,358.86926,0.3,0.3,0.0,0.0,0.0,0.0,0.0,0.0,0.16216,0,0,5.93109,-0.44,0.38519,0.0,0.0,1.0,1.0,0.0,0.0
1i5xc2ectd9eko80hrhu_0004,0.15789473684210525,6,38	0.57769,-0.37316,-0.09455,0.84361,0.47162,1.70981,1.51522,1.68544,0.19528,0.25027,86.02767,102.33922,228.99861,180.95213,0.3,0.3,0.0,0.0,0.0,0.0,0.0,0.0,0.15789,0,0,19.29337,-0.45999,0.23914,0.0,0.0,1.0,0.0,0.0,0.0
5jcu142e80lyuc65vci_0008,0.15789473684210525,6,38	0.57769,-0.37316,0.49703,0.91188,0.15552,0.01584,1.27923,1.47855,0.28747,0.22529,88.375,105.25,4.47204,131.92546,0.3,0.3,0.0,0.0,0.0,0.0,0.0,0.0,0.15789,0,0,13.46964,-0.59999,0.2733,0.0,1.0,1.0,0.0,0.0,0.0
5gnvth6rwmxzewyrf0p_0000,0.14285714285714285,5,35	0.57769,-0.37316,-0.08544,-0.03218,-0.38983,0.91161,0.64075,0.6026,0.29872,0.27186,91.08911,110.23388,130.17,179.92314,0.3,0.3,0.0,0.0,0.0,0.0,0.0,0.0,0.14285,0,0,3.37148,-1.08,0.5342,0.0,0.0,0.0,0.0,0.0,0.0
5jpn50hizidluqcuo5p_0002,0.14285714285714285,5,35	0.57769,-0.37316,-1.1762,0.63365,0.83746,-1.62727,1.10028,2.25977,0.24891,0.17805,90.90789,92.15315,41.28806,190.64382,0.3,0.3,0.0,0.0,0.0,0.0,0.0,0.0,0.14285,0,0,2.7721,-0.49999,0.61644,0.0,0.0,1.0,1.0,0.0,0.0
1gz6j6kg4x6ndpoe3g6n_0000,0.14285714285714285,5,35	0.57769,-0.37316,-0.20195,0.80088,-0.0948,-1.08725,1.41432,0.68222,0.23833,0.17298,83.64602,109.66635,310.37274,184.13757,0.3,0.3,0.0,0.0,0.0,0.0,0.0,0.0,0.14285,0,0,12.35518,-0.4,0.25925,0.0,0.0,0.0,0.0,0.0,0.0
5n43u5ghsl1cqagpji4_0000,0.1388888888888889,5,36	0.57769,-0.37316,-0.82388,0.75248,-0.55629,-0.55205,1.02697,1.12924,0.21205,0.11437,92.86955,104.96425,214.89883,184.47812,0.3,0.3,0.0,0.0,0.0,0.0,0.0,0.0,0.13888,0,0,43.63319,-0.57999,0.12392,0.0,0.0,0.0,0.0,0.0,0.0
1gi8tajnabasmblm5kd2_0004,0.1388888888888889,5,36	0.57769,-0.37316,-0.51053,-1.38737,0.79416,1.69759,1.69148,1.25328,0.21492,0.26546,96.32203,95.37615,42.76393,183.23364,0.3,0.3,0.0,0.0,0.0,0.0,0.0,0.0,0.13888,0,0,1.62069,0.0,0.86066,0.0,0.0,0.0,0.0,0.0,0.0
5aizuawwdixlzq6olrh_0007,0.1388888888888889,5,36	0.57769,-0.37316,-1.10901,1.15917,-0.12441,-2.1299,1.41952,0.60668,0.21008,0.23264,85.43445,97.5088,317.60473,4.75135,0.3,0.3,0.0,0.0,0.0,0.0,0.0,0.0,0.13888,0,0,9.00694,-0.61999,0.2759,0.0,1.0,1.0,0.0,0.0,0.0
5aizuawwdixlzq6olrh_0010,0.1388888888888889,5,36	0.57769,-0.37316,-1.08409,0.9737,0.18662,-2.1299,1.43511,0.52191,0.19438,0.27252,85.43445,100.75,317.60473,0.0,0.3,0.3,0.0,0.0,0.0,0.0,0.0,0.0,0.13888,0,0,6.28753,-0.74,0.34506,0.0,1.0,1.0,0.0,0.0,0.0
1i5xc2ectd9eko80hrhu_0005,0.1388888888888889,5,36	0.57769,-0.37316,0.38958,0.76649,-0.02866,1.70981,0.98221,2.32682,0.19982,0.2826,97.40111,105.80374,140.13634,184.18289,0.3,0.3,0.0,0.0,0.0,0.0,0.0,0.0,0.13888,0,0,87.40565,-0.38,0.10021,0.0,0.0,1.0,0.0,0.0,0.0
1h4xws0scisxqiyv8jlg_0016,0.1388888888888889,5,36	0.57769,-0.37316,0.2474,0.43882,0.71648,1.17251,1.31051,0.81498,0.22746,0.24101,95.87941,105.3254,146.3684,9.26852,0.3,0.3,0.0,0.0,0.0,0.0,0.0,0.0,0.13888,0,0,10.74528,-0.86,0.29931,0.0,0.0,0.0,0.0,0.0,0.0
5a9v9hfbi4zqd6p8so6_0005,0.1388888888888889,5,36	0.57769,-0.37316,-0.73677,1.16242,0.01916,-2.32726,1.50799,1.29482,0.27562,0.27941,97.59434,98.87053,47.40585,359.28809,0.3,0.3,0.0,0.0,0.0,0.0,0.0,0.0,0.13888,0,0,12.01401,-0.55999,0.2799,0.0,1.0,1.0,1.0,0.0,0.0
1vr91e1o5yeci0bn574n_0002,0.1388888888888889,5,36	0.57769,-0.37316,-0.03141,0.07727,1.30639,-2.33875,0.85084,2.313,0.24971,0.17872,79.34652,101.50226,40.33951,176.15455,0.3,0.3,0.0,0.0,0.0,0.0,0.0,0.0,0.13888,0,0,4.16212,-1.68,0.59112,0.0,1.0,1.0,0.0,0.0,0.0
5i6kidm2z4zkj2v30hu_0008,0.1388888888888889,5,36	0.57769,-0.37316,-0.93111,1.0855,-0.25371,0.97255,1.27425,0.69826,0.21061,0.17485,86.81274,104.46622,135.03182,4.92367,0.3,0.3,0.0,0.0,0.0,0.0,0.0,0.0,0.13888,0,0,23.46687,-0.53999,0.1628,0.0,0.0,1.0,0.0,0.0,0.0
5i6kidm2z4zkj2v30hu_0012,0.1388888888888889,5,36	0.57769,-0.37316,1.45375,0.53465,0.02575,0.97255,1.4185,1.94361,0.2418,0.15722,90.45044,96.65042,133.39014,351.26363,0.3,0.3,0.0,0.0,0.0,0.0,0.0,0.0,0.13888,0,0,31.72855,-0.65999,0.15874,0.0,0.0,1.0,0.0,0.0,0.0
5aizuawwdixlzq6olrh_0001,0.13513513513513514,5,37	0.57769,-0.37316,-1.10901,1.03553,0.0,-2.1299,1.45069,0.60668,0.18653,0.25048,85.43445,97.5088,317.60473,4.75135,0.3,0.3,0.0,0.0,0.0,0.0,0.0,0.0,0.13513,0,0,10.04076,-0.65999,0.26323,0.0,1.0,1.0,1.0,0.0,0.0
1hf0rxaik14yewujf0b3_0000,0.13513513513513514,5,37	0.57769,-0.37316,-0.22312,2.35538,-1.75077,2.2523,1.28237,0.55972,0.24347,0.2843,93.85937,110.34397,32.34035,171.87646,0.3,0.3,0.0,0.0,0.0,0.0,0.0,0.0,0.13513,0,0,17.31777,-0.16,0.15852,0.0,0.0,0.0,0.0,0.0,0.0
5jpn50hizidluqcuo5p_0006,0.13513513513513514,5,37	0.57769,-0.37316,-0.55275,1.43427,0.38385,-1.62727,0.92959,1.46879,0.27112,0.15129,86.13158,104.97973,41.45571,354.35363,0.3,0.3,0.0,0.0,0.0,0.0,0.0,0.0,0.13513,0,0,6.28858,-0.45999,0.3842,0.0,0.0,1.0,0.0,0.0,0.0
1ggp877rnvrl6fzg8dy8_0000,0.13513513513513514,5,37	0.57769,-0.37316,1.10627,1.91887,0.51467,-0.46228,0.51679,2.19212,0.28926,0.21117,85.74675,91.91139,39.92177,187.68534,0.3,0.3,0.0,0.0,0.0,0.0,0.0,0.0,0.13513,0,0,1.41804,-0.49999,0.86525,0.0,0.0,1.0,2.0,0.0,0.0
1j6m4eks4q3yr3qaqu1p_0000,0.13513513513513514,5,37	0.57769,-0.37316,1.28351,0.48023,-0.11349,-2.01031,1.6055,0.936,0.29291,0.26272,85.74733,110.24654,216.77863,0.20318,0.3,0.3,0.0,0.0,0.0,0.0,0.0,0.0,0.13513,0,0,38.50869,-1.0,0.13829,0.0,0.0,0.0,0.0,0.0,0.0
1gilz0710ye0gz35p035_0000,0.13513513513513514,5,37	0.57769,-0.37316,0.18343,-0.51158,0.14708,-1.31895,1.49775,2.31617,0.21431,0.2651,86.31197,99.28875,134.44759,172.21632,0.3,0.3,0.0,0.0,0.0,0.0,0.0,0.0,0.13513,0,0,138.16192,-2.51999,0.08349,0.0,0.0,0.0,0.0,0.0,0.0
1gsm75tphie6co2syqw0_0002,0.13513513513513514,5,37	0.57769,-0.37316,-0.48101,-0.25108,-1.32695,-0.63863,0.74963,0.98485,0.18289,0.23655,94.1643,104.76495,137.47917,170.21872,0.3,0.3,0.0,0.0,0.0,0.0,0.0,0.0,0.13513,0,0,2.87776,-0.47999,0.56145,0.0,0.0,0.0,0.0,0.0,0.0
jb6dffbo0sln9vh3cj_0002,0.13513513513513514,5,37	0.57769,-0.37316,-0.43114,1.08587,0.24484,-1.31895,0.82358,0.71396,0.15248,0.24554,94.44931,110.74696,132.88531,351.16922,0.3,0.3,0.0,0.0,0.0,0.0,0.0,0.0,0.13513,0,0,2.84625,-0.67999,0.58642,0.0,0.0,0.0,0.0,0.0,0.0
5jrg42h1ojaslnoh3q2_0004,0.13157894736842105,5,38	0.57769,-0.37316,-0.78961,-0.34161,0.70162,0.56123,1.10889,1.28959,0.17906,0.27701,82.98021,105.84115,215.20514,354.11857,0.3,0.3,0.0,0.0,0.0,0.0,0.0,0.0,0.13157,0,0,12.58432,-1.38,0.26438,0.0,0.0,1.0,0.0,0.0,0.0
5hsjwuouik0yr0tvd79_0003,0.13157894736842105,5,38	0.57769,-0.37316,-0.42831,0.09218,-0.36168,-2.26734,1.52084,0.61879,0.21234,0.17271,95.54068,107.65359,319.22243,186.37792,0.3,0.3,0.0,0.0,0.0,0.0,0.0,0.0,0.13157,0,0,37.33704,-0.53999,0.14164,0.0,1.0,0.0,0.0,0.0,0.0
1gkdooyk1txcoagbfi55_0000,0.11428571428571428,4,35	0.57769,-0.37316,-1.20164,0.26742,1.3917,1.03623,1.45323,1.44184,0.27639,0.28708,87.4527,107.84414,142.1822,351.4288,0.3,0.3,0.0,0.0,0.0,0.0,0.0,0.0,0.11428,0,0,1.20072,-12.17999,1.05302,0.0,0.0,1.0,1.0,0.0,0.0
1gi8tajnabasmblm5kd2_0001,0.1111111111111111,4,36	0.57769,-0.37316,0.52806,0.04846,-2.20071,1.69759,0.73255,0.70725,0.28654,0.14756,96.7675,94.75517,225.72241,8.29856,0.3,0.3,0.0,0.0,0.0,0.0,0.0,0.0,0.11111,0,0,1.55623,-0.24,0.57867,0.0,0.0,0.0,0.0,0.0,0.0
1gi8tajnabasmblm5kd2_0002,0.1111111111111111,4,36	0.57769,-0.37316,1.43036,0.62572,0.88994,1.69759,1.55304,0.96341,0.18947,0.2206,88.61232,106.64485,137.54301,178.52288,0.3,0.3,0.0,0.0,0.0,0.0,0.0,0.0,0.11111,0,0,1.55687,-0.78,0.81712,0.0,0.0,0.0,0.0,0.0,0.0
1j9rl8h9d423nyrkvpuk_0000,0.1111111111111111,4,36	0.57769,-0.37316,-0.11975,0.16322,1.08496,-0.12589,1.29934,0.5052,0.28451,0.28287,89.39918,97.29049,215.42468,10.54864,0.3,0.3,0.0,0.0,0.0,0.0,0.0,0.0,0.11111,0,0,2.2611,0.0,0.7031,0.0,0.0,0.0,0.0,0.0,0.0
5aizuawwdixlzq6olrh_0012,0.1111111111111111,4,36	0.57769,-0.37316,-0.63365,0.42481,-0.09971,-1.35063,0.90597,0.64191,0.17356,0.27621,94.13812,107.35641,45.67369,184.17933,0.3,0.3,0.0,0.0,0.0,0.0,0.0,0.0,0.11111,0,0,2.40709,-0.32,0.48434,0.0,0.0,1.0,0.0,0.0,0.0
5dicawk28t88vutyieg_0001,0.1111111111111111,4,36	0.57769,-0.37316,-0.78503,0.75732,0.09331,-0.79643,1.49746,0.75199,0.19797,0.23287,75.625,97.5088,308.57142,4.75135,0.3,0.3,0.0,0.0,0.0,0.0,0.0,0.0,0.11111,0,0,12.33908,-0.82,0.26293,0.0,1.0,0.0,0.0,0.0,0.0
1ggp877rnvrl6fzg8dy8_0007,0.1111111111111111,4,36	0.57769,-0.37316,1.2076,-1.74124,-2.35332,-0.46228,1.54698,2.09255,0.28039,0.26664,83.86978,94.46141,215.83975,176.98298,0.3,0.3,0.0,0.0,0.0,0.0,0.0,0.0,0.11111,0,0,0.49164,0.0,1.43004,0.0,0.0,1.0,1.0,0.0,0.0
1ggp877rnvrl6fzg8dy8_0012,0.1111111111111111,4,36	0.57769,-0.37316,-0.83498,-2.10235,-2.16915,-0.32322,1.64762,1.08901,0.22664,0.22048,97.57335,106.10366,37.03661,183.18881,0.3,0.3,0.0,0.0,0.0,0.0,0.0,0.0,0.11111,0,0,0.74454,-0.04,1.06554,0.0,0.0,1.0,0.0,0.0,0.0
1i5xc2ectd9eko80hrhu_0006,0.1111111111111111,4,36	0.57769,-0.37316,0.21932,2.10845,0.51722,1.70981,0.97613,0.45665,0.27203,0.18765,93.04206,105.49661,225.06581,5.24606,0.3,0.3,0.0,0.0,0.0,0.0,0.0,0.0,0.11111,0,0,1.53839,-0.16,0.61221,0.0,0.0,1.0,0.0,0.0,0.0
5eaojazd9q81tpic2m5_0012,0.1111111111111111,4,36	0.57769,-0.37316,-0.86591,2.13949,2.15029,-0.55397,1.28507,1.90925,0.18361,0.26761,93.59227,99.48458,326.96601,181.4679,0.3,0.3,0.0,0.0,0.0,0.0,0.0,0.0,0.11111,0,0,1.06911,-0.18,0.86537,0.0,0.0,1.0,0.0,0.0,0.0
1h4xws0scisxqiyv8jlg_0002,0.1111111111111111,4,36	0.57769,-0.37316,0.14957,1.49489,0.80865,2.47471,1.54655,2.24896,0.28109,0.26562,80.03065,104.34936,319.9,9.90933,0.3,0.3,0.0,0.0,0.0,0.0,0.0,0.0,0.11111,0,0,5.64393,-0.36,0.52193,0.0,0.0,1.0,1.0,0.0,0.0
1gqvnl2s506v9pmm0bfw_0003,0.1111111111111111,4,36	0.57769,-0.37316,-0.57033,0.79363,0.2484,-1.44781,1.68234,1.94935,0.17268,0.24559,95.37624,100.11651,309.91707,355.15903,0.3,0.3,0.0,0.0,0.0,0.0,0.0,0.0,0.11111,0,0,33.58249,-0.51999,0.17319,0.0,0.0,0.0,0.0,0.0,0.0
1hzkpmdvnw8lp4dtohjd_0001,0.1111111111111111,4,36	0.57769,-0.37316,-0.77061,0.49611,0.44992,1.33333,1.51755,1.34606,0.26088,0.22878,97.77653,96.97988,219.60677,2.92685,0.3,0.3,0.0,0.0,0.0,0.0,0.0,0.0,0.11111,0,0,15.92737,-0.92,0.24485,0.0,0.0,0.0,0.0,0.0,0.0
1gi46vwyrdccm6o7q9is_0002,0.1111111111111111,4,36	0.57769,-0.37316,-1.70952,0.32837,0.13051,-1.31895,1.03564,0.7249,0.17984,0.19426,87.79244,95.2961,51.70279,178.45057,0.3,0.3,0.0,0.0,0.0,0.0,0.0,0.0,0.11111,0,0,3.07787,-0.7,0.42549,0.0,0.0,0.0,0.0,0.0,0.0
5jcu142e80lyuc65vci_0009,0.1111111111111111,4,36	0.57769,-0.37316,0.78816,0.30491,-0.82586,1.23198,0.73442,1.13451,0.16126,0.25592,93.06334,106.37609,323.61053,188.59734,0.3,0.3,0.0,0.0,0.0,0.0,0.0,0.0,0.11111,0,0,16.72704,-0.57999,0.19934,0.0,0.0,1.0,0.0,0.0,0.0
5jcu142e80lyuc65vci_0018,0.1111111111111111,4,36	0.57769,-0.37316,-0.34275,0.72178,-1.22257,-1.42511,1.39171,2.19603,0.20798,0.17793,87.01132,93.36035,138.20909,9.0187,0.3,0.3,0.0,0.0,0.0,0.0,0.0,0.0,0.11111,0,0,54.33819,-0.3,0.13039,0.0,0.0,1.0,0.0,0.0,0.0
5gq3rglvzq5aqjigd1n_0001,0.1111111111111111,4,36	0.57769,-0.37316,-0.3391,-0.01852,-1.39467,-2.21247,1.13946,2.06212,0.19354,0.25468,80.33605,102.73302,216.31734,184.84974,0.3,0.3,0.0,0.0,0.0,0.0,0.0,0.0,0.11111,0,0,5.12209,-0.28,0.46001,0.0,0.0,0.0,0.0,0.0,0.0
1hgxkxihe65p2lg37kdj_0001,0.1111111111111111,4,36	0.57769,-0.37316,1.48283,2.08651,2.11511,-1.31895,1.41172,1.97503,0.2998,0.27252,80.3125,97.75,232.54658,344.34782,0.3,0.3,0.0,0.0,0.0,0.0,0.0,0.0,0.11111,0,0,0.55649,-0.28,1.26504,0.0,1.0,0.0,0.0,0.0,0.0
5hsjwuouik0yr0tvd79_0004,0.1111111111111111,4,36	0.57769,-0.37316,0.7651,-1.03061,0.05458,0.9394,0.55439,1.79339,0.24619,0.18047,92.34194,102.7471,222.64865,6.8058,0.3,0.3,0.0,0.0,0.0,0.0,0.0,0.0,0.11111,0,0,1.6347,-0.76,0.97266,0.0,1.0,0.0,0.0,0.0,0.0
1hd4fzf7qa4oy9iw0wye_0002,0.10810810810810811,4,37	0.57769,-0.37316,-0.11391,0.65832,-0.72433,0.54392,1.481,2.26686,0.23878,0.15787,85.76943,100.73709,226.96749,357.02027,0.3,0.3,0.0,0.0,0.0,0.0,0.0,0.0,0.10810,0,0,35.89163,-0.34,0.17235,0.0,0.0,0.0,0.0,0.0,0.0
1gkdooyk1txcoagbfi55_0002,0.10810810810810811,4,37	0.57769,-0.37316,-0.36136,0.54094,-0.93313,1.03623,1.55981,1.38168,0.15264,0.26602,73.0,102.5553,116.27329,359.01661,0.3,0.3,0.0,0.0,0.0,0.0,0.0,0.0,0.10810,0,0,50.6993,-0.34,0.12797,0.0,1.0,1.0,0.0,0.0,0.0
1gkdooyk1txcoagbfi55_0010,0.10810810810810811,4,37	0.57769,-0.37316,-0.36136,0.54094,-0.93313,1.03623,1.5676,1.69652,0.15264,0.26602,83.5,102.5553,174.40993,359.01661,0.3,0.3,0.0,0.0,0.0,0.0,0.0,0.0,0.10810,0,0,55.91412,-0.32,0.1253,0.0,1.0,0.0,0.0,0.0,0.0
1ggp877rnvrl6fzg8dy8_0003,0.10810810810810811,4,37	0.57769,-0.37316,-0.29507,-0.99584,-1.75021,-0.46228,1.52284,0.42176,0.28156,0.11257,78.04196,103.86251,222.8596,178.30735,0.3,0.3,0.0,0.0,0.0,0.0,0.0,0.0,0.10810,0,0,1.67785,-0.1,0.72388,0.0,0.0,1.0,1.0,0.0,0.0
5eaojazd9q81tpic2m5_0002,0.10810810810810811,4,37	0.57769,-0.37316,-0.03071,1.36913,1.07917,2.33433,0.88475,2.1429,0.29272,0.27586,95.58172,97.18493,219.99643,184.40353,0.3,0.3,0.0,0.0,0.0,0.0,0.0,0.0,0.10810,0,0,3.80913,-0.26,0.60436,0.0,0.0,1.0,1.0,0.0,0.0
1gfeotl2xv3qsebq7w8q_0031,0.10810810810810811,4,37	0.57769,-0.37316,-0.37105,1.87303,0.20372,-0.00702,1.45379,1.48191,0.17505,0.20579,89.26621,98.26344,46.69436,356.68011,0.3,0.3,0.0,0.0,0.0,0.0,0.0,0.0,0.10810,0,0,10.61477,-0.28,0.28869,0.0,0.0,1.0,0.0,0.0,0.0
5jcu142e80lyuc65vci_0000,0.10810810810810811,4,37	0.57769,-0.37316,0.68534,0.35548,0.21773,-1.42511,1.13114,1.97503,0.29195,0.27252,94.5625,107.875,55.90062,149.81366,0.3,0.3,0.0,0.0,0.0,0.0,0.0,0.0,0.10810,0,0,47.51389,-0.55999,0.13502,0.0,1.0,1.0,2.0,0.0,0.0
5jrg42h1ojaslnoh3q2_0001,0.10810810810810811,4,37	0.57769,-0.37316,-0.14402,0.41655,-0.18758,0.56123,0.5839,0.89289,0.25688,0.22146,89.44134,107.70931,308.20689,356.25523,0.3,0.3,0.0,0.0,0.0,0.0,0.0,0.0,0.10810,0,0,1265.66312,-2.11999,0.02116,0.0,0.0,1.0,1.0,0.0,0.0
5j9b1c7kkl60nmb89rf_0000,0.10810810810810811,4,37	0.57769,-0.37316,0.85686,0.73341,0.87898,-2.26072,1.59749,1.45346,0.26775,0.26901,79.51417,100.49519,40.72555,358.07573,0.3,0.3,0.0,0.0,0.0,0.0,0.0,0.0,0.10810,0,0,3.89384,-1.32,0.58829,0.0,0.0,0.0,0.0,0.0,0.0
5j9b1c7kkl60nmb89rf_0001,0.10810810810810811,4,37	0.57769,-0.37316,-0.1491,0.23076,1.07135,-1.41175,0.66271,0.69928,0.25777,0.24543,91.76009,98.70138,327.97649,182.09664,0.3,0.3,0.0,0.0,0.0,0.0,0.0,0.0,0.10810,0,0,3.46452,-2.37999,0.50564,0.0,0.0,0.0,0.0,0.0,0.0
1gjxjtfdawqobg4490vw_0000,0.10810810810810811,4,37	0.57769,-0.37316,-0.06565,0.46457,0.3122,-1.57041,0.8109,0.81672,0.17899,0.16856,84.50044,108.83369,309.04707,351.82452,0.3,0.3,0.0,0.0,0.0,0.0,0.0,0.0,0.10810,0,0,29.26851,-0.61999,0.15525,0.0,0.0,0.0,0.0,0.0,0.0
1ggp877rnvrl6fzg8dy8_0008,0.10526315789473684,4,38	0.57769,-0.37316,-0.72059,0.20309,0.28411,-0.46228,0.71453,1.78411,0.14696,0.17984,94.89728,93.19587,39.89906,173.78355,0.3,0.3,0.0,0.0,0.0,0.0,0.0,0.0,0.10526,0,0,4.62764,-0.49999,0.45434,0.0,0.0,1.0,1.0,0.0,0.0
5eaojazd9q81tpic2m5_0015,0.10526315789473684,4,38	0.57769,-0.37316,-0.14518,0.30213,-0.23912,-0.55397,1.26854,1.7156,0.20861,0.24665,91.50076,91.62653,132.2281,175.84741,0.3,0.3,0.0,0.0,0.0,0.0,0.0,0.0,0.10526,0,0,36.91542,-0.47999,0.16127,0.0,0.0,1.0,0.0,0.0,0.0
1hzkpmdvnw8lp4dtohjd_0000,0.10526315789473684,4,38	0.57769,-0.37316,-0.22245,1.36708,0.83095,0.8912,1.66368,1.71994,0.19979,0.22716,79.31991,107.65555,221.65053,359.73213,0.3,0.3,0.0,0.0,0.0,0.0,0.0,0.0,0.10526,0,0,8.04437,-0.42,0.4011,0.0,0.0,0.0,0.0,0.0,0.0
5jrg42h1ojaslnoh3q2_0005,0.10526315789473684,4,38	0.57769,-0.37316,0.00887,0.05536,-0.2796,0.56123,0.48825,1.55682,0.18492,0.16251,93.50219,97.27029,33.16044,180.09193,0.3,0.3,0.0,0.0,0.0,0.0,0.0,0.0,0.10526,0,0,13.6893,-0.61999,0.25793,0.0,0.0,1.0,0.0,0.0,0.0
7d55v6sgwjl4u47w2o9_0000,0.10526315789473684,4,38	0.57769,-0.37316,-0.1691,-1.71204,-1.87004,-0.59602,1.00063,2.2094,0.29055,0.12853,82.87084,98.38847,227.12549,174.11585,0.3,0.3,0.0,0.0,0.0,0.0,0.0,0.0,0.10526,0,0,2.44342,0.0,0.71511,0.0,0.0,0.0,0.0,0.0,0.0
3a21wy0l2bcfaw8oave_0000,0.08571428571428572,3,35	0.57769,-0.37316,0.11635,-1.32689,-0.65369,-1.31895,1.40501,0.63423,0.24485,0.19035,82.69017,103.23602,137.46677,185.39281,0.3,0.3,0.0,0.0,0.0,0.0,0.0,0.0,0.08571,0,0,1.85744,0.0,0.71816,0.0,0.0,0.0,0.0,0.0,0.0
1gi5jaqwp15uewlujwym_0000,0.08571428571428572,3,35	0.57769,-0.37316,0.10808,-1.22463,-2.29328,-1.31895,1.31766,2.06526,0.26433,0.23036,86.75492,105.58023,128.91801,178.61561,0.3,0.3,0.0,0.0,0.0,0.0,0.0,0.0,0.08571,0,0,2.66917,-0.04,0.68776,0.0,0.0,0.0,0.0,0.0,0.0
1grcsxvd6hw00v0ke05p_0000,0.08571428571428572,3,35	0.57769,-0.37316,0.06279,0.24346,1.53206,-1.31895,1.28248,0.67762,0.29164,0.27673,90.67975,93.18188,132.45978,353.73372,0.3,0.3,0.0,0.0,0.0,0.0,0.0,0.0,0.08571,0,0,3.03899,-3.07999,0.58768,0.0,0.0,0.0,0.0,0.0,0.0
5jpn50hizidluqcuo5p_0008,0.08571428571428572,3,35	0.57769,-0.37316,0.32074,0.02528,-1.81138,-1.62727,1.50521,2.14004,0.27845,0.2849,89.42901,105.8645,222.74086,351.69958,0.3,0.3,0.0,0.0,0.0,0.0,0.0,0.0,0.08571,0,0,4.29271,-0.2,0.49698,0.0,0.0,1.0,0.0,0.0,0.0
5a9v9hfbi4zqd6p8so6_0014,0.08571428571428572,3,35	0.57769,-0.37316,-0.69006,0.13046,0.45139,-2.32726,0.98155,1.04393,0.29425,0.19277,78.71877,105.69429,41.90416,1.50354,0.3,0.3,0.0,0.0,0.0,0.0,0.0,0.0,0.08571,0,0,5.93344,-0.76,0.39335,0.0,0.0,1.0,0.0,0.0,0.0
5i6kidm2z4zkj2v30hu_0001,0.08571428571428572,3,35	0.57769,-0.37316,-1.0113,1.26728,0.18422,0.97255,1.20789,1.20631,0.14825,0.26332,90.92902,100.54686,50.51427,0.93785,0.3,0.3,0.0,0.0,0.0,0.0,0.0,0.0,0.08571,0,0,6.77247,-0.53999,0.34088,0.0,0.0,1.0,1.0,0.0,0.0
5ax0f55ub7gobp6ygg6_0000,0.08571428571428572,3,35	0.57769,-0.37316,0.13239,-0.02438,1.30274,-0.34552,1.41862,0.54042,0.24699,0.19091,91.11968,108.86266,34.37123,1.38799,0.3,0.3,0.0,0.0,0.0,0.0,0.0,0.0,0.08571,0,0,3.15637,-2.65999,0.58758,0.0,0.0,0.0,0.0,0.0,0.0
1hd4fzf7qa4oy9iw0wye_0003,0.08333333333333333,3,36	0.57769,-0.37316,0.01526,0.60012,-2.42611,-2.21574,1.40691,1.45831,0.28168,0.23151,86.90884,110.10043,133.60683,187.94553,0.3,0.3,0.0,0.0,0.0,0.0,0.0,0.0,0.08333,0,0,4.30089,-0.18,0.45682,0.0,0.0,0.0,0.0,0.0,0.0
1hd4fzf7qa4oy9iw0wye_0004,0.08333333333333333,3,36	0.57769,-0.37316,1.83634,0.2479,0.01147,-1.42101,0.8912,0.72911,0.28167,0.22769,88.0673,107.19628,212.37099,190.31948,0.3,0.3,0.0,0.0,0.0,0.0,0.0,0.0,0.08333,0,0,4.38945,-0.82,0.34937,0.0,0.0,0.0,0.0,0.0,0.0
1gi8tajnabasmblm5kd2_0000,0.08333333333333333,3,36	0.57769,-0.37316,-0.16947,-1.99229,-0.43189,1.69759,0.85412,0.7537,0.25768,0.1598,87.81746,97.24375,228.32724,7.89465,0.3,0.3,0.0,0.0,0.0,0.0,0.0,0.0,0.08333,0,0,1.47623,0.0,0.73638,0.0,0.0,0.0,0.0,0.0,0.0
1gi8tajnabasmblm5kd2_0003,0.08333333333333333,3,36	0.57769,-0.37316,-0.51053,-1.38737,0.79416,1.69759,1.69148,1.25328,0.21492,0.26546,96.32203,95.37615,42.76393,183.23364,0.3,0.3,0.0,0.0,0.0,0.0,0.0,0.0,0.08333,0,0,1.62069,0.0,0.86066,0.0,0.0,0.0,0.0,0.0,0.0
1iqtutgyg7zw9r1pkxxf_0000,0.08333333333333333,3,36	0.57769,-0.37316,-0.95855,1.43402,0.86603,-0.33724,1.61885,1.1641,0.23024,0.26914,83.79795,93.30486,317.35428,2.66808,0.3,0.3,0.0,0.0,0.0,0.0,0.0,0.0,0.08333,0,0,2.29168,-0.47999,0.67655,0.0,0.0,0.0,0.0,0.0,0.0
5f7ki523586gyhzi09h_0001,0.08333333333333333,3,36	0.57769,-0.37316,1.3212,-0.02974,0.73228,-1.18062,1.71389,0.69629,0.27248,0.27947,96.05588,92.28082,318.27448,6.89124,0.3,0.3,0.0,0.0,0.0,0.0,0.0,0.0,0.08333,0,0,3.4785,-1.74,0.55875,0.0,0.0,0.0,0.0,0.0,0.0
5f7rhbm1mrcuoh5zydy_0001,0.08333333333333333,3,36	0.57769,-0.37316,-0.08778,-0.73446,1.31298,-0.06041,1.58206,1.81274,0.24371,0.26758,80.92347,94.57384,315.53897,3.65769,0.3,0.3,0.0,0.0,0.0,0.0,0.0,0.0,0.08333,0,0,26.8802,-1.3,0.19031,0.0,0.0,0.0,0.0,0.0,0.0
1uwutxlvq89hlj4h1xum_0001,0.08333333333333333,3,36	0.57769,-0.37316,0.32077,0.6545,1.89591,-1.96854,0.67632,1.30563,0.27728,0.27825,93.67644,96.50857,227.76504,353.43216,0.3,0.3,0.0,0.0,0.0,0.0,0.0,0.0,0.08333,0,0,1.484,0.0,0.77647,0.0,0.0,0.0,0.0,0.0,0.0
1ggp877rnvrl6fzg8dy8_0009,0.08333333333333333,3,36	0.57769,-0.37316,-1.64076,-1.01436,-0.62074,0.93751,1.0141,2.16813,0.25367,0.2051,88.93459,100.15186,309.48047,184.27754,0.3,0.3,0.0,0.0,0.0,0.0,0.0,0.0,0.08333,0,0,0.83612,0.0,1.78408,0.0,0.0,1.0,0.0,0.0,0.0
1ggp877rnvrl6fzg8dy8_0011,0.08333333333333333,3,36	0.57769,-0.37316,0.8241,1.0725,-1.84937,-0.32322,1.39292,1.43567,0.2267,0.23311,86.68031,108.09228,41.24007,7.46644,0.3,0.3,0.0,0.0,0.0,0.0,0.0,0.0,0.08333,0,0,6.32774,-0.36,0.35496,0.0,0.0,1.0,0.0,0.0,0.0
1gkioq2tgut4calrb02k_0001,0.08333333333333333,3,36	0.57769,-0.37316,-1.03833,1.16477,0.09758,1.68875,1.63367,1.19774,0.19797,0.23287,85.43445,97.5088,317.60473,4.75135,0.3,0.3,0.0,0.0,0.0,0.0,0.0,0.0,0.08333,0,0,12.16651,-0.51999,0.25886,0.0,1.0,0.0,0.0,0.0,0.0
1gfeotl2xv3qsebq7w8q_0032,0.08333333333333333,3,36	0.57769,-0.37316,-0.10005,1.27334,0.04988,-0.00702,1.60658,0.43031,0.26361,0.13995,92.38772,92.66669,133.05706,3.95692,0.3,0.3,0.0,0.0,0.0,0.0,0.0,0.0,0.08333,0,0,6.65939,-0.34,0.3551,0.0,0.0,1.0,0.0,0.0,0.0
5a9v9hfbi4zqd6p8so6_0004,0.08333333333333333,3,36	0.57769,-0.37316,-0.48425,0.25741,0.66928,0.32571,1.16183,0.74698,0.12037,0.27987,95.8035,96.34959,223.32412,2.68497,0.3,0.3,0.0,0.0,0.0,0.0,0.0,0.0,0.08333,0,0,4.17263,-2.59999,0.47637,0.0,1.0,1.0,1.0,0.0,0.0
5a9v9hfbi4zqd6p8so6_0009,0.08333333333333333,3,36	0.57769,-0.37316,0.09685,1.39005,0.94386,-2.32726,1.66376,2.35042,0.21998,0.27987,85.70903,94.44188,227.80435,4.48721,0.3,0.3,0.0,0.0,0.0,0.0,0.0,0.0,0.08333,0,0,9.4765,-0.38,0.38752,0.0,1.0,1.0,0.0,0.0,0.0
5a9v9hfbi4zqd6p8so6_0010,0.08333333333333333,3,36	0.57769,-0.37316,0.09685,1.21844,1.14979,-2.32726,1.66376,2.35042,0.23368,0.27987,85.70903,94.44188,227.80435,4.48721,0.3,0.3,0.0,0.0,0.0,0.0,0.0,0.0,0.08333,0,0,7.84272,-0.44,0.44353,0.0,1.0,1.0,0.0,0.0,0.0
5a9v9hfbi4zqd6p8so6_0015,0.08333333333333333,3,36	0.57769,-0.37316,-0.73677,1.16242,0.01916,-2.32726,1.21988,0.85788,0.27562,0.27941,97.59434,98.87053,47.40585,359.28809,0.3,0.3,0.0,0.0,0.0,0.0,0.0,0.0,0.08333,0,0,7.46612,-0.63999,0.33511,0.0,0.0,1.0,0.0,0.0,0.0
1vr91e1o5yeci0bn574n_0004,0.08333333333333333,3,36	0.57769,-0.37316,-0.779,0.34703,-0.81326,-2.33875,1.01504,1.27183,0.21593,0.21081,89.68933,110.46411,319.78579,189.94997,0.3,0.3,0.0,0.0,0.0,0.0,0.0,0.0,0.08333,0,0,5.58401,-0.98,0.4284,0.0,0.0,1.0,0.0,0.0,0.0
5jcu142e80lyuc65vci_0004,0.08333333333333333,3,36	0.57769,-0.37316,0.69649,1.28282,0.0622,-1.42511,1.54422,0.65512,0.28693,0.27625,80.84244,94.86699,138.30921,349.83968,0.3,0.3,0.0,0.0,0.0,0.0,0.0,0.0,0.08333,0,0,4.99064,-0.63999,0.4393,0.0,1.0,1.0,1.0,0.0,0.0
5jcu142e80lyuc65vci_0007,0.08333333333333333,3,36	0.57769,-0.37316,0.65046,0.40069,-0.47452,-1.42511,0.72409,1.71777,0.1523,0.26187,97.95567,104.97715,319.17348,171.4646,0.3,0.3,0.0,0.0,0.0,0.0,0.0,0.0,0.08333,0,0,257.17791,-0.51999,0.05186,0.0,0.0,1.0,1.0,0.0,0.0
5jcu142e80lyuc65vci_0015,0.08333333333333333,3,36	0.57769,-0.37316,0.69649,1.32798,0.07931,-1.42511,1.46422,1.36063,0.28693,0.27625,80.84244,94.86699,138.30921,349.83968,0.3,0.3,0.0,0.0,0.0,0.0,0.0,0.0,0.08333,0,0,6.777,-0.59999,0.39691,0.0,0.0,1.0,0.0,0.0,0.0
1gsm75tphie6co2syqw0_0001,0.08333333333333333,3,36	0.57769,-0.37316,-1.14958,0.04367,-0.88659,2.25377,1.66895,2.28132,0.24401,0.17924,95.4829,92.45738,133.83979,10.17005,0.3,0.3,0.0,0.0,0.0,0.0,0.0,0.0,0.08333,0,0,9.73668,-0.45999,0.31709,0.0,0.0,0.0,0.0,0.0,0.0
jb6dffbo0sln9vh3cj_0000,0.08333333333333333,3,36	0.57769,-0.37316,0.24284,0.51003,0.52877,-0.71399,1.67672,1.26058,0.30092,0.27567,88.50367,102.5553,35.46737,359.01661,0.3,0.3,0.0,0.0,0.0,0.0,0.0,0.0,0.08333,0,0,5.07519,-1.16,0.5276,0.0,1.0,0.0,1.0,0.0,0.0
5i6kidm2z4zkj2v30hu_0003,0.08333333333333333,3,36	0.57769,-0.37316,0.04206,0.73457,-0.83911,0.97255,1.02467,2.20561,0.29162,0.24996,86.07809,99.04844,46.78836,180.80107,0.3,0.3,0.0,0.0,0.0,0.0,0.0,0.0,0.08333,0,0,22.10612,-0.34,0.215,0.0,0.0,1.0,1.0,0.0,0.0
5awjzqcfkqevjoafu3m_0000,0.08108108108108109,3,37	0.57769,-0.37316,0.66298,1.49176,-0.36023,0.64818,0.83718,0.75979,0.26761,0.15501,80.19145,97.445,40.17882,351.07764,0.3,0.3,0.0,0.0,0.0,0.0,0.0,0.0,0.08108,0,0,8.3924,-0.45999,0.26821,0.0,0.0,0.0,0.0,0.0,0.0
1ggp877rnvrl6fzg8dy8_0015,0.08108108108108109,3,37	0.57769,-0.37316,-1.65226,-0.2417,-0.43363,-0.32322,1.43642,0.71043,0.20215,0.26771,92.39444,96.71861,142.46213,188.85622,0.3,0.3,0.0,0.0,0.0,0.0,0.0,0.0,0.08108,0,0,3.60318,-1.0,0.47396,0.0,0.0,1.0,0.0,0.0,0.0
1ggp877rnvrl6fzg8dy8_0017,0.08108108108108109,3,37	0.57769,-0.37316,-1.03118,0.03247,-1.00497,-0.46228,1.34468,2.33987,0.17577,0.27334,85.12696,105.12606,213.47849,9.40931,0.3,0.3,0.0,0.0,0.0,0.0,0.0,0.0,0.08108,0,0,6.50335,-0.98,0.43979,0.0,0.0,1.0,0.0,0.0,0.0
1i5xc2ectd9eko80hrhu_0010,0.08108108108108109,3,37	0.57769,-0.37316,0.58565,0.84361,0.47162,1.70981,1.45069,1.6723,0.19528,0.25027,86.02767,102.33922,48.99861,180.95213,0.3,0.3,0.0,0.0,0.0,0.0,0.0,0.0,0.08108,0,0,9.82769,-0.76,0.34187,0.0,1.0,0.0,0.0,0.0,0.0
5eaojazd9q81tpic2m5_0003,0.08108108108108109,3,37	0.57769,-0.37316,-0.19729,1.27615,0.81271,2.33433,1.2145,2.2015,0.26333,0.23624,95.56581,105.85602,222.55426,5.69567,0.3,0.3,0.0,0.0,0.0,0.0,0.0,0.0,0.08108,0,0,8.84313,-0.44,0.38418,0.0,0.0,1.0,1.0,0.0,0.0
5eaojazd9q81tpic2m5_0004,0.08108108108108109,3,37	0.57769,-0.37316,-1.21865,1.2569,-0.99751,2.33433,1.35895,1.23421,0.29404,0.17041,95.65944,107.78189,315.76775,3.90576,0.3,0.3,0.0,0.0,0.0,0.0,0.0,0.0,0.08108,0,0,25.88236,-0.44,0.1545,0.0,0.0,1.0,1.0,0.0,0.0
1h8irzh6dzbp3bcl0d4w_0000,0.08108108108108109,3,37	0.57769,-0.37316,0.93456,-0.72641,-0.15552,-1.28171,1.43511,2.35042,0.25494,0.22215,97.75,110.875,183.35403,348.81987,0.3,0.3,0.0,0.0,0.0,0.0,0.0,0.0,0.08108,0,0,27.0525,-1.18,0.19157,0.0,1.0,0.0,0.0,0.0,0.0
1h4xws0scisxqiyv8jlg_0000,0.08108108108108109,3,37	0.57769,-0.37316,0.49216,2.22065,-1.56333,2.47471,1.53086,0.4767,0.26625,0.28164,81.55596,97.48402,43.41359,172.9085,0.3,0.3,0.0,0.0,0.0,0.0,0.0,0.0,0.08108,0,0,6.05383,-0.26,0.311,0.0,0.0,1.0,1.0,0.0,0.0
1vr91e1o5yeci0bn574n_0001,0.08108108108108109,3,37	0.57769,-0.37316,-0.10715,1.47873,-0.22429,-2.33875,1.58464,0.84648,0.13809,0.17559,86.04034,101.08018,42.07524,9.60271,0.3,0.3,0.0,0.0,0.0,0.0,0.0,0.0,0.08108,0,0,42.27882,-0.3,0.13346,0.0,0.0,1.0,1.0,0.0,0.0
5jcu142e80lyuc65vci_0016,0.08108108108108109,3,37	0.57769,-0.37316,1.10049,0.88515,-0.28706,-1.42511,1.18587,2.26534,0.27173,0.22432,83.743,98.45795,49.11765,359.58386,0.3,0.3,0.0,0.0,0.0,0.0,0.0,0.0,0.08108,0,0,122.98815,-0.47999,0.07893,0.0,0.0,1.0,0.0,0.0,0.0
5i6kidm2z4zkj2v30hu_0014,0.08108108108108109,3,37	0.57769,-0.37316,-0.74359,0.8206,0.33566,-0.96384,1.08304,2.28725,0.26113,0.24966,79.92273,110.7364,39.89262,190.89384,0.3,0.3,0.0,0.0,0.0,0.0,0.0,0.0,0.08108,0,0,5.15228,-0.32,0.42666,0.0,0.0,1.0,0.0,0.0,0.0
1jy9ud9fthb286bltkoc_0000,0.08108108108108109,3,37	0.57769,-0.37316,-1.03833,1.19008,0.09331,0.46763,1.41172,0.66723,0.19797,0.23287,85.43445,97.5088,317.60473,4.75135,0.3,0.3,0.0,0.0,0.0,0.0,0.0,0.0,0.08108,0,0,7.5172,-0.55999,0.30339,0.0,1.0,1.0,1.0,0.0,0.0
7d55v6sgwjl4u47w2o9_0001,0.08108108108108109,3,37	0.57769,-0.37316,0.16297,0.39113,-1.07301,-0.20612,1.47408,1.28024,0.20449,0.15731,80.31739,96.22567,226.31876,3.94402,0.3,0.3,0.0,0.0,0.0,0.0,0.0,0.0,0.08108,0,0,24.82273,-0.38,0.193,0.0,0.0,0.0,0.0,0.0,0.0
5hsjwuouik0yr0tvd79_0001,0.08108108108108109,3,37	0.57769,-0.37316,-1.76425,1.28078,0.55136,1.75113,1.06149,1.38412,0.26384,0.25435,97.99113,93.95244,322.99778,8.77288,0.3,0.3,0.0,0.0,0.0,0.0,0.0,0.0,0.08108,0,0,1.44372,-0.72,0.75525,0.0,0.0,1.0,1.0,0.0,0.0
1ggp877rnvrl6fzg8dy8_0006,0.05714285714285714,2,35	0.57769,-0.37316,-0.89135,2.38078,0.41653,-0.46228,1.68013,1.27031,0.25864,0.22871,88.36609,95.77532,221.74267,184.96566,0.3,0.3,0.0,0.0,0.0,0.0,0.0,0.0,0.05714,0,0,0.65105,0.0,1.14506,0.0,0.0,1.0,1.0,0.0,0.0
5eaojazd9q81tpic2m5_0018,0.05714285714285714,2,35	0.57769,-0.37316,0.11395,-0.46755,-0.17498,2.33433,1.68848,2.30732,0.14199,0.13667,90.58496,98.70951,224.09171,188.09417,0.3,0.3,0.0,0.0,0.0,0.0,0.0,0.0,0.05714,0,0,176.05697,-2.33999,0.07476,0.0,0.0,1.0,0.0,0.0,0.0
1gkioq2tgut4calrb02k_0002,0.05714285714285714,2,35	0.57769,-0.37316,-1.03833,1.1222,0.47247,1.68875,1.63367,1.19774,0.19797,0.23287,85.43445,97.5088,317.60473,4.75135,0.3,0.3,0.0,0.0,0.0,0.0,0.0,0.0,0.05714,0,0,5.24111,-0.55999,0.42179,0.0,1.0,0.0,0.0,0.0,0.0
1hgxkxihe65p2lg37kdj_0003,0.05714285714285714,2,35	0.57769,-0.37316,-1.03833,1.16477,0.09758,1.16202,1.11428,0.53643,0.19797,0.23287,85.43445,97.5088,317.60473,4.75135,0.3,0.3,0.0,0.0,0.0,0.0,0.0,0.0,0.05714,0,0,5.64074,-0.57999,0.32694,0.0,1.0,0.0,0.0,0.0,0.0
5i6kidm2z4zkj2v30hu_0010,0.05714285714285714,2,35	0.57769,-0.37316,-1.8175,0.24264,-0.56927,0.97255,0.88606,1.00096,0.25915,0.26026,85.47972,92.15998,131.29547,350.04999,0.3,0.3,0.0,0.0,0.0,0.0,0.0,0.0,0.05714,0,0,7.2936,-0.67999,0.26907,0.0,0.0,1.0,0.0,0.0,0.0
1gkdooyk1txcoagbfi55_0009,0.05555555555555555,2,36	0.57769,-0.37316,-0.36136,0.54094,-0.93313,1.03623,1.55981,1.38168,0.15264,0.26602,73.0,102.5553,116.27329,359.01661,0.3,0.3,0.0,0.0,0.0,0.0,0.0,0.0,0.05555,0,0,50.6993,-0.34,0.12797,0.0,1.0,0.0,0.0,0.0,0.0
5n43u5ghsl1cqagpji4_0002,0.05555555555555555,2,36	0.57769,-0.37316,-0.44854,1.65924,-1.11873,-0.63847,0.71069,2.02087,0.24962,0.23807,94.19663,97.74854,36.04401,176.03569,0.3,0.3,0.0,0.0,0.0,0.0,0.0,0.0,0.05555,0,0,8.85408,-0.32,0.31591,0.0,0.0,0.0,0.0,0.0,0.0
5n12gdj1h97yjekh13v_0000,0.05555555555555555,2,36	0.57769,-0.37316,-1.16253,1.24551,0.61052,1.24361,1.22484,0.70187,0.21758,0.20469,96.13981,99.90141,327.28942,3.22867,0.3,0.3,0.0,0.0,0.0,0.0,0.0,0.0,0.05555,0,0,1.89621,-0.4,0.54331,0.0,0.0,0.0,0.0,0.0,0.0
5aizuawwdixlzq6olrh_0013,0.05555555555555555,2,36	0.57769,-0.37316,-0.63093,1.43732,0.67482,-1.35063,0.81405,1.99716,0.1438,0.12749,96.89666,108.53758,314.54571,171.25398,0.3,0.3,0.0,0.0,0.0,0.0,0.0,0.0,0.05555,0,0,4.15994,-0.49999,0.52419,0.0,0.0,1.0,0.0,0.0,0.0
5f7rhbm1mrcuoh5zydy_0002,0.05555555555555555,2,36	0.57769,-0.37316,0.13706,-0.88097,-0.77761,-0.7812,1.36496,2.10824,0.29248,0.23985,83.875,109.27317,196.77018,171.01731,0.3,0.3,0.0,0.0,0.0,0.0,0.0,0.0,0.05555,0,0,14.63582,-0.67999,0.28942,0.0,1.0,0.0,0.0,0.0,0.0
5f7rhbm1mrcuoh5zydy_0003,0.05555555555555555,2,36	0.57769,-0.37316,0.13706,-0.88097,-0.77761,-0.7812,1.36496,2.10824,0.29248,0.23985,83.875,109.27317,196.77018,171.01731,0.3,0.3,0.0,0.0,0.0,0.0,0.0,0.0,0.05555,0,0,14.63582,-0.67999,0.28942,0.0,1.0,0.0,0.0,0.0,0.0
5jpn50hizidluqcuo5p_0005,0.05555555555555555,2,36	0.57769,-0.37316,-0.78503,2.08651,-0.62209,1.38748,0.69468,1.78128,0.19438,0.20116,78.8125,94.1875,317.51552,203.47826,0.3,0.3,0.0,0.0,0.0,0.0,0.0,0.0,0.05555,0,0,6.20822,-0.36,0.3438,0.0,1.0,1.0,1.0,0.0,0.0
5jpn50hizidluqcuo5p_0011,0.05555555555555555,2,36	0.57769,-0.37316,-0.90428,0.93825,0.17342,1.38748,1.3932,1.73793,0.22372,0.17277,95.24919,102.28403,46.69351,350.72158,0.3,0.3,0.0,0.0,0.0,0.0,0.0,0.0,0.05555,0,0,14.23876,-0.44,0.24538,0.0,0.0,1.0,0.0,0.0,0.0
5jpn50hizidluqcuo5p_0014,0.05555555555555555,2,36	0.57769,-0.37316,1.47028,0.33775,0.27909,1.38748,1.5654,1.27836,0.2658,0.27315,84.78113,103.90868,227.43859,188.97202,0.3,0.3,0.0,0.0,0.0,0.0,0.0,0.0,0.05555,0,0,14.36255,-1.38,0.24652,0.0,0.0,1.0,0.0,0.0,0.0
5eaojazd9q81tpic2m5_0005,0.05555555555555555,2,36	0.57769,-0.37316,-0.09417,1.38115,0.27109,2.33433,1.34038,1.93253,0.18789,0.24831,89.51115,98.40653,42.00655,182.1851,0.3,0.3,0.0,0.0,0.0,0.0,0.0,0.0,0.05555,0,0,10.75641,-0.32,0.32263,0.0,0.0,1.0,1.0,0.0,0.0
5eaojazd9q81tpic2m5_0006,0.05555555555555555,2,36	0.57769,-0.37316,0.11527,0.35652,0.2847,2.33433,0.94976,1.30496,0.26886,0.16807,86.1564,109.20461,139.23151,359.52285,0.3,0.3,0.0,0.0,0.0,0.0,0.0,0.0,0.05555,0,0,14.96185,-0.57999,0.25089,0.0,0.0,1.0,1.0,0.0,0.0
5eaojazd9q81tpic2m5_0008,0.05555555555555555,2,36	0.57769,-0.37316,0.22916,0.46877,-0.73037,1.28073,1.20362,0.70663,0.25021,0.17069,92.83627,109.0305,141.2883,170.64979,0.3,0.3,0.0,0.0,0.0,0.0,0.0,0.0,0.05555,0,0,3.04514,-0.24,0.49554,0.0,0.0,1.0,0.0,0.0,0.0
1h0xbdx2y8wcrgz1ns2p_0000,0.05555555555555555,2,36	0.57769,-0.37316,-0.41124,0.98494,-0.12644,-1.19808,1.04521,0.74308,0.29615,0.16314,89.96507,103.01088,316.37368,4.26417,0.3,0.3,0.0,0.0,0.0,0.0,0.0,0.0,0.05555,0,0,7.39259,-0.61999,0.34063,0.0,0.0,0.0,0.0,0.0,0.0
5cq30rze5lj8jdutjhm_0000,0.05555555555555555,2,36	0.57769,-0.37316,1.10688,0.37184,0.33844,-1.71577,0.71044,2.16539,0.18396,0.22792,81.39876,109.12813,41.52915,8.18889,0.3,0.3,0.0,0.0,0.0,0.0,0.0,0.0,0.05555,0,0,11.5221,-1.46,0.28651,0.0,0.0,0.0,0.0,0.0,0.0
5cq30rze5lj8jdutjhm_0002,0.05555555555555555,2,36	0.57769,-0.37316,0.26162,-0.73263,1.56949,-1.60179,1.32898,1.97567,0.24915,0.26204,93.23871,110.15779,311.40208,358.01304,0.3,0.3,0.0,0.0,0.0,0.0,0.0,0.0,0.05555,0,0,20.10688,-1.78,0.21771,0.0,0.0,0.0,0.0,0.0,0.0
1h4xws0scisxqiyv8jlg_0006,0.05555555555555555,2,36	0.57769,-0.37316,0.76587,1.57248,-0.25151,-1.94874,1.06409,1.03749,0.26786,0.27626,79.65415,95.18521,230.86893,7.05624,0.3,0.3,0.0,0.0,0.0,0.0,0.0,0.0,0.05555,0,0,11.09532,-0.42,0.24554,0.0,0.0,1.0,0.0,0.0,0.0
1h4xws0scisxqiyv8jlg_0007,0.05555555555555555,2,36	0.57769,-0.37316,1.22226,0.34154,-1.00601,-1.94874,1.47919,1.39401,0.28654,0.20541,88.12035,94.04008,223.20784,353.98316,0.3,0.3,0.0,0.0,0.0,0.0,0.0,0.0,0.05555,0,0,11.57772,-0.57999,0.26313,0.0,0.0,1.0,0.0,0.0,0.0
1h4xws0scisxqiyv8jlg_0015,0.05555555555555555,2,36	0.57769,-0.37316,0.07071,0.97533,-0.07765,1.85299,1.35173,1.82507,0.21168,0.16958,87.62483,98.57458,37.21128,8.59153,0.3,0.3,0.0,0.0,0.0,0.0,0.0,0.0,0.05555,0,0,96.57017,-0.34,0.09564,0.0,0.0,0.0,0.0,0.0,0.0
5a9v9hfbi4zqd6p8so6_0018,0.05555555555555555,2,36	0.57769,-0.37316,-0.27418,0.60064,0.18877,1.941,0.69452,2.12327,0.13456,0.19982,86.86909,98.86724,215.73359,185.12793,0.3,0.3,0.0,0.0,0.0,0.0,0.0,0.0,0.05555,0,0,33.98429,-0.51999,0.1649,0.0,1.0,0.0,0.0,0.0,0.0
1gi46vwyrdccm6o7q9is_0000,0.05555555555555555,2,36	0.57769,-0.37316,-1.4081,-1.36623,1.9881,-1.31895,1.66453,2.10848,0.21886,0.27666,89.50114,104.36997,312.23471,187.58033,0.3,0.3,0.0,0.0,0.0,0.0,0.0,0.0,0.05555,0,0,0.58996,0.0,1.59964,0.0,0.0,0.0,0.0,0.0,0.0
1vr91e1o5yeci0bn574n_0003,0.05555555555555555,2,36	0.57769,-0.37316,0.19185,0.96979,0.73032,-2.33875,1.40879,2.06117,0.13273,0.28708,91.06653,110.17223,212.61374,2.9379,0.3,0.3,0.0,0.0,0.0,0.0,0.0,0.0,0.05555,0,0,4.94294,-0.67999,0.57768,0.0,0.0,1.0,0.0,0.0,0.0
5jcu142e80lyuc65vci_0012,0.05555555555555555,2,36	0.57769,-0.37316,0.49703,1.2413,-0.03881,0.01584,1.21017,1.96803,0.29042,0.2323,88.99006,104.11862,32.62455,170.49689,0.3,0.3,0.0,0.0,0.0,0.0,0.0,0.0,0.05555,0,0,11.29076,-0.49999,0.31242,0.0,0.0,1.0,0.0,0.0,0.0
5i6kidm2z4zkj2v30hu_0009,0.05555555555555555,2,36	0.57769,-0.37316,-1.02971,1.73119,0.05577,0.97255,0.9791,1.65938,0.27188,0.22007,86.16802,109.15397,311.27169,352.22128,0.3,0.3,0.0,0.0,0.0,0.0,0.0,0.0,0.05555,0,0,4.26966,-0.47999,0.44446,0.0,0.0,1.0,0.0,0.0,0.0
1gjxjtfdawqobg4490vw_0002,0.05555555555555555,2,36	0.57769,-0.37316,-0.15147,1.18585,-0.05421,-0.01772,1.13765,1.15631,0.20151,0.26514,96.0692,96.07778,314.51445,355.61464,0.3,0.3,0.0,0.0,0.0,0.0,0.0,0.0,0.05555,0,0,28.32947,-0.38,0.16784,0.0,0.0,0.0,0.0,0.0,0.0
39he9izm04em69uiv7n_0000,0.05555555555555555,2,36	0.57769,-0.37316,-0.27049,1.35,-1.59654,1.06653,1.39304,1.86554,0.23442,0.12244,96.70864,91.97991,223.50874,178.13137,0.3,0.3,0.0,0.0,0.0,0.0,0.0,0.0,0.05555,0,0,58.82897,-0.24,0.1165,0.0,0.0,0.0,0.0,0.0,0.0
1hd4fzf7qa4oy9iw0wye_0001,0.05405405405405406,2,37	0.57769,-0.37316,1.90449,0.01767,0.16721,-1.88042,0.76991,1.65983,0.26483,0.23277,80.07211,104.61116,130.42181,188.95699,0.3,0.3,0.0,0.0,0.0,0.0,0.0,0.0,0.05405,0,0,18.60888,-6.64,0.19482,0.0,0.0,0.0,0.0,0.0,0.0
1gkdooyk1txcoagbfi55_0011,0.05405405405405406,2,37	0.57769,-0.37316,-0.36136,0.54094,-0.93313,1.03623,1.5676,1.69652,0.15264,0.26602,83.5,102.5553,174.40993,359.01661,0.3,0.3,0.0,0.0,0.0,0.0,0.0,0.0,0.05405,0,0,55.91412,-0.32,0.1253,0.0,1.0,0.0,0.0,0.0,0.0
1hpoi1oimmyhi1p26r03_0001,0.05405405405405406,2,37	0.57769,-0.37316,-0.64822,-1.03547,0.46658,-2.37584,1.64535,0.53843,0.22783,0.2498,91.76119,99.41845,315.3816,352.79405,0.3,0.3,0.0,0.0,0.0,0.0,0.0,0.0,0.05405,0,0,3.22941,-2.15999,0.59783,0.0,0.0,0.0,0.0,0.0,0.0
5jpn50hizidluqcuo5p_0007,0.05405405405405406,2,37	0.57769,-0.37316,1.13899,2.41584,-0.48458,-1.62727,0.88559,1.89167,0.24321,0.11651,93.43271,106.4609,46.04216,186.26367,0.3,0.3,0.0,0.0,0.0,0.0,0.0,0.0,0.05405,0,0,3.87827,-0.36,0.41925,0.0,0.0,1.0,0.0,0.0,0.0
1ggp877rnvrl6fzg8dy8_0018,0.05405405405405406,2,37	0.57769,-0.37316,-0.87255,0.97554,-1.88628,-0.46228,1.28425,0.7225,0.23589,0.13171,84.91313,103.02261,220.11672,181.92629,0.3,0.3,0.0,0.0,0.0,0.0,0.0,0.0,0.05405,0,0,2.15306,-0.4,0.58178,0.0,0.0,1.0,0.0,0.0,0.0
1i5xc2ectd9eko80hrhu_0002,0.05405405405405406,2,37	0.57769,-0.37316,-0.61645,0.72675,-0.06458,1.70981,1.69885,1.79695,0.14877,0.17084,82.70658,94.72809,41.05789,352.84899,0.3,0.3,0.0,0.0,0.0,0.0,0.0,0.0,0.05405,0,0,69.91922,-0.49999,0.11376,0.0,0.0,1.0,1.0,0.0,0.0
wk5y35pr6ut87f2nup4_0000,0.05405405405405406,2,37	0.57769,-0.37316,-0.07546,-0.21238,-0.80899,2.06566,1.22173,1.29258,0.21724,0.26674,84.86699,102.44414,48.57256,0.55133,0.3,0.3,0.0,0.0,0.0,0.0,0.0,0.0,0.05405,0,0,6.8914,-0.67999,0.42064,0.0,0.0,0.0,0.0,0.0,0.0
1gkioq2tgut4calrb02k_0000,0.05405405405405406,2,37	0.57769,-0.37316,-1.03833,1.16477,0.09758,1.68875,1.199,1.12416,0.19797,0.23287,85.43445,97.5088,317.60473,4.75135,0.3,0.3,0.0,0.0,0.0,0.0,0.0,0.0,0.05405,0,0,9.09221,-0.53999,0.28419,0.0,1.0,0.0,0.0,0.0,0.0
1h4xws0scisxqiyv8jlg_0018,0.05405405405405406,2,37	0.57769,-0.37316,0.57287,-0.10935,-0.44424,1.71355,0.89591,1.96465,0.17087,0.15683,83.12794,110.78279,229.51974,178.91927,0.3,0.3,0.0,0.0,0.0,0.0,0.0,0.0,0.05405,0,0,5.05587,-0.4,0.45273,0.0,0.0,0.0,0.0,0.0,0.0
5jcu142e80lyuc65vci_0003,0.05405405405405406,2,37	0.57769,-0.37316,0.25006,0.57781,-0.25897,-1.42511,1.32599,1.82972,0.28869,0.15867,87.98695,97.26247,142.69283,182.38873,0.3,0.3,0.0,0.0,0.0,0.0,0.0,0.0,0.05405,0,0,5.94389,-0.67999,0.49188,0.0,1.0,1.0,1.0,0.0,0.0
5hsjwuouik0yr0tvd79_0002,0.05405405405405406,2,37	0.57769,-0.37316,-0.10905,0.19932,0.38252,-2.31008,1.40078,1.5029,0.20602,0.16245,78.12957,105.76271,46.88098,354.10825,0.3,0.3,0.0,0.0,0.0,0.0,0.0,0.0,0.05405,0,0,31.38294,-0.53999,0.17607,0.0,0.0,0.0,0.0,0.0,0.0
5a9v9hfbi4zqd6p8so6_0016,0.05263157894736842,2,38	0.57769,-0.37316,-0.27418,0.13927,0.78355,-2.35569,0.97127,2.06168,0.13456,0.19982,86.86909,98.86724,215.73359,185.12793,0.3,0.3,0.0,0.0,0.0,0.0,0.0,0.0,0.05263,0,0,28.56376,-0.74,0.18526,0.0,0.0,0.0,0.0,0.0,0.0
1iyamvgr2qg6dk53nwl8_0000,0.02857142857142857,1,35	0.57769,-0.37316,-0.15045,-0.20515,0.4995,-1.01938,1.4587,1.34807,0.24677,0.15121,91.09716,98.90256,325.20336,188.2967,0.3,0.3,0.0,0.0,0.0,0.0,0.0,0.0,0.02857,0,0,55.62033,-0.65999,0.12594,0.0,0.0,0.0,0.0,0.0,0.0
1ggp877rnvrl6fzg8dy8_0014,0.02857142857142857,1,35	0.57769,-0.37316,0.84529,0.97702,1.59161,-0.32322,1.36469,1.93353,0.23676,0.13408,85.14966,102.59295,134.93644,352.39336,0.3,0.3,0.0,0.0,0.0,0.0,0.0,0.0,0.02857,0,0,1.35089,0.0,1.10249,0.0,0.0,1.0,0.0,0.0,0.0
5eaojazd9q81tpic2m5_0019,0.02857142857142857,1,35	0.57769,-0.37316,-0.17873,0.17117,0.41757,2.33433,1.23808,1.32687,0.22629,0.20395,89.31807,106.73152,231.48561,1.86194,0.3,0.3,0.0,0.0,0.0,0.0,0.0,0.0,0.02857,0,0,7.94428,-0.63999,0.38399,0.0,0.0,1.0,0.0,0.0,0.0
1h4xws0scisxqiyv8jlg_0013,0.02857142857142857,1,35	0.57769,-0.37316,0.1949,-0.28169,-1.52837,2.47471,0.52659,1.3554,0.25435,0.2799,87.00744,101.17325,220.10894,6.37101,0.3,0.3,0.0,0.0,0.0,0.0,0.0,0.0,0.02857,0,0,3.19128,-0.38,0.56859,0.0,0.0,1.0,0.0,0.0,0.0
5jcu142e80lyuc65vci_0002,0.02857142857142857,1,35	0.57769,-0.37316,-1.50878,0.94581,-0.97797,-1.42511,0.74685,1.50222,0.23122,0.28123,96.11318,104.86097,224.80752,176.13628,0.3,0.3,0.0,0.0,0.0,0.0,0.0,0.0,0.02857,0,0,13.76289,-0.55999,0.20461,0.0,0.0,1.0,2.0,0.0,0.0
1hd4fzf7qa4oy9iw0wye_0005,0.027777777777777776,1,36	0.57769,-0.37316,0.31152,0.17001,-0.59098,-1.42101,0.8912,0.72911,0.28167,0.22769,88.1875,107.19628,183.35403,10.31948,0.3,0.3,0.0,0.0,0.0,0.0,0.0,0.0,0.02777,0,0,40.36188,-0.57999,0.12711,0.0,1.0,0.0,0.0,0.0,0.0
1gpw69kg09h7qv87915k_0002,0.027777777777777776,1,36	0.57769,-0.37316,-1.03833,1.16477,0.09758,-0.15618,0.95188,0.67934,0.2056,0.26308,85.43445,97.5088,317.60473,4.75135,0.3,0.3,0.0,0.0,0.0,0.0,0.0,0.0,0.02777,0,0,5.53936,-0.57999,0.32861,0.0,1.0,1.0,1.0,0.0,0.0
5p8zl0jjqu7lc0f3gd8_0000,0.027777777777777776,1,36	0.57769,-0.37316,-0.86921,0.5341,0.16972,-1.31895,0.92594,2.34197,0.26812,0.26941,86.96183,97.47319,39.87539,7.84218,0.3,0.3,0.0,0.0,0.0,0.0,0.0,0.0,0.02777,0,0,34.43154,-0.55999,0.15933,0.0,0.0,0.0,0.0,0.0,0.0
5jpn50hizidluqcuo5p_0012,0.027777777777777776,1,36	0.57769,-0.37316,-0.1547,0.02176,1.03585,1.38748,0.68279,0.854,0.2428,0.16751,92.57403,93.13397,36.32905,3.35203,0.3,0.3,0.0,0.0,0.0,0.0,0.0,0.0,0.02777,0,0,4.25745,-1.84,0.47021,0.0,0.0,1.0,0.0,0.0,0.0
1ggp877rnvrl6fzg8dy8_0001,0.027777777777777776,1,36	0.57769,-0.37316,0.17257,1.72724,1.57613,-0.46228,0.54363,2.10402,0.25225,0.18199,86.69026,101.57617,314.75102,359.77541,0.3,0.3,0.0,0.0,0.0,0.0,0.0,0.0,0.02777,0,0,2.48196,-0.12,0.66335,0.0,0.0,1.0,2.0,0.0,0.0
1ggp877rnvrl6fzg8dy8_0019,0.027777777777777776,1,36	0.57769,-0.37316,-0.23083,-0.73225,0.87636,-0.46228,1.14033,0.9103,0.18343,0.18728,79.14922,94.27273,49.10333,7.99937,0.3,0.3,0.0,0.0,0.0,0.0,0.0,0.0,0.02777,0,0,7.37535,-1.8,0.35319,0.0,0.0,1.0,0.0,0.0,0.0
5eaojazd9q81tpic2m5_0001,0.027777777777777776,1,36	0.57769,-0.37316,1.8531,0.16545,-0.26363,2.33433,0.66522,2.23862,0.25344,0.18758,89.83779,103.61272,135.77488,7.94548,0.3,0.3,0.0,0.0,0.0,0.0,0.0,0.0,0.02777,0,0,75.66716,-1.12,0.09669,0.0,0.0,1.0,2.0,0.0,0.0
5eaojazd9q81tpic2m5_0009,0.027777777777777776,1,36	0.57769,-0.37316,-0.72213,0.94608,0.02575,1.28073,0.92619,0.62324,0.28868,0.11707,93.01876,92.7977,136.5196,174.6427,0.3,0.3,0.0,0.0,0.0,0.0,0.0,0.0,0.02777,0,0,9.29281,-0.7,0.27011,0.0,0.0,1.0,0.0,0.0,0.0
5eaojazd9q81tpic2m5_0016,0.027777777777777776,1,36	0.57769,-0.37316,-0.69381,0.5737,-1.74665,2.33433,0.52884,1.59462,0.28225,0.25741,96.54092,95.41286,221.91561,187.95881,0.3,0.3,0.0,0.0,0.0,0.0,0.0,0.0,0.02777,0,0,3.23366,-0.42,0.5074,0.0,0.0,1.0,0.0,0.0,0.0
1h4xws0scisxqiyv8jlg_0001,0.027777777777777776,1,36	0.57769,-0.37316,-0.17666,-0.31687,-1.01605,-1.94874,0.57057,1.4184,0.14638,0.22974,89.97907,96.55928,139.16438,181.14234,0.3,0.3,0.0,0.0,0.0,0.0,0.0,0.0,0.02777,0,0,6.62569,-0.61999,0.39203,0.0,0.0,1.0,1.0,0.0,0.0
1h4xws0scisxqiyv8jlg_0012,0.027777777777777776,1,36	0.57769,-0.37316,-0.78297,0.29399,-0.83738,2.47471,0.59688,2.22985,0.25218,0.13069,96.32007,94.75615,221.88181,6.27793,0.3,0.3,0.0,0.0,0.0,0.0,0.0,0.0,0.02777,0,0,19.02583,-0.61999,0.21655,0.0,0.0,1.0,0.0,0.0,0.0
5ebkt6ivux38rg4c3wc_0003,0.027777777777777776,1,36	0.57769,-0.37316,-0.63694,0.20092,0.52877,1.2194,1.20908,0.81254,0.25168,0.20378,88.80513,107.1349,42.26916,8.12132,0.3,0.3,0.0,0.0,0.0,0.0,0.0,0.0,0.02777,0,0,13.4119,-1.4,0.24527,0.0,1.0,1.0,0.0,0.0,0.0
1gqvnl2s506v9pmm0bfw_0002,0.027777777777777776,1,36	0.57769,-0.37316,1.67571,1.34568,0.24882,-1.49313,1.48712,1.81033,0.19466,0.26621,82.29159,104.65637,319.54771,10.84992,0.3,0.3,0.0,0.0,0.0,0.0,0.0,0.0,0.02777,0,0,4.33928,-0.57999,0.43886,0.0,0.0,0.0,0.0,0.0,0.0
1i745a6vkr3lm4er8eqb_0002,0.027777777777777776,1,36	0.57769,-0.37316,-0.40887,1.29455,-1.49321,-0.03394,0.81906,1.4058,0.26158,0.27456,88.5499,110.11971,215.30593,351.88463,0.3,0.3,0.0,0.0,0.0,0.0,0.0,0.0,0.02777,0,0,7.76058,-0.32,0.31542,0.0,0.0,0.0,0.0,0.0,0.0
5jrg42h1ojaslnoh3q2_0003,0.027777777777777776,1,36	0.57769,-0.37316,-0.49366,0.78,0.02039,0.56123,1.31553,1.69802,0.27927,0.13917,81.49569,102.23628,39.5852,184.64878,0.3,0.3,0.0,0.0,0.0,0.0,0.0,0.0,0.02777,0,0,19.23518,-0.38,0.21712,0.0,0.0,1.0,0.0,0.0,0.0
5i6kidm2z4zkj2v30hu_0011,0.027777777777777776,1,36	0.57769,-0.37316,-0.3711,0.05166,0.65213,0.97255,1.54798,0.76998,0.28262,0.18407,83.87334,108.40649,230.64802,187.2788,0.3,0.3,0.0,0.0,0.0,0.0,0.0,0.0,0.02777,0,0,8.85311,-0.78,0.34215,0.0,0.0,1.0,0.0,0.0,0.0
5gnvth6rwmxzewyrf0p_0002,0.02702702702702703,1,37	0.57769,-0.37316,-1.79017,0.97804,-0.15066,1.72314,1.17898,1.42332,0.22681,0.26112,83.76886,110.106,309.65112,174.89339,0.3,0.3,0.0,0.0,0.0,0.0,0.0,0.0,0.02702,0,0,6.62317,-0.9,0.34579,0.0,0.0,0.0,0.0,0.0,0.0
5f7ki523586gyhzi09h_0000,0.02702702702702703,1,37	0.57769,-0.37316,-0.3162,1.4056,0.52511,2.48731,1.13661,1.42959,0.26815,0.16851,85.55921,95.67541,315.41615,6.07937,0.3,0.3,0.0,0.0,0.0,0.0,0.0,0.0,0.02702,0,0,7.55368,-0.42,0.36864,0.0,0.0,0.0,0.0,0.0,0.0
1ggp877rnvrl6fzg8dy8_0002,0.02702702702702703,1,37	0.57769,-0.37316,-0.85851,1.70468,0.30745,-0.46228,1.55621,1.06015,0.2051,0.22594,82.35537,100.22825,32.69238,355.95814,0.3,0.3,0.0,0.0,0.0,0.0,0.0,0.0,0.02702,0,0,4.50226,-0.42,0.43619,0.0,0.0,1.0,2.0,0.0,0.0
1i5xc2ectd9eko80hrhu_0003,0.02702702702702703,1,37	0.57769,-0.37316,1.10901,0.23183,-0.90203,1.70981,0.98306,2.35042,0.29476,0.24153,88.1875,95.125,360.0,0.0,0.3,0.3,0.0,0.0,0.0,0.0,0.0,0.0,0.02702,0,0,7.25302,-0.94,0.39398,0.0,1.0,1.0,0.0,0.0,0.0
1h4xws0scisxqiyv8jlg_0003,0.02702702702702703,1,37	0.57769,-0.37316,0.24729,-1.25441,-1.53701,-1.94874,1.28375,1.89341,0.27618,0.22174,95.00087,93.99496,220.39309,10.91785,0.3,0.3,0.0,0.0,0.0,0.0,0.0,0.0,0.02702,0,0,2.47701,-0.04,0.72129,0.0,0.0,1.0,1.0,0.0,0.0
5a9v9hfbi4zqd6p8so6_0013,0.02702702702702703,1,37	0.57769,-0.37316,-0.90509,-0.09686,0.5862,-2.32726,0.65908,1.30059,0.27416,0.13732,89.91667,101.97852,314.33234,1.86064,0.3,0.3,0.0,0.0,0.0,0.0,0.0,0.0,0.02702,0,0,7.27746,-1.32,0.34363,0.0,0.0,1.0,0.0,0.0,0.0
5jcu142e80lyuc65vci_0017,0.02702702702702703,1,37	0.57769,-0.37316,-0.24919,-0.08864,0.91829,-1.42511,0.67517,2.28597,0.20834,0.25843,88.8339,92.63572,319.19881,174.78331,0.3,0.3,0.0,0.0,0.0,0.0,0.0,0.0,0.02702,0,0,3.96511,-1.06,0.62972,0.0,0.0,1.0,0.0,0.0,0.0
1w1kcmdhkm8w0pecct_0000,0.02702702702702703,1,37	0.57769,-0.37316,-1.0689,1.21428,1.71992,1.40219,0.98354,1.25819,0.28989,0.23997,84.5251,91.99901,212.79175,174.03725,0.3,0.3,0.0,0.0,0.0,0.0,0.0,0.0,0.02702,0,0,0.53122,0.0,1.29422,0.0,0.0,0.0,0.0,0.0,0.0
1hgxkxihe65p2lg37kdj_0002,0.02702702702702703,1,37	0.57769,-0.37316,1.48283,2.08651,2.11511,-1.31895,1.41172,1.97503,0.2998,0.27252,80.3125,97.75,232.54658,344.34782,0.3,0.3,0.0,0.0,0.0,0.0,0.0,0.0,0.02702,0,0,0.55649,-0.28,1.26504,0.0,1.0,0.0,0.0,0.0,0.0
5hsjwuouik0yr0tvd79_0000,0.02702702702702703,1,37	0.57769,-0.37316,-1.03833,1.16477,0.09758,1.75113,1.11428,0.53643,0.19797,0.23287,85.43445,97.5088,317.60473,4.75135,0.3,0.3,0.0,0.0,0.0,0.0,0.0,0.0,0.02702,0,0,5.64074,-0.57999,0.32694,0.0,1.0,1.0,1.0,0.0,0.0
39he9izm04em69uiv7n_0001,0.02702702702702703,1,37	0.57769,-0.37316,-0.32863,-1.17201,-0.07083,-1.31895,1.68739,1.45751,0.14931,0.27678,92.46147,106.23586,221.68726,189.24104,0.3,0.3,0.0,0.0,0.0,0.0,0.0,0.0,0.02702,0,0,32.87364,-1.22,0.16688,0.0,0.0,0.0,0.0,0.0,0.0
5n43u5ghsl1cqagpji4_0003,0.0,0,37	0.57769,-0.37316,0.43542,1.2409,0.04202,1.28932,0.91011,1.48606,0.28617,0.12514,91.4549,102.06996,49.50196,355.12623,0.3,0.3,0.0,0.0,0.0,0.0,0.0,0.0,0.0,0,0,8.60765,-0.51999,0.33613,0.0,0.0,0.0,0.0,0.0,0.0
1iyamvgr2qg6dk53nwl8_0001,0.0,0,37	0.57769,-0.37316,-0.75933,0.55194,1.21381,-1.83602,0.70852,1.54342,0.28617,0.15573,84.24333,99.6227,131.41597,8.04771,0.3,0.3,0.0,0.0,0.0,0.0,0.0,0.0,0.0,0,0,1.02632,0.0,1.04957,0.0,0.0,0.0,0.0,0.0,0.0
5jpn50hizidluqcuo5p_0010,0.0,0,37	0.57769,-0.37316,-1.18205,1.40865,0.1396,1.38748,0.4787,1.13421,0.23139,0.16726,78.99255,105.10639,319.02502,175.84376,0.3,0.3,0.0,0.0,0.0,0.0,0.0,0.0,0.0,0,0,1.14468,-0.78,0.86834,0.0,0.0,1.0,0.0,0.0,0.0
1i5xc2ectd9eko80hrhu_0007,0.0,0,37	0.57769,-0.37316,0.38958,0.78824,-0.09331,1.70981,1.03762,2.31409,0.19982,0.2826,97.40111,105.80374,140.13634,184.18289,0.3,0.3,0.0,0.0,0.0,0.0,0.0,0.0,0.0,0,0,113.70177,-0.36,0.08736,0.0,1.0,0.0,0.0,0.0,0.0
5eaojazd9q81tpic2m5_0011,0.0,0,37	0.57769,-0.37316,0.43292,-1.28486,1.03317,-0.55397,0.68451,1.21982,0.21979,0.25663,97.38526,99.07933,43.00307,182.4262,0.3,0.3,0.0,0.0,0.0,0.0,0.0,0.0,0.0,0,0,16.69216,-10.57999,0.19263,0.0,0.0,1.0,0.0,0.0,0.0
591e17yir0ptkaglgxk_0000,0.0,0,37	0.57769,-0.37316,-0.17105,-0.24704,-0.79765,-1.73718,0.49799,0.92997,0.27133,0.26465,79.08303,103.27302,218.55075,183.13189,0.3,0.3,0.0,0.0,0.0,0.0,0.0,0.0,0.0,0,0,6.68926,-0.74,0.35274,0.0,0.0,0.0,0.0,0.0,0.0
1h4xws0scisxqiyv8jlg_0008,0.0,0,37	0.57769,-0.37316,-1.06958,1.51882,1.33388,-1.94874,0.68641,0.69783,0.29164,0.24402,81.21155,103.08738,32.17364,8.63844,0.3,0.3,0.0,0.0,0.0,0.0,0.0,0.0,0.0,0,0,0.62981,-0.3,0.81104,0.0,0.0,1.0,0.0,0.0,0.0
1gilz0710ye0gz35p035_0001,0.0,0,37	0.57769,-0.37316,-0.69469,-0.39204,-1.17355,1.83767,1.61004,1.86183,0.25393,0.16844,89.2971,94.46349,227.00733,190.62587,0.3,0.3,0.0,0.0,0.0,0.0,0.0,0.0,0.0,0,0,6.23475,-0.78,0.46118,0.0,0.0,0.0,0.0,0.0,0.0
595bjxf3fr55gdi81zq_0000,0.0,0,37	0.57769,-0.37316,0.63536,-0.02683,0.15131,-1.09248,0.85518,2.28801,0.23408,0.14376,79.40561,110.09945,134.44053,6.51143,0.3,0.3,0.0,0.0,0.0,0.0,0.0,0.0,0.0,0,0,47.97133,-1.0,0.13525,0.0,0.0,0.0,0.0,0.0,0.0
1hpoi1oimmyhi1p26r03_0002,0.0,0,36	0.57769,-0.37316,0.12154,-0.37242,1.60262,-2.37584,0.94475,2.21467,0.17688,0.21655,78.28938,104.27604,46.64173,359.53817,0.3,0.3,0.0,0.0,0.0,0.0,0.0,0.0,0.0,0,0,8.69304,-1.48,0.3635,0.0,1.0,0.0,0.0,0.0,0.0
1iqtutgyg7zw9r1pkxxf_0001,0.0,0,36	0.57769,-0.37316,1.22874,2.23923,-0.16943,1.50092,1.1204,1.22433,0.19418,0.25116,97.46199,109.34362,132.04049,180.81874,0.3,0.3,0.0,0.0,0.0,0.0,0.0,0.0,0.0,0,0,0.50573,-0.08,1.39307,0.0,0.0,0.0,0.0,0.0,0.0
1ggp877rnvrl6fzg8dy8_0016,0.0,0,36	0.57769,-0.37316,-0.19877,1.87854,2.44762,-0.46228,1.16566,2.30239,0.15196,0.1971,87.74006,101.38093,327.65366,351.103,0.3,0.3,0.0,0.0,0.0,0.0,0.0,0.0,0.0,0,0,1.66826,0.0,0.72792,0.0,0.0,1.0,0.0,0.0,0.0
1ggp877rnvrl6fzg8dy8_0020,0.0,0,36	0.57769,-0.37316,1.14217,-0.54619,-1.80171,-0.46228,1.0068,2.09397,0.21325,0.18224,97.6263,103.08996,41.56465,354.46067,0.3,0.3,0.0,0.0,0.0,0.0,0.0,0.0,0.0,0,0,1.0974,-0.45999,1.13397,0.0,0.0,1.0,0.0,0.0,0.0
5eaojazd9q81tpic2m5_0014,0.0,0,36	0.57769,-0.37316,1.02844,0.86006,-0.76296,-0.55397,1.3626,2.10331,0.17559,0.14192,80.02059,105.03156,36.11687,174.64899,0.3,0.3,0.0,0.0,0.0,0.0,0.0,0.0,0.0,0,0,6.96512,-0.78,0.40792,0.0,0.0,1.0,0.0,0.0,0.0
591e17yir0ptkaglgxk_0001,0.0,0,36	0.57769,-0.37316,-0.17105,-0.24704,-0.79765,-1.47294,0.49799,0.92997,0.27133,0.26465,79.08303,103.27302,218.55075,183.13189,0.3,0.3,0.0,0.0,0.0,0.0,0.0,0.0,0.0,0,0,6.68926,-0.74,0.35274,0.0,1.0,0.0,0.0,0.0,0.0
1h4xws0scisxqiyv8jlg_0004,0.0,0,36	0.57769,-0.37316,1.08775,0.59563,-0.77362,2.47471,1.19152,1.09629,0.19155,0.23436,80.7012,100.19896,147.48381,5.09691,0.3,0.3,0.0,0.0,0.0,0.0,0.0,0.0,0.0,0,0,35.76072,-0.55999,0.13453,0.0,0.0,1.0,1.0,0.0,0.0
1h4xws0scisxqiyv8jlg_0005,0.0,0,36	0.57769,-0.37316,0.31308,-0.61461,-0.20944,-1.94874,1.14451,1.78473,0.1395,0.15023,96.34233,96.3521,147.60987,186.85544,0.3,0.3,0.0,0.0,0.0,0.0,0.0,0.0,0.0,0,0,63.62333,-0.72,0.11708,0.0,0.0,1.0,0.0,0.0,0.0
1h4xws0scisxqiyv8jlg_0014,0.0,0,36	0.57769,-0.37316,0.45688,-0.52602,-0.99616,2.47471,0.59172,0.62739,0.26986,0.12208,97.56018,101.71992,221.92809,355.41069,0.3,0.3,0.0,0.0,0.0,0.0,0.0,0.0,0.0,0,0,1.53135,-0.34,0.68292,0.0,0.0,1.0,0.0,0.0,0.0
5a9v9hfbi4zqd6p8so6_0017,0.0,0,36	0.57769,-0.37316,-0.27418,0.13927,0.78355,1.941,0.69452,2.12327,0.13456,0.19982,86.86909,98.86724,215.73359,185.12793,0.3,0.3,0.0,0.0,0.0,0.0,0.0,0.0,0.0,0,0,25.21981,-0.78,0.19471,0.0,1.0,0.0,0.0,0.0,0.0
5a9v9hfbi4zqd6p8so6_0019,0.0,0,36	0.57769,-0.37316,-0.17986,0.60064,0.18877,1.941,0.69452,2.12327,0.13456,0.19982,86.86909,98.86724,215.73359,185.12793,0.3,0.3,0.0,0.0,0.0,0.0,0.0,0.0,0.0,0,0,25.81338,-0.51999,0.19414,0.0,1.0,0.0,0.0,0.0,0.0
1gi46vwyrdccm6o7q9is_0001,0.0,0,36	0.57769,-0.37316,0.8452,0.25492,1.87916,-1.31895,0.80306,0.95214,0.18781,0.28218,81.05957,92.63675,35.64586,172.35076,0.3,0.3,0.0,0.0,0.0,0.0,0.0,0.0,0.0,0,0,0.58909,0.0,1.12246,0.0,0.0,0.0,0.0,0.0,0.0
1vr91e1o5yeci0bn574n_0000,0.0,0,36	0.57769,-0.37316,-0.03141,0.07727,1.30639,-2.33875,1.08438,1.85394,0.27962,0.17597,79.34652,101.50226,40.33951,176.15455,0.3,0.3,0.0,0.0,0.0,0.0,0.0,0.0,0.0,0,0,3.72,-1.94,0.61292,0.0,1.0,1.0,1.0,0.0,0.0
5jcu142e80lyuc65vci_0019,0.0,0,36	0.57769,-0.37316,-0.03428,-0.72659,-0.21509,-1.77944,0.53442,2.12798,0.15277,0.1564,81.56554,95.21677,218.35217,0.66272,0.3,0.3,0.0,0.0,0.0,0.0,0.0,0.0,0.0,0,0,27.36358,-0.8,0.18415,0.0,0.0,0.0,0.0,0.0,0.0
1gjxjtfdawqobg4490vw_0001,0.0,0,36	0.57769,-0.37316,0.05169,-0.51673,1.10397,-2.33736,0.71856,1.9247,0.13841,0.13486,91.84841,91.77964,325.15394,176.76062,0.3,0.3,0.0,0.0,0.0,0.0,0.0,0.0,0.0,0,0,22.65516,-1.26,0.198,0.0,0.0,0.0,0.0,0.0,0.0
5eaojazd9q81tpic2m5_0000,0.0,0,35	0.57769,-0.37316,-0.17604,0.19076,-0.93005,2.33433,1.48777,2.13442,0.19203,0.1281,78.70062,97.93612,215.72469,358.7256,0.3,0.3,0.0,0.0,0.0,0.0,0.0,0.0,0.0,0,0,15.74493,-0.44,0.27848,0.0,0.0,1.0,2.0,0.0,0.0
5eaojazd9q81tpic2m5_0010,0.0,0,35	0.57769,-0.37316,-0.92773,-0.53374,0.64312,1.28073,1.70259,1.42794,0.15906,0.20955,90.60527,93.44162,212.2486,190.53571,0.3,0.3,0.0,0.0,0.0,0.0,0.0,0.0,0.0,0,0,32.88689,-1.62,0.16152,0.0,0.0,1.0,0.0,0.0,0.0
