3h621efzg2qvm7w9np7_0003,0.6666666666666666,20,30	0.55851,1.6516,-1.76329,-2.1087,-0.54839,-0.35185,0.20619,0.36548,1.22508,0.98421,113.53027,27.93195,65.93368,53.44646,0.3,0.3,0.0,0.0,0.0,0.0,0.0,0.0,0.66666,0,0,0.04172,0.0,2.49185,0.0,0.0,0.0,0.0,0.0,0.0
1jd8ggtwb39tleia7q75_0000,0.6551724137931034,19,29	0.55851,1.6516,1.33066,0.75369,0.91969,0.75846,0.35894,0.22324,1.62444,0.91594,118.16774,13.18068,108.74559,124.37474,0.3,0.3,0.0,0.0,0.0,0.0,0.0,0.0,0.65517,0,0,0.54217,-1.56,0.83259,0.0,0.0,1.0,1.0,0.0,0.0
14ojn2sxzbs2tan2n8s3_0002,0.6296296296296297,17,27	0.55851,1.6516,-1.60776,-0.84349,0.96362,0.24047,0.30906,0.34646,1.33448,0.94134,102.4,25.71983,64.8,238.82987,0.3,0.3,0.0,0.0,0.0,0.0,0.0,0.0,0.62962,0,0,0.10534,-0.76,2.18882,0.0,1.0,1.0,0.0,0.0,0.0
1jadassuqpf3mvc00cpv_0000,0.6296296296296297,17,27	0.55851,1.6516,4.88652,1.34141,-1.062,0.4754,0.48753,0.35389,1.40566,0.96781,106.83905,28.81735,110.66281,116.38854,0.3,0.3,0.0,0.0,0.0,0.0,0.0,0.0,0.62962,0,0,0.0168,0.0,5.20535,0.0,0.0,1.0,2.0,0.0,0.0
4ogwhjd6d9avz0jtafh_0002,0.6206896551724138,18,29	0.55851,1.6516,1.81011,0.3247,0.32878,-0.714,0.49225,0.2026,1.20674,1.11783,121.36625,21.76608,251.07564,236.96034,0.3,0.3,0.0,0.0,0.0,0.0,0.0,0.0,0.62068,0,0,0.24927,-5.03999,1.80532,0.0,0.0,0.0,0.0,0.0,0.0
1jadassuqpf3mvc00cpv_0035,0.6206896551724138,18,29	0.55851,1.6516,1.64696,-0.17262,1.84267,0.50226,0.42112,0.0926,1.23685,0.93079,112.57836,31.52422,252.35982,123.31362,0.3,0.3,0.0,0.0,0.0,0.0,0.0,0.0,0.62068,0,0,0.16541,-1.04,1.23125,0.0,0.0,1.0,0.0,0.0,0.0
1bj3vrfrgvfdk3gqcttb_0001,0.6071428571428571,17,28	0.55851,1.6516,1.39261,1.53055,-0.42919,0.45499,0.509,0.11398,1.62743,0.85285,109.16286,19.11932,290.32859,126.68237,0.3,0.3,0.0,0.0,0.0,0.0,0.0,0.0,0.60714,0,0,0.07899,-0.38,2.1282,0.0,0.0,0.0,0.0,0.0,0.0
1jd8ggtwb39tleia7q75_0001,0.6071428571428571,17,28	0.55851,1.6516,1.8046,0.65835,0.33422,-0.418,0.49993,0.39058,1.44485,0.84013,106.53263,28.75886,72.92432,303.86391,0.3,0.3,0.0,0.0,0.0,0.0,0.0,0.0,0.60714,0,0,0.7013,-2.05999,0.90139,0.0,0.0,1.0,1.0,0.0,0.0
1kyzzgv0n5vbvic1ahlt_0008,0.6071428571428571,17,28	0.55851,1.6516,1.70224,0.60675,0.83633,-0.32499,0.39596,0.27204,1.16664,0.99394,118.86046,23.97674,248.37209,301.39534,0.3,0.3,0.0,0.0,0.0,0.0,0.0,0.0,0.60714,0,0,0.17925,-1.72,1.77066,0.0,1.0,0.0,0.0,0.0,0.0
4wvw0e299k4ih7oavhh_0004,0.6,18,30	0.55851,1.6516,1.47658,1.24756,1.27127,0.45115,0.15122,0.10731,1.33594,1.08776,112.51576,13.82525,74.80475,121.37681,0.3,0.3,0.0,0.0,0.0,0.0,0.0,0.0,0.6,0,0,0.09546,-1.04,1.18696,0.0,1.0,0.0,0.0,0.0,0.0
4ogwhjd6d9avz0jtafh_0003,0.5862068965517241,17,29	0.55851,1.6516,1.81011,0.3247,0.32878,-0.714,0.49225,0.2026,1.20674,1.11783,121.36625,21.76608,251.07564,236.96034,0.3,0.3,0.0,0.0,0.0,0.0,0.0,0.0,0.58620,0,0,0.24927,-5.03999,1.80532,0.0,0.0,0.0,0.0,0.0,0.0
1kyzzgv0n5vbvic1ahlt_0004,0.5862068965517241,17,29	0.55851,1.6516,2.62591,-0.07515,0.16707,-0.32499,0.30613,0.081,1.62388,1.13295,104.15062,14.87333,251.95888,62.46797,0.3,0.3,0.0,0.0,0.0,0.0,0.0,0.0,0.58620,0,0,0.55342,-13.17999,0.92082,0.0,0.0,1.0,0.0,0.0,0.0
3uxate6st1fvf3dmhjk_0000,0.5714285714285714,16,28	0.55851,1.6516,0.4982,-0.53871,0.15865,0.43888,0.30042,0.17926,1.05879,0.99771,112.1875,17.6875,290.68322,116.27329,0.3,0.3,0.0,0.0,0.0,0.0,0.0,0.0,0.57142,0,0,0.25752,0.0,1.81339,0.0,1.0,0.0,0.0,0.0,0.0
5ikf6atcj3epo4r3f6h_0028,0.5714285714285714,16,28	0.55851,1.6516,1.82286,0.00801,-0.02569,0.63159,0.41908,0.2962,1.66011,1.05717,113.60401,20.0344,261.40952,239.08738,0.3,0.3,0.0,0.0,0.0,0.0,0.0,0.0,0.57142,0,0,124.41588,-5.67999,0.05031,0.0,0.0,1.0,0.0,0.0,0.0
4ogwhjd6d9avz0jtafh_0017,0.5714285714285714,16,28	0.55851,1.6516,10.7275,0.01525,0.05165,-0.76162,0.26582,0.10715,1.27225,0.9368,104.11702,17.45332,284.57268,296.17561,0.3,0.3,0.0,0.0,0.0,0.0,0.0,0.0,0.57142,0,0,1.53615,-14.79999,0.42835,0.0,0.0,0.0,0.0,0.0,0.0
1jd8ggtwb39tleia7q75_0008,0.5714285714285714,16,28	0.55851,1.6516,2.66309,0.05243,0.3918,-0.418,0.4319,0.1318,1.63797,0.87406,104.01367,17.63456,69.52611,69.63222,0.3,0.3,0.0,0.0,0.0,0.0,0.0,0.0,0.57142,0,0,0.06082,0.0,3.19253,0.0,0.0,1.0,0.0,0.0,0.0
1jd8ggtwb39tleia7q75_0005,0.5357142857142857,15,28	0.55851,1.6516,2.63081,0.05477,0.05329,-0.418,0.42793,0.30356,1.37556,1.02687,107.90319,20.12177,114.4739,126.15839,0.3,0.3,0.0,0.0,0.0,0.0,0.0,0.0,0.53571,0,0,6.22957,-8.4,0.25662,0.0,0.0,1.0,0.0,0.0,0.0
1jadassuqpf3mvc00cpv_0002,0.5357142857142857,15,28	0.55851,1.6516,-4.99679,1.69867,0.71953,0.4754,0.46251,0.38452,1.2512,0.90531,114.66688,18.42486,288.84951,242.0505,0.3,0.3,0.0,0.0,0.0,0.0,0.0,0.0,0.53571,0,0,0.0163,-0.2,5.27653,0.0,0.0,1.0,2.0,0.0,0.0
1jd8ggtwb39tleia7q75_0018,0.5185185185185185,14,27	0.55851,1.6516,0.58044,0.68347,1.82779,0.40943,0.30527,0.10247,1.50421,1.20566,116.37019,26.42976,285.97823,59.3597,0.3,0.3,0.0,0.0,0.0,0.0,0.0,0.0,0.51851,0,0,0.48064,-0.86,0.6308,0.0,0.0,0.0,0.0,0.0,0.0
3k0h8dp5eipoalhazv1_0000,0.5185185185185185,14,27	0.55851,1.6516,1.22421,-1.32437,1.45008,0.3135,0.31272,0.36371,1.66352,0.98395,110.54711,24.35622,253.91783,293.6812,0.3,0.3,0.0,0.0,0.0,0.0,0.0,0.0,0.51851,0,0,0.10665,-0.59999,1.72119,0.0,0.0,1.0,1.0,0.0,0.0
3k0h8dp5eipoalhazv1_0013,0.5185185185185185,14,27	0.55851,1.6516,-0.08433,1.04462,-0.41162,0.02561,0.37109,0.27432,1.64718,1.11014,117.97056,13.02213,103.88126,126.10519,0.3,0.3,0.0,0.0,0.0,0.0,0.0,0.0,0.51851,0,0,0.18553,0.0,1.74692,0.0,0.0,1.0,0.0,0.0,0.0
5ikf6atcj3epo4r3f6h_0002,0.5172413793103449,15,29	0.55851,1.6516,2.41365,-0.05376,0.59018,-0.8032,0.27458,0.32362,1.43074,1.1986,108.445,19.12019,284.75524,245.40817,0.3,0.3,0.0,0.0,0.0,0.0,0.0,0.0,0.51724,0,0,0.4037,-3.87999,1.15912,0.0,0.0,1.0,2.0,0.0,0.0
4ogwhjd6d9avz0jtafh_0004,0.5172413793103449,15,29	0.55851,1.6516,1.54391,-0.0365,1.31293,-0.714,0.44355,0.2695,1.66267,1.07133,119.09813,31.69881,106.85804,289.44617,0.3,0.3,0.0,0.0,0.0,0.0,0.0,0.0,0.51724,0,0,0.59442,-1.46,0.82462,0.0,0.0,0.0,0.0,0.0,0.0
1cf83tis2v9k6y8hj07i_0003,0.5172413793103449,15,29	0.55851,1.6516,1.55502,-0.26303,0.26838,-0.7509,0.30258,0.29682,1.56752,1.02417,114.94052,28.27259,289.74019,241.03181,0.3,0.3,0.0,0.0,0.0,0.0,0.0,0.0,0.51724,0,0,0.34084,-2.31999,1.23899,0.0,0.0,0.0,0.0,0.0,0.0
3k0h8dp5eipoalhazv1_0003,0.5172413793103449,15,29	0.55851,1.6516,2.87118,-0.88908,1.24448,0.3135,0.14986,0.30624,1.30462,0.89334,121.43279,26.82252,100.49364,53.26629,0.3,0.3,0.0,0.0,0.0,0.0,0.0,0.0,0.51724,0,0,0.02905,-0.65999,3.19884,0.0,0.0,1.0,1.0,0.0,0.0
1jadassuqpf3mvc00cpv_0016,0.5172413793103449,15,29	0.55851,1.6516,0.64185,-0.28499,1.54086,-0.33872,0.36394,0.28083,1.2074,0.96549,111.58975,15.08165,109.58402,116.87527,0.3,0.3,0.0,0.0,0.0,0.0,0.0,0.0,0.51724,0,0,0.28618,-0.92,1.13866,0.0,0.0,1.0,1.0,0.0,0.0
4ogwhjd6d9avz0jtafh_0001,0.5,15,30	0.55851,1.6516,-3.88469,-1.13031,-0.08198,0.23005,0.51259,0.09196,1.44701,1.1234,114.16046,23.59532,71.12863,122.11621,0.3,0.3,0.0,0.0,0.0,0.0,0.0,0.0,0.5,0,0,0.02848,-0.51999,4.212,0.0,0.0,0.0,0.0,0.0,0.0
4ogwhjd6d9avz0jtafh_0016,0.5,15,30	0.55851,1.6516,5.20075,0.02295,0.34744,-0.89658,0.40784,0.26364,1.44531,1.01762,105.38762,14.70898,255.75984,112.88465,0.3,0.3,0.0,0.0,0.0,0.0,0.0,0.0,0.5,0,0,0.42156,-8.92,1.18818,0.0,0.0,0.0,0.0,0.0,0.0
1kyzzgv0n5vbvic1ahlt_0002,0.5,15,30	0.55851,1.6516,1.70224,0.68437,0.93011,-0.32499,0.38764,0.26986,1.16664,0.99394,118.97252,24.37641,248.6251,247.08407,0.3,0.3,0.0,0.0,0.0,0.0,0.0,0.0,0.5,0,0,0.15965,-1.5,1.79435,0.0,0.0,1.0,1.0,0.0,0.0
1jadassuqpf3mvc00cpv_0019,0.5,15,30	0.55851,1.6516,0.85986,-0.37328,1.68819,0.39313,0.30192,0.20833,1.36237,0.89598,108.54759,22.74743,70.39865,117.99832,0.3,0.3,0.0,0.0,0.0,0.0,0.0,0.0,0.5,0,0,0.28478,-0.94,0.96621,0.0,0.0,1.0,0.0,0.0,0.0
5ikf6atcj3epo4r3f6h_0030,0.5,14,28	0.55851,1.6516,1.57579,-0.20854,0.7348,-0.8032,0.49067,0.34585,1.36303,1.17723,116.60354,16.59387,105.32213,117.81758,0.3,0.3,0.0,0.0,0.0,0.0,0.0,0.0,0.5,0,0,0.75643,-2.41999,0.89617,0.0,0.0,1.0,0.0,0.0,0.0
4ogwhjd6d9avz0jtafh_0014,0.5,14,28	0.55851,1.6516,-3.68369,0.45437,0.03059,-0.4918,0.39975,0.33341,1.43946,1.18967,105.80724,30.78772,287.05921,303.17756,0.3,0.3,0.0,0.0,0.0,0.0,0.0,0.0,0.5,0,0,0.2084,-5.47999,1.84277,0.0,0.0,0.0,0.0,0.0,0.0
1bj3vrfrgvfdk3gqcttb_0000,0.5,14,28	0.55851,1.6516,8.55273,-0.03486,0.22985,-0.64745,0.36789,0.41485,1.2904,0.88094,118.50714,23.64573,250.31513,69.6114,0.3,0.3,0.0,0.0,0.0,0.0,0.0,0.0,0.5,0,0,0.01797,0.0,8.73801,0.0,0.0,0.0,0.0,0.0,0.0
3bql4h2x74ju5yb991j_0000,0.5,14,28	0.55851,1.6516,1.44252,1.80526,1.94557,0.31053,0.31446,0.2787,1.33906,0.91092,120.24199,28.11143,107.91243,305.31857,0.3,0.3,0.0,0.0,0.0,0.0,0.0,0.0,0.5,0,0,0.05457,-0.38,1.97237,0.0,0.0,0.0,0.0,0.0,0.0
4120zkeydvj7vae86v7_0000,0.5,14,28	0.55851,1.6516,3.77214,-0.24964,0.5553,-0.30819,0.47049,0.36357,1.64835,1.07972,114.8125,35.875,64.84472,234.7826,0.3,0.3,0.0,0.0,0.0,0.0,0.0,0.0,0.5,0,0,0.21677,-4.89999,1.85598,0.0,1.0,1.0,3.0,0.0,0.0
4ogwhjd6d9avz0jtafh_0013,0.4827586206896552,14,29	0.55851,1.6516,4.55018,0.13307,-0.01243,-0.43971,0.19374,0.10889,1.54436,1.16903,108.84398,29.0107,251.38095,288.2457,0.3,0.3,0.0,0.0,0.0,0.0,0.0,0.0,0.48275,0,0,0.02827,0.0,4.88057,0.0,0.0,0.0,0.0,0.0,0.0
1jd8ggtwb39tleia7q75_0021,0.4827586206896552,14,29	0.55851,1.6516,1.55299,0.42134,-0.02145,-0.86993,0.40295,0.35306,1.32798,1.15801,103.56799,26.78749,68.6399,245.05736,0.3,0.3,0.0,0.0,0.0,0.0,0.0,0.0,0.48275,0,0,0.14243,0.0,2.34474,0.0,0.0,0.0,0.0,0.0,0.0
3bql4h2x74ju5yb991j_0004,0.4827586206896552,14,29	0.55851,1.6516,0.49416,-1.47293,1.24118,0.70091,0.21342,0.37612,1.33139,1.07767,106.97115,31.16185,287.61984,125.29389,0.3,0.3,0.0,0.0,0.0,0.0,0.0,0.0,0.48275,0,0,0.10806,-0.36,1.66812,0.0,0.0,0.0,0.0,0.0,0.0
5ikf6atcj3epo4r3f6h_0025,0.48148148148148145,13,27	0.55851,1.6516,2.41365,-0.08461,0.71925,-0.82025,0.33377,0.24943,1.60537,1.33393,108.7,19.12019,97.2,245.40817,0.3,0.3,0.0,0.0,0.0,0.0,0.0,0.0,0.48148,0,0,0.23642,-3.35999,1.5246,0.0,1.0,1.0,0.0,0.0,0.0
4ogwhjd6d9avz0jtafh_0021,0.48148148148148145,13,27	0.55851,1.6516,-0.53009,0.36148,-1.85354,-0.32535,0.28069,0.41723,1.48999,1.12946,110.51118,13.53568,287.61746,108.1001,0.3,0.3,0.0,0.0,0.0,0.0,0.0,0.0,0.48148,0,0,0.09927,0.0,1.84914,0.0,0.0,0.0,0.0,0.0,0.0
3k0h8dp5eipoalhazv1_0009,0.48148148148148145,13,27	0.55851,1.6516,-2.49104,0.51243,1.71879,0.02561,0.37515,0.16816,1.50946,1.14001,111.38345,22.66486,278.21266,247.86938,0.3,0.3,0.0,0.0,0.0,0.0,0.0,0.0,0.48148,0,0,0.03811,-0.65999,2.78221,0.0,1.0,1.0,0.0,0.0,0.0
1jadassuqpf3mvc00cpv_0040,0.48148148148148145,13,27	0.55851,1.6516,-1.21239,-0.2867,-0.06416,0.87176,0.34558,0.2287,1.11254,0.96779,108.06584,21.32671,68.30852,107.386,0.3,0.3,0.0,0.0,0.0,0.0,0.0,0.0,0.48148,0,0,0.15899,0.0,2.13453,0.0,0.0,1.0,0.0,0.0,0.0
6d97rdj1xls3r5swme5_0003,0.4666666666666667,14,30	0.55851,1.6516,0.32486,1.76008,-0.29447,-0.39117,0.31198,0.39039,1.37925,0.98912,112.96697,19.97034,283.40016,234.98277,0.3,0.3,0.0,0.0,0.0,0.0,0.0,0.0,0.46666,0,0,0.12797,-0.16,1.74875,0.0,0.0,1.0,0.0,0.0,0.0
1rj0f5edatvfavql2f6a_0001,0.4666666666666667,14,30	0.55851,1.6516,8.93785,0.5077,0.38077,0.74603,0.25079,0.16061,1.25473,1.14532,115.9,23.5,255.6,298.8,0.3,0.3,0.0,0.0,0.0,0.0,0.0,0.0,0.46666,0,0,0.00811,-2.97999,8.92755,0.0,1.0,0.0,0.0,0.0,0.0
1f69an8lxtjnigdn8ufb_0000,0.4642857142857143,13,28	0.55851,1.6516,0.07572,0.58787,1.75466,-0.19956,0.14166,0.08091,1.36677,1.15864,103.97194,12.07627,66.6457,107.93509,0.3,0.3,0.0,0.0,0.0,0.0,0.0,0.0,0.46428,0,0,0.27043,-0.78,0.62228,0.0,0.0,0.0,0.0,0.0,0.0
16cvgzuusdhvzihh7tl3_0011,0.4642857142857143,13,28	0.55851,1.6516,1.08252,-0.07268,0.47356,-0.73453,0.44883,0.2631,1.09739,1.15369,107.45126,28.43041,104.97699,236.57872,0.3,0.3,0.0,0.0,0.0,0.0,0.0,0.0,0.46428,0,0,0.20716,-0.06,2.0517,0.0,0.0,1.0,0.0,0.0,0.0
5piu2o5yv3ztophcgi7_0005,0.4642857142857143,13,28	0.55851,1.6516,1.76602,0.16974,1.15185,0.34557,0.43526,0.23752,1.32775,0.90806,120.31376,25.80185,282.47044,297.76934,0.3,0.3,0.0,0.0,0.0,0.0,0.0,0.0,0.46428,0,0,2.86231,-1.5,0.33326,0.0,0.0,1.0,0.0,0.0,0.0
3k0h8dp5eipoalhazv1_0010,0.4642857142857143,13,28	0.55851,1.6516,-2.49104,0.51243,1.71879,0.02561,0.37515,0.16816,1.50946,1.14001,111.38345,22.66486,278.21266,247.86938,0.3,0.3,0.0,0.0,0.0,0.0,0.0,0.0,0.46428,0,0,0.03811,-0.65999,2.78221,0.0,1.0,1.0,0.0,0.0,0.0
4wvw0e299k4ih7oavhh_0001,0.4482758620689655,13,29	0.55851,1.6516,1.47658,1.24756,1.27127,0.45115,0.15414,0.10891,1.33594,1.08776,112.51576,13.82525,74.80475,121.37681,0.3,0.3,0.0,0.0,0.0,0.0,0.0,0.0,0.44827,0,0,0.09717,-1.04,1.18635,0.0,0.0,0.0,0.0,0.0,0.0
1jadassuqpf3mvc00cpv_0001,0.4444444444444444,12,27	0.55851,1.6516,-0.06397,1.55811,-1.37553,-0.33872,0.25371,0.29251,1.27127,1.00393,106.84279,28.87514,107.12503,119.64899,0.3,0.3,0.0,0.0,0.0,0.0,0.0,0.0,0.44444,0,0,0.08475,0.0,1.76107,0.0,0.0,1.0,2.0,0.0,0.0
1jadassuqpf3mvc00cpv_0022,0.43333333333333335,13,30	0.55851,1.6516,-1.50664,0.8184,1.17173,0.39313,0.45753,0.20529,1.26423,1.10695,111.34683,21.84027,252.17633,58.40218,0.3,0.3,0.0,0.0,0.0,0.0,0.0,0.0,0.43333,0,0,0.26073,-1.34,1.25421,0.0,0.0,1.0,0.0,0.0,0.0
1jadassuqpf3mvc00cpv_0024,0.43333333333333335,13,30	0.55851,1.6516,8.12479,0.02714,0.20505,0.56315,0.49756,0.11424,1.13725,1.01306,110.4258,21.45306,113.96004,293.74069,0.3,0.3,0.0,0.0,0.0,0.0,0.0,0.0,0.43333,0,0,0.09001,-29.99999,3.82151,0.0,0.0,1.0,0.0,0.0,0.0
3uxate6st1fvf3dmhjk_0001,0.42857142857142855,12,28	0.55851,1.6516,2.49648,0.19987,0.49067,-0.75024,0.42598,0.40388,1.17306,1.17217,117.50178,16.53416,291.98186,59.24359,0.3,0.3,0.0,0.0,0.0,0.0,0.0,0.0,0.42857,0,0,0.09091,0.0,3.05253,0.0,0.0,0.0,0.0,0.0,0.0
5ikf6atcj3epo4r3f6h_0003,0.42857142857142855,12,28	0.55851,1.6516,2.32078,0.45986,0.49407,-0.8032,0.30472,0.42352,1.109,0.89043,120.4,15.47533,295.2,247.30345,0.3,0.3,0.0,0.0,0.0,0.0,0.0,0.0,0.42857,0,0,0.72972,-3.05999,0.84779,0.0,1.0,1.0,2.0,0.0,0.0
16cvgzuusdhvzihh7tl3_0004,0.42857142857142855,12,28	0.55851,1.6516,0.10202,-0.20372,-0.34441,0.80642,0.4457,0.17284,1.5088,0.82751,121.65673,24.13154,69.70786,125.40726,0.3,0.3,0.0,0.0,0.0,0.0,0.0,0.0,0.42857,0,0,0.21227,0.0,1.75333,0.0,0.0,1.0,1.0,0.0,0.0
3k0h8dp5eipoalhazv1_0001,0.42857142857142855,12,28	0.55851,1.6516,5.34668,0.12006,0.34169,0.3135,0.42127,0.26485,1.68591,0.95851,104.28849,24.61016,112.31838,234.03872,0.3,0.3,0.0,0.0,0.0,0.0,0.0,0.0,0.42857,0,0,0.05663,0.0,5.62389,0.0,0.0,1.0,1.0,0.0,0.0
1jadassuqpf3mvc00cpv_0009,0.42857142857142855,12,28	0.55851,1.6516,0.26927,1.44726,2.03204,-0.33872,0.19578,0.19095,1.29436,0.9017,113.14257,26.9863,66.66221,243.36919,0.3,0.3,0.0,0.0,0.0,0.0,0.0,0.0,0.42857,0,0,0.51894,-0.61999,0.51964,0.0,0.0,1.0,1.0,0.0,0.0
1jadassuqpf3mvc00cpv_0015,0.42857142857142855,12,28	0.55851,1.6516,2.60497,-1.56449,1.15623,0.4754,0.40088,0.37483,1.48477,1.01642,104.79148,23.72505,109.74744,71.50855,0.3,0.3,0.0,0.0,0.0,0.0,0.0,0.0,0.42857,0,0,0.03766,0.0,3.14084,0.0,0.0,1.0,1.0,0.0,0.0
1jadassuqpf3mvc00cpv_0030,0.42857142857142855,12,28	0.55851,1.6516,3.19013,2.03138,-0.35954,0.4754,0.37387,0.27914,1.47414,0.8328,106.02298,28.66902,106.06686,115.33484,0.3,0.3,0.0,0.0,0.0,0.0,0.0,0.0,0.42857,0,0,0.02292,0.0,3.64311,0.0,0.0,1.0,0.0,0.0,0.0
5ikf6atcj3epo4r3f6h_0031,0.41379310344827586,12,29	0.55851,1.6516,1.80486,0.25241,0.19853,-0.82025,0.27543,0.335,1.4785,1.17364,108.03157,14.14472,259.58646,119.88942,0.3,0.3,0.0,0.0,0.0,0.0,0.0,0.0,0.41379,0,0,3.2051,-3.43999,0.35294,0.0,0.0,1.0,0.0,0.0,0.0
45dvhif7hojwfu495a0_0006,0.41379310344827586,12,29	0.55851,1.6516,2.86718,0.12523,0.70608,-0.90171,0.33994,0.14197,1.49435,1.00086,109.81846,24.99059,281.93218,237.46809,0.3,0.3,0.0,0.0,0.0,0.0,0.0,0.0,0.41379,0,0,0.36074,-3.47999,1.05848,0.0,0.0,1.0,0.0,0.0,0.0
3k0h8dp5eipoalhazv1_0005,0.41379310344827586,12,29	0.55851,1.6516,9.01462,0.06524,0.18769,0.3135,0.17873,0.22379,1.40332,1.13968,108.46513,26.47373,79.14818,124.19971,0.3,0.3,0.0,0.0,0.0,0.0,0.0,0.0,0.41379,0,0,0.14393,-24.19999,2.09838,0.0,0.0,1.0,1.0,0.0,0.0
1jadassuqpf3mvc00cpv_0021,0.41379310344827586,12,29	0.55851,1.6516,1.6655,-0.14983,0.86394,0.39313,0.2256,0.15458,1.08786,1.18996,107.2258,30.1532,104.72709,240.9865,0.3,0.3,0.0,0.0,0.0,0.0,0.0,0.0,0.41379,0,0,0.175,-2.19999,1.44241,0.0,0.0,1.0,0.0,0.0,0.0
1jadassuqpf3mvc00cpv_0047,0.41379310344827586,12,29	0.55851,1.6516,-1.81072,0.76275,1.55992,0.37816,0.33648,0.26318,1.56625,1.20886,102.38106,23.69376,80.47463,107.91397,0.3,0.3,0.0,0.0,0.0,0.0,0.0,0.0,0.41379,0,0,0.06627,-0.63999,2.22314,0.0,0.0,0.0,0.0,0.0,0.0
cruoiq1qypq7eovkip_0001,0.41379310344827586,12,29	0.55851,1.6516,-5.33794,-0.61755,-0.79329,0.12497,0.46792,0.18592,1.23088,1.16344,119.35032,25.45034,68.024,54.18569,0.3,0.3,0.0,0.0,0.0,0.0,0.0,0.0,0.41379,0,0,0.02018,0.0,5.62505,0.0,1.0,0.0,0.0,0.0,0.0
16cvgzuusdhvzihh7tl3_0009,0.4,12,30	0.55851,1.6516,-0.91756,0.41069,-0.20108,0.80642,0.18738,0.0783,1.11735,1.02466,105.1686,30.47672,251.01937,247.9837,0.3,0.3,0.0,0.0,0.0,0.0,0.0,0.0,0.4,0,0,0.08997,-0.9,1.83644,0.0,0.0,1.0,0.0,0.0,0.0
3bql4h2x74ju5yb991j_0005,0.4,12,30	0.55851,1.6516,0.42807,0.69823,1.04325,-0.59825,0.17704,0.08847,1.24,1.16141,104.1933,16.23078,73.54756,116.67016,0.3,0.3,0.0,0.0,0.0,0.0,0.0,0.0,0.4,0,0,0.13708,-0.98,1.15423,0.0,0.0,0.0,0.0,0.0,0.0
4ogwhjd6d9avz0jtafh_0000,0.39285714285714285,11,28	0.55851,1.6516,3.47602,0.02088,-0.01944,-0.36482,0.35984,0.1198,1.68091,1.06759,119.73026,28.63151,285.89439,293.58526,0.3,0.3,0.0,0.0,0.0,0.0,0.0,0.0,0.39285,0,0,0.08651,0.0,3.89538,0.0,0.0,0.0,0.0,0.0,0.0
1bj3vrfrgvfdk3gqcttb_0003,0.39285714285714285,11,28	0.55851,1.6516,4.73762,-0.08219,-1.94475,-0.31409,0.39046,0.25787,1.61341,0.89583,107.64837,16.48089,282.07553,119.06193,0.3,0.3,0.0,0.0,0.0,0.0,0.0,0.0,0.39285,0,0,0.01217,0.0,5.07441,0.0,0.0,0.0,0.0,0.0,0.0
1ny7fmm5hkuiyo4nz73h_0006,0.39285714285714285,11,28	0.55851,1.6516,-0.41744,1.09499,-0.29658,0.30801,0.293,0.13629,1.62996,0.99983,106.3905,20.78345,72.30556,298.44849,0.3,0.3,0.0,0.0,0.0,0.0,0.0,0.0,0.39285,0,0,0.1097,0.0,1.79358,0.0,0.0,1.0,0.0,0.0,0.0
694lvd0wlwbcddkbj2r_0001,0.39285714285714285,11,28	0.55851,1.6516,-0.5239,0.0883,0.33237,0.45499,0.3198,0.30608,1.66057,1.06106,111.52553,21.11524,288.92472,121.11714,0.3,0.3,0.0,0.0,0.0,0.0,0.0,0.0,0.39285,0,0,0.19947,-0.24,1.80953,0.0,0.0,0.0,0.0,0.0,0.0
1jd8ggtwb39tleia7q75_0004,0.39285714285714285,11,28	0.55851,1.6516,0.2985,1.0815,1.84267,0.75846,0.40679,0.19592,1.3872,1.08867,113.81859,19.74555,108.34941,126.27706,0.3,0.3,0.0,0.0,0.0,0.0,0.0,0.0,0.39285,0,0,0.87479,-0.74,0.53305,0.0,0.0,1.0,1.0,0.0,0.0
3k0h8dp5eipoalhazv1_0017,0.39285714285714285,11,28	0.55851,1.6516,-0.21155,0.6889,2.10721,0.09133,0.28407,0.13026,1.23886,1.04253,112.94691,18.05589,256.23471,124.05801,0.3,0.3,0.0,0.0,0.0,0.0,0.0,0.0,0.39285,0,0,0.95768,-0.67999,0.40759,0.0,0.0,1.0,0.0,0.0,0.0
3gxn7gtlr2rurhdi47y_0009,0.39285714285714285,11,28	0.55851,1.6516,4.59315,-0.00434,0.34282,-0.14843,0.23858,0.28585,1.49391,1.12332,105.08651,24.17486,105.27487,108.51618,0.3,0.3,0.0,0.0,0.0,0.0,0.0,0.0,0.39285,0,0,1.58299,-5.57999,0.4717,0.0,1.0,0.0,0.0,0.0,0.0
1jadassuqpf3mvc00cpv_0012,0.39285714285714285,11,28	0.55851,1.6516,-0.40658,-1.51066,-0.25142,-0.33872,0.22763,0.36279,1.27955,0.85125,104.72047,14.22846,66.46001,112.66041,0.3,0.3,0.0,0.0,0.0,0.0,0.0,0.0,0.39285,0,0,0.11057,0.0,1.80183,0.0,0.0,1.0,1.0,0.0,0.0
4120zkeydvj7vae86v7_0005,0.39285714285714285,11,28	0.55851,1.6516,3.20276,-0.11825,0.47597,-0.30819,0.52461,0.42352,1.6996,0.98234,113.125,32.3125,60.37267,122.98136,0.3,0.3,0.0,0.0,0.0,0.0,0.0,0.0,0.39285,0,0,0.55709,-5.31999,1.15131,0.0,1.0,1.0,0.0,0.0,0.0
3uxate6st1fvf3dmhjk_0002,0.3793103448275862,11,29	0.55851,1.6516,1.06758,-1.61614,-1.13705,-0.75024,0.41122,0.28585,1.18715,0.96696,119.3125,20.6875,72.6708,120.74534,0.3,0.3,0.0,0.0,0.0,0.0,0.0,0.0,0.37931,0,0,0.08106,0.0,2.07492,0.0,1.0,0.0,0.0,0.0,0.0
5ikf6atcj3epo4r3f6h_0016,0.3793103448275862,11,29	0.55851,1.6516,-0.22917,0.38077,0.59232,0.63159,0.46237,0.42352,1.57443,1.02232,97.0,26.5,251.99999,147.6,0.3,0.3,0.0,0.0,0.0,0.0,0.0,0.0,0.37931,0,0,0.62809,-1.6,1.04768,0.0,1.0,1.0,0.0,0.0,0.0
15q790lgauombjqgpxwh_0000,0.3793103448275862,11,29	0.55851,1.6516,7.55252,0.10914,0.20268,0.61885,0.28012,0.30557,1.3315,1.19923,108.05735,13.99193,284.16545,120.61013,0.3,0.3,0.0,0.0,0.0,0.0,0.0,0.0,0.37931,0,0,3.64528,-8.42,0.3014,0.0,0.0,0.0,0.0,0.0,0.0
1ny7fmm5hkuiyo4nz73h_0003,0.3793103448275862,11,29	0.55851,1.6516,1.04057,0.88434,1.94977,0.30801,0.29947,0.31366,1.37621,1.1245,121.26786,22.29078,283.94356,245.96295,0.3,0.3,0.0,0.0,0.0,0.0,0.0,0.0,0.37931,0,0,1.93214,-0.82,0.3438,0.0,0.0,1.0,0.0,0.0,0.0
6d97rdj1xls3r5swme5_0000,0.3793103448275862,11,29	0.55851,1.6516,-0.57513,0.53871,0.42308,-0.39117,0.42669,0.18592,1.5607,1.08503,120.88433,25.68805,101.51309,302.10009,0.3,0.3,0.0,0.0,0.0,0.0,0.0,0.0,0.37931,0,0,0.70407,-1.72,0.82174,0.0,1.0,1.0,1.0,0.0,0.0
14ojn2sxzbs2tan2n8s3_0001,0.3793103448275862,11,29	0.55851,1.6516,-1.60776,-0.84349,0.96362,0.24047,0.30906,0.34646,1.15798,1.1627,102.47533,25.71983,65.29233,238.82987,0.3,0.3,0.0,0.0,0.0,0.0,0.0,0.0,0.37931,0,0,0.10534,-0.76,2.18882,0.0,0.0,1.0,1.0,0.0,0.0
1pmkl5g7v0x25rz84a_0002,0.3793103448275862,11,29	0.55851,1.6516,0.17558,-0.36678,-0.1912,0.80693,0.3227,0.32402,1.19961,1.14165,108.32664,18.95454,256.71063,303.98263,0.3,0.3,0.0,0.0,0.0,0.0,0.0,0.0,0.37931,0,0,0.27391,0.0,1.75698,0.0,0.0,0.0,0.0,0.0,0.0
3gxn7gtlr2rurhdi47y_0001,0.37037037037037035,10,27	0.55851,1.6516,-0.50909,-0.01668,-0.34136,-0.14843,0.4015,0.23223,1.43058,0.92891,120.53493,26.94705,292.8718,234.22484,0.3,0.3,0.0,0.0,0.0,0.0,0.0,0.0,0.37037,0,0,0.64821,-12.73999,0.97331,0.0,0.0,1.0,1.0,0.0,0.0
3h621efzg2qvm7w9np7_0001,0.37037037037037035,10,27	0.55851,1.6516,-6.90374,-1.35335,1.00483,0.45499,0.30815,0.38133,1.68291,1.16008,117.625,23.3125,291.80124,49.19254,0.3,0.3,0.0,0.0,0.0,0.0,0.0,0.0,0.37037,0,0,0.00743,0.0,7.13149,0.0,1.0,0.0,0.0,0.0,0.0
1kyzzgv0n5vbvic1ahlt_0001,0.37037037037037035,10,27	0.55851,1.6516,0.06034,0.82927,0.83121,-0.32499,0.24446,0.28175,1.319,1.17637,105.18054,17.4631,276.21865,242.15886,0.3,0.3,0.0,0.0,0.0,0.0,0.0,0.0,0.37037,0,0,0.24053,-0.88,1.17715,0.0,0.0,1.0,1.0,0.0,0.0
4ogwhjd6d9avz0jtafh_0007,0.36666666666666664,11,30	0.55851,1.6516,10.87487,0.0211,0.1269,-0.13639,0.24461,0.26163,1.59295,1.11683,103.47952,30.54283,67.75528,71.64679,0.3,0.3,0.0,0.0,0.0,0.0,0.0,0.0,0.36666,0,0,0.0084,0.0,11.0228,0.0,0.0,0.0,0.0,0.0,0.0
4ogwhjd6d9avz0jtafh_0010,0.36666666666666664,11,30	0.55851,1.6516,-0.03803,-0.34297,0.24413,0.69201,0.33287,0.41452,1.49036,0.97014,106.24581,13.90279,252.98165,238.49222,0.3,0.3,0.0,0.0,0.0,0.0,0.0,0.0,0.36666,0,0,0.28733,-0.61999,1.70594,0.0,0.0,0.0,0.0,0.0,0.0
16cvgzuusdhvzihh7tl3_0012,0.36666666666666664,11,30	0.55851,1.6516,1.83114,0.34932,0.33328,-0.73453,0.35395,0.12684,1.30418,1.17852,119.89527,18.8775,98.703,234.88186,0.3,0.3,0.0,0.0,0.0,0.0,0.0,0.0,0.36666,0,0,0.10984,0.0,2.52955,0.0,0.0,1.0,0.0,0.0,0.0
1jd8ggtwb39tleia7q75_0020,0.36666666666666664,11,30	0.55851,1.6516,4.62513,0.17581,0.05651,-0.51683,0.25849,0.19918,1.62272,1.10287,108.83529,18.50919,257.96998,117.01556,0.3,0.3,0.0,0.0,0.0,0.0,0.0,0.0,0.36666,0,0,0.25433,-26.95999,1.4794,0.0,0.0,0.0,0.0,0.0,0.0
3gxn7gtlr2rurhdi47y_0008,0.36666666666666664,11,30	0.55851,1.6516,-1.77931,0.74894,0.29087,-0.14843,0.46237,0.18548,1.43058,0.92891,120.53493,26.94705,292.8718,234.22484,0.3,0.3,0.0,0.0,0.0,0.0,0.0,0.0,0.36666,0,0,0.24875,-2.39999,1.54912,0.0,1.0,0.0,0.0,0.0,0.0
5ikf6atcj3epo4r3f6h_0001,0.35714285714285715,10,28	0.55851,1.6516,2.41365,-0.08461,0.71925,-0.8032,0.27458,0.32362,1.60537,1.33393,108.7,19.12019,97.2,245.40817,0.3,0.3,0.0,0.0,0.0,0.0,0.0,0.0,0.35714,0,0,0.23862,-3.31999,1.51782,0.0,1.0,0.0,3.0,0.0,0.0
5ikf6atcj3epo4r3f6h_0013,0.35714285714285715,10,28	0.55851,1.6516,0.61105,0.72252,0.51989,-0.82025,0.43802,0.08686,1.23289,1.2095,108.1947,19.51111,252.71692,111.66946,0.3,0.3,0.0,0.0,0.0,0.0,0.0,0.0,0.35714,0,0,0.5812,-1.56,0.82734,0.0,0.0,1.0,1.0,0.0,0.0
5ikf6atcj3epo4r3f6h_0023,0.35714285714285715,10,28	0.55851,1.6516,2.41365,-0.08461,0.55001,-0.82025,0.27458,0.32362,1.60537,1.33393,108.7,19.12019,97.2,245.40817,0.3,0.3,0.0,0.0,0.0,0.0,0.0,0.0,0.35714,0,0,0.43775,-4.03999,1.11383,0.0,1.0,1.0,0.0,0.0,0.0
45dvhif7hojwfu495a0_0005,0.35714285714285715,10,28	0.55851,1.6516,0.6157,-0.10318,1.49741,-0.90171,0.13372,0.32781,1.13207,1.17748,110.16045,29.87747,109.23154,245.07473,0.3,0.3,0.0,0.0,0.0,0.0,0.0,0.0,0.35714,0,0,0.5767,-0.96,0.63958,0.0,0.0,1.0,0.0,0.0,0.0
1oow0apvi70dzcw7ueyz_0002,0.35714285714285715,10,28	0.55851,1.6516,1.19552,0.58706,0.77166,0.45499,0.32676,0.41137,1.09202,0.89445,104.54682,14.73981,83.24324,121.15823,0.3,0.3,0.0,0.0,0.0,0.0,0.0,0.0,0.35714,0,0,0.32325,-1.68,1.34802,0.0,0.0,0.0,0.0,0.0,0.0
16cvgzuusdhvzihh7tl3_0000,0.35714285714285715,10,28	0.55851,1.6516,2.95548,0.2747,-0.07811,0.80642,0.43371,0.38744,1.63221,1.06788,105.85169,12.49567,256.58074,236.49036,0.3,0.3,0.0,0.0,0.0,0.0,0.0,0.0,0.35714,0,0,0.58241,-17.39999,1.09423,0.0,0.0,1.0,1.0,0.0,0.0
16cvgzuusdhvzihh7tl3_0015,0.35714285714285715,10,28	0.55851,1.6516,0.34059,-1.93247,-1.40507,-0.73453,0.179,0.1244,1.29763,0.898,117.96848,21.36375,104.09255,246.85952,0.3,0.3,0.0,0.0,0.0,0.0,0.0,0.0,0.35714,0,0,0.03661,0.0,1.81193,0.0,0.0,1.0,0.0,0.0,0.0
6d97rdj1xls3r5swme5_0001,0.35714285714285715,10,28	0.55851,1.6516,-0.02069,0.76166,0.99711,-0.39117,0.44941,0.18013,1.66598,0.97968,118.52218,27.14158,291.16805,247.48885,0.3,0.3,0.0,0.0,0.0,0.0,0.0,0.0,0.35714,0,0,0.6208,-1.08,0.77811,0.0,0.0,1.0,1.0,0.0,0.0
3h621efzg2qvm7w9np7_0000,0.3448275862068966,10,29	0.55851,1.6516,0.19899,-1.92626,1.25137,0.45499,0.39171,0.42073,1.68291,1.16008,114.77716,27.56993,107.03437,55.96039,0.3,0.3,0.0,0.0,0.0,0.0,0.0,0.0,0.34482,0,0,0.11898,-0.16,1.70697,0.0,0.0,0.0,0.0,0.0,0.0
1jadassuqpf3mvc00cpv_0007,0.3448275862068966,10,29	0.55851,1.6516,8.7342,0.16238,0.21587,0.4754,0.14834,0.25316,1.58942,1.11157,107.29845,27.1796,101.44063,243.83239,0.3,0.3,0.0,0.0,0.0,0.0,0.0,0.0,0.34482,0,0,0.06648,-19.87999,3.25164,0.0,0.0,1.0,1.0,0.0,0.0
5ikf6atcj3epo4r3f6h_0010,0.3333333333333333,9,27	0.55851,1.6516,2.32078,0.45986,0.49407,-0.8032,0.45522,0.37134,1.109,0.89043,104.156,15.47533,276.04613,247.30345,0.3,0.3,0.0,0.0,0.0,0.0,0.0,0.0,0.33333,0,0,0.90539,-3.01999,0.78742,0.0,0.0,1.0,1.0,0.0,0.0
5ikf6atcj3epo4r3f6h_0022,0.3333333333333333,9,27	0.55851,1.6516,2.01674,-0.05077,-0.02569,-0.8032,0.32962,0.20324,1.71881,0.98951,101.5,28.76712,241.2,233.57686,0.3,0.3,0.0,0.0,0.0,0.0,0.0,0.0,0.33333,0,0,0.5191,-4.71999,1.02392,0.0,1.0,1.0,0.0,0.0,0.0
4ogwhjd6d9avz0jtafh_0015,0.3333333333333333,9,27	0.55851,1.6516,-0.88031,-0.11015,-0.16495,-0.49052,0.28435,0.40405,1.26678,1.20202,112.6573,16.37524,108.04591,120.39896,0.3,0.3,0.0,0.0,0.0,0.0,0.0,0.0,0.33333,0,0,0.22237,-1.02,1.87168,0.0,0.0,0.0,0.0,0.0,0.0
4ogwhjd6d9avz0jtafh_0020,0.3333333333333333,9,27	0.55851,1.6516,1.25044,0.51914,-1.49087,-0.61103,0.45276,0.39875,1.3042,0.85664,113.34331,12.27204,252.04538,243.4775,0.3,0.3,0.0,0.0,0.0,0.0,0.0,0.0,0.33333,0,0,0.11513,0.0,2.16515,0.0,0.0,0.0,0.0,0.0,0.0
1ny7fmm5hkuiyo4nz73h_0002,0.3333333333333333,9,27	0.55851,1.6516,-1.53511,-0.64843,0.72801,0.30801,0.32858,0.37502,1.32324,1.01131,111.81365,26.12929,283.74081,249.57666,0.3,0.3,0.0,0.0,0.0,0.0,0.0,0.0,0.33333,0,0,0.11889,-0.06,2.32195,0.0,0.0,1.0,1.0,0.0,0.0
1jd8ggtwb39tleia7q75_0014,0.3333333333333333,9,27	0.55851,1.6516,2.05187,-0.65261,-0.69395,0.75846,0.49763,0.37374,1.512,1.05347,107.01123,17.04887,101.09568,233.98168,0.3,0.3,0.0,0.0,0.0,0.0,0.0,0.0,0.33333,0,0,0.1253,0.0,2.70387,0.0,0.0,1.0,0.0,0.0,0.0
3bql4h2x74ju5yb991j_0001,0.3333333333333333,9,27	0.55851,1.6516,6.56167,0.00847,0.06206,-0.79328,0.52283,0.22514,1.58909,0.93871,120.33857,23.40122,107.29006,110.18358,0.3,0.3,0.0,0.0,0.0,0.0,0.0,0.0,0.33333,0,0,0.02336,0.0,6.80235,0.0,0.0,0.0,0.0,0.0,0.0
1kyzzgv0n5vbvic1ahlt_0009,0.3333333333333333,9,27	0.55851,1.6516,2.78129,0.12692,0.0,-0.32499,0.17084,0.18115,1.2583,0.83601,112.67772,16.33548,104.01959,107.35889,0.3,0.3,0.0,0.0,0.0,0.0,0.0,0.0,0.33333,0,0,0.43996,-5.83999,0.93923,0.0,1.0,0.0,0.0,0.0,0.0
5ikf6atcj3epo4r3f6h_0012,0.32142857142857145,9,28	0.55851,1.6516,-0.0777,0.58456,0.39051,-0.8032,0.4451,0.39123,1.10912,1.10485,121.4482,31.83425,97.66497,118.83234,0.3,0.3,0.0,0.0,0.0,0.0,0.0,0.0,0.32142,0,0,1.73155,-1.88,0.57175,0.0,0.0,1.0,1.0,0.0,0.0
5ikf6atcj3epo4r3f6h_0024,0.32142857142857145,9,28	0.55851,1.6516,2.41365,-0.08461,0.71925,-0.82025,0.33377,0.24943,1.60537,1.33393,108.7,19.12019,97.2,245.40817,0.3,0.3,0.0,0.0,0.0,0.0,0.0,0.0,0.32142,0,0,0.23642,-3.35999,1.5246,0.0,1.0,1.0,0.0,0.0,0.0
5ikf6atcj3epo4r3f6h_0032,0.32142857142857145,9,28	0.55851,1.6516,2.32078,0.45986,0.49407,-0.82025,0.39185,0.42352,1.109,0.89043,120.4,15.47533,295.2,247.30345,0.3,0.3,0.0,0.0,0.0,0.0,0.0,0.0,0.32142,0,0,0.87233,-3.01999,0.79837,0.0,1.0,0.0,0.0,0.0,0.0
1f69an8lxtjnigdn8ufb_0004,0.32142857142857145,9,28	0.55851,1.6516,-0.22917,0.5077,2.03082,-0.19956,0.35451,0.29206,1.57443,1.20273,104.5,27.4,111.6,118.8,0.3,0.3,0.0,0.0,0.0,0.0,0.0,0.0,0.32142,0,0,16.62915,-0.74,0.11822,0.0,1.0,0.0,0.0,0.0,0.0
16cvgzuusdhvzihh7tl3_0001,0.32142857142857145,9,28	0.55851,1.6516,2.79943,-2.07062,-1.23645,-0.73453,0.15327,0.34725,1.15595,0.92296,110.84572,22.40421,78.4145,236.40952,0.3,0.3,0.0,0.0,0.0,0.0,0.0,0.0,0.32142,0,0,0.01873,0.0,3.31185,0.0,0.0,1.0,1.0,0.0,0.0
16cvgzuusdhvzihh7tl3_0002,0.32142857142857145,9,28	0.55851,1.6516,0.90708,0.12964,-0.04622,0.80642,0.47505,0.16403,1.66479,0.93852,118.68801,20.03405,83.29251,124.52386,0.3,0.3,0.0,0.0,0.0,0.0,0.0,0.0,0.32142,0,0,0.21762,0.0,1.97225,0.0,0.0,1.0,1.0,0.0,0.0
16cvgzuusdhvzihh7tl3_0005,0.32142857142857145,9,28	0.55851,1.6516,1.65263,0.19445,-0.13848,-0.73453,0.44667,0.34731,1.58021,1.18618,108.02615,22.91082,253.78074,246.71299,0.3,0.3,0.0,0.0,0.0,0.0,0.0,0.0,0.32142,0,0,0.17695,0.0,2.41338,0.0,0.0,1.0,1.0,0.0,0.0
16cvgzuusdhvzihh7tl3_0006,0.32142857142857145,9,28	0.55851,1.6516,-3.71585,-0.8184,-0.67544,0.80642,0.26786,0.21162,1.30662,1.12195,107.85618,26.48914,293.53256,113.40382,0.3,0.3,0.0,0.0,0.0,0.0,0.0,0.0,0.32142,0,0,0.02614,0.0,4.11614,0.0,0.0,1.0,0.0,0.0,0.0
1p1oatiswbv8ef54bun4_0001,0.32142857142857145,9,28	0.55851,1.6516,1.20137,0.06991,0.68644,0.8717,0.28256,0.40091,1.45827,1.03639,111.49823,23.51477,262.52286,65.37497,0.3,0.3,0.0,0.0,0.0,0.0,0.0,0.0,0.32142,0,0,0.57235,-2.39999,1.00639,0.0,0.0,0.0,0.0,0.0,0.0
1cf83tis2v9k6y8hj07i_0001,0.32142857142857145,9,28	0.55851,1.6516,2.53378,-0.15075,0.47462,0.30146,0.41242,0.35852,1.45245,1.1362,118.06573,29.84399,102.845,122.97588,0.3,0.3,0.0,0.0,0.0,0.0,0.0,0.0,0.32142,0,0,1.02787,-3.65999,0.72449,0.0,0.0,0.0,0.0,0.0,0.0
15q790lgauombjqgpxwh_0001,0.32142857142857145,9,28	0.55851,1.6516,-0.46672,-0.96629,2.00484,0.45499,0.48503,0.14303,1.60419,1.08362,103.98057,25.28372,97.95158,60.21077,0.3,0.3,0.0,0.0,0.0,0.0,0.0,0.0,0.32142,0,0,0.12785,-0.45999,1.44062,0.0,0.0,0.0,0.0,0.0,0.0
z0bh9a83do5i3a6bzmj_0002,0.32142857142857145,9,28	0.55851,1.6516,-2.96875,-1.75056,-2.02185,-0.35656,0.47649,0.09836,1.54199,1.18732,119.84232,14.35704,279.85817,55.84464,0.3,0.3,0.0,0.0,0.0,0.0,0.0,0.0,0.32142,0,0,0.01735,0.0,3.47836,0.0,0.0,0.0,0.0,0.0,0.0
3gxn7gtlr2rurhdi47y_0007,0.32142857142857145,9,28	0.55851,1.6516,0.25344,0.89909,0.89058,-0.14843,0.35841,0.22252,1.17517,1.02641,108.43114,17.73109,104.36969,240.11723,0.3,0.3,0.0,0.0,0.0,0.0,0.0,0.0,0.32142,0,0,0.35625,-1.04,1.02889,0.0,0.0,1.0,0.0,0.0,0.0
3bql4h2x74ju5yb991j_0002,0.32142857142857145,9,28	0.55851,1.6516,2.54688,0.03105,0.20826,-0.56609,0.28834,0.14839,1.19539,1.0102,106.7148,13.63857,250.49542,125.73933,0.3,0.3,0.0,0.0,0.0,0.0,0.0,0.0,0.32142,0,0,1.12077,-7.94,0.60462,0.0,0.0,0.0,0.0,0.0,0.0
1jadassuqpf3mvc00cpv_0004,0.32142857142857145,9,28	0.55851,1.6516,2.81091,0.9002,0.90582,0.4754,0.41456,0.29404,1.57137,0.82809,114.90985,30.62652,74.61456,113.66666,0.3,0.3,0.0,0.0,0.0,0.0,0.0,0.0,0.32142,0,0,0.05307,-0.72,3.17914,0.0,0.0,1.0,2.0,0.0,0.0
1jadassuqpf3mvc00cpv_0027,0.32142857142857145,9,28	0.55851,1.6516,7.61545,1.31492,0.91765,0.56315,0.13406,0.35404,1.42097,0.88179,120.93254,17.91064,100.39737,288.08737,0.3,0.3,0.0,0.0,0.0,0.0,0.0,0.0,0.32142,0,0,0.00499,-0.38,7.78644,0.0,0.0,1.0,0.0,0.0,0.0
1pmkl5g7v0x25rz84a_0003,0.32142857142857145,9,28	0.55851,1.6516,0.20076,1.0587,1.89477,-0.26603,0.35453,0.1948,1.21918,0.96184,104.125,28.7655,237.01863,302.83576,0.3,0.3,0.0,0.0,0.0,0.0,0.0,0.0,0.32142,0,0,0.87057,-0.67999,0.49412,0.0,1.0,0.0,0.0,0.0,0.0
16cvgzuusdhvzihh7tl3_0003,0.3103448275862069,9,29	0.55851,1.6516,6.23208,-8.37765,0.10547,-0.73453,0.13121,0.20973,1.62489,1.00199,118.4427,24.39331,261.32247,117.663,0.3,0.3,0.0,0.0,0.0,0.0,0.0,0.0,0.31034,0,0,0.01464,0.0,6.48131,0.0,0.0,1.0,1.0,0.0,0.0
1ny7fmm5hkuiyo4nz73h_0005,0.3103448275862069,9,29	0.55851,1.6516,0.01972,-0.08514,1.99376,0.30801,0.23639,0.39023,1.65639,0.82628,103.62045,30.56351,252.93296,56.09913,0.3,0.3,0.0,0.0,0.0,0.0,0.0,0.0,0.31034,0,0,0.69274,-0.76,0.62879,0.0,0.0,1.0,0.0,0.0,0.0
1jd8ggtwb39tleia7q75_0013,0.3103448275862069,9,29	0.55851,1.6516,0.61038,0.0642,0.29839,0.75846,0.31584,0.14279,1.57502,1.10929,118.19756,18.35483,100.22295,67.04323,0.3,0.3,0.0,0.0,0.0,0.0,0.0,0.0,0.31034,0,0,0.24489,-1.44,1.32453,0.0,0.0,1.0,0.0,0.0,0.0
3k0h8dp5eipoalhazv1_0006,0.3103448275862069,9,29	0.55851,1.6516,2.71141,-1.63873,-0.37596,0.3135,0.37925,0.1503,1.50946,1.14001,111.38345,22.66486,278.21266,247.86938,0.3,0.3,0.0,0.0,0.0,0.0,0.0,0.0,0.31034,0,0,0.02795,-0.12,3.21382,0.0,0.0,1.0,1.0,0.0,0.0
3k0h8dp5eipoalhazv1_0018,0.3103448275862069,9,29	0.55851,1.6516,3.66728,0.35635,0.2599,0.09133,0.40057,0.42309,1.38674,1.15036,102.12884,26.47928,253.53264,233.56509,0.3,0.3,0.0,0.0,0.0,0.0,0.0,0.0,0.31034,0,0,0.08803,0.0,4.06397,0.0,0.0,1.0,0.0,0.0,0.0
3gxn7gtlr2rurhdi47y_0000,0.3103448275862069,9,29	0.55851,1.6516,4.59315,-0.00434,0.34282,-0.14843,0.182,0.28029,1.49391,1.12332,105.08651,24.17486,105.27487,108.51618,0.3,0.3,0.0,0.0,0.0,0.0,0.0,0.0,0.31034,0,0,1.30475,-5.67999,0.50254,0.0,0.0,1.0,2.0,0.0,0.0
1jadassuqpf3mvc00cpv_0039,0.3103448275862069,9,29	0.55851,1.6516,2.19429,-0.26964,1.2955,-0.04972,0.35842,0.1444,1.43695,0.99924,120.05309,23.8584,74.19368,64.66941,0.3,0.3,0.0,0.0,0.0,0.0,0.0,0.0,0.31034,0,0,0.04918,-0.53999,2.69991,0.0,0.0,0.0,0.0,0.0,0.0
1jadassuqpf3mvc00cpv_0045,0.3103448275862069,9,29	0.55851,1.6516,0.32778,0.70755,1.80557,-0.33872,0.38784,0.24823,1.34081,1.02489,105.48104,21.84649,288.34782,298.44471,0.3,0.3,0.0,0.0,0.0,0.0,0.0,0.0,0.31034,0,0,0.39047,-0.74,0.85235,0.0,0.0,1.0,0.0,0.0,0.0
1jadassuqpf3mvc00cpv_0044,0.3,9,30	0.55851,1.6516,6.26837,0.07946,0.07563,-0.33872,0.15791,0.40542,1.38858,1.16128,112.55954,24.65638,280.63311,64.07332,0.3,0.3,0.0,0.0,0.0,0.0,0.0,0.0,0.3,0,0,0.01661,0.0,6.52102,0.0,0.0,1.0,0.0,0.0,0.0
4120zkeydvj7vae86v7_0004,0.3,9,30	0.55851,1.6516,3.77214,-0.17081,0.44953,-0.30819,0.48338,0.34358,1.5843,0.98746,103.9375,27.4375,67.08074,216.8944,0.3,0.3,0.0,0.0,0.0,0.0,0.0,0.0,0.3,0,0,0.45183,-5.27999,1.205,0.0,1.0,1.0,1.0,0.0,0.0
5piu2o5yv3ztophcgi7_0009,0.2962962962962963,8,27	0.55851,1.6516,2.34869,-0.43359,0.71396,0.34557,0.43526,0.23752,1.32775,0.90806,119.875,23.3125,301.86335,199.00621,0.3,0.3,0.0,0.0,0.0,0.0,0.0,0.0,0.29629,0,0,0.2621,-2.09999,1.31993,0.0,1.0,0.0,0.0,0.0,0.0
3k0h8dp5eipoalhazv1_0008,0.2962962962962963,8,27	0.55851,1.6516,0.45792,-0.7906,1.04112,0.3135,0.41837,0.14997,1.5126,1.08046,114.37265,28.17917,71.28417,72.18521,0.3,0.3,0.0,0.0,0.0,0.0,0.0,0.0,0.29629,0,0,0.16678,-0.7,1.55893,0.0,0.0,1.0,1.0,0.0,0.0
5ikf6atcj3epo4r3f6h_0004,0.2857142857142857,8,28	0.55851,1.6516,3.54735,0.05279,-0.06058,-0.8032,0.32666,0.27239,1.20886,0.99033,102.95516,28.76712,279.76998,233.57686,0.3,0.3,0.0,0.0,0.0,0.0,0.0,0.0,0.28571,0,0,0.21126,-3.89999,1.53467,0.0,0.0,1.0,2.0,0.0,0.0
5ikf6atcj3epo4r3f6h_0033,0.2857142857142857,8,28	0.55851,1.6516,2.32078,0.46539,0.42308,-0.82025,0.39185,0.42352,1.109,0.89043,120.4,15.47533,295.2,247.30345,0.3,0.3,0.0,0.0,0.0,0.0,0.0,0.0,0.28571,0,0,0.89672,-3.11999,0.79116,0.0,1.0,0.0,0.0,0.0,0.0
4ogwhjd6d9avz0jtafh_0008,0.2857142857142857,8,28	0.55851,1.6516,0.82878,-0.02684,1.48495,-0.13639,0.41168,0.36518,1.32683,0.83278,109.9289,27.60484,72.07001,120.75859,0.3,0.3,0.0,0.0,0.0,0.0,0.0,0.0,0.28571,0,0,0.33569,-1.02,1.16385,0.0,0.0,0.0,0.0,0.0,0.0
4ogwhjd6d9avz0jtafh_0009,0.2857142857142857,8,28	0.55851,1.6516,-0.05866,-1.37548,-0.5617,0.61421,0.51528,0.41902,1.39558,0.98618,102.45355,28.75493,83.23998,290.03875,0.3,0.3,0.0,0.0,0.0,0.0,0.0,0.0,0.28571,0,0,0.19302,0.0,1.76371,0.0,0.0,0.0,0.0,0.0,0.0
1f69an8lxtjnigdn8ufb_0002,0.2857142857142857,8,28	0.55851,1.6516,0.15767,1.15669,0.1254,-0.19956,0.20668,0.34099,1.54901,0.98075,105.36214,30.53446,111.20878,115.67051,0.3,0.3,0.0,0.0,0.0,0.0,0.0,0.0,0.28571,0,0,0.15959,-0.59999,1.56718,0.0,0.0,0.0,0.0,0.0,0.0
1jd8ggtwb39tleia7q75_0006,0.2857142857142857,8,28	0.55851,1.6516,0.01339,1.16254,1.06577,-0.418,0.19175,0.07954,1.66617,1.13378,104.67235,28.26984,257.67385,291.27941,0.3,0.3,0.0,0.0,0.0,0.0,0.0,0.0,0.28571,0,0,0.25771,-0.96,0.79052,0.0,0.0,1.0,0.0,0.0,0.0
1jd8ggtwb39tleia7q75_0007,0.2857142857142857,8,28	0.55851,1.6516,-1.33346,-0.22745,-0.01366,-0.418,0.47714,0.07253,1.58921,0.98952,118.52088,18.07492,259.84161,119.30555,0.3,0.3,0.0,0.0,0.0,0.0,0.0,0.0,0.28571,0,0,0.72213,-24.61999,0.86947,0.0,0.0,1.0,0.0,0.0,0.0
14ojn2sxzbs2tan2n8s3_0005,0.2857142857142857,8,28	0.55851,1.6516,2.82066,-0.07487,0.46877,0.35124,0.33867,0.18161,1.30245,0.97721,114.92212,29.5,103.91132,118.8,0.3,0.3,0.0,0.0,0.0,0.0,0.0,0.0,0.28571,0,0,0.05196,0.0,3.32474,0.0,1.0,0.0,0.0,0.0,0.0
14ojn2sxzbs2tan2n8s3_0006,0.2857142857142857,8,28	0.55851,1.6516,0.48287,-0.34713,1.46421,0.35124,0.34369,0.34464,1.44239,0.90293,120.9333,25.33873,107.63838,122.47935,0.3,0.3,0.0,0.0,0.0,0.0,0.0,0.0,0.28571,0,0,0.19371,-0.67999,1.40728,0.0,0.0,0.0,0.0,0.0,0.0
3k0h8dp5eipoalhazv1_0016,0.2857142857142857,8,28	0.55851,1.6516,-4.053,0.17048,-0.05854,0.09133,0.29572,0.25783,1.65738,0.82634,118.72793,12.03868,260.83141,124.10656,0.3,0.3,0.0,0.0,0.0,0.0,0.0,0.0,0.28571,0,0,0.59808,-12.17999,0.93738,0.0,0.0,1.0,0.0,0.0,0.0
4wvw0e299k4ih7oavhh_0000,0.2857142857142857,8,28	0.55851,1.6516,-0.99106,0.59087,0.34298,0.45115,0.40058,0.11952,1.50887,0.97248,109.93969,13.48445,71.77395,71.36478,0.3,0.3,0.0,0.0,0.0,0.0,0.0,0.0,0.28571,0,0,0.18929,-1.44,1.77362,0.0,0.0,0.0,0.0,0.0,0.0
1kyzzgv0n5vbvic1ahlt_0003,0.2857142857142857,8,28	0.55851,1.6516,8.73648,0.09983,0.08131,-0.32499,0.33898,0.38889,1.10073,1.03098,106.88387,18.84077,78.29212,235.59238,0.3,0.3,0.0,0.0,0.0,0.0,0.0,0.0,0.28571,0,0,0.01843,0.0,8.91773,0.0,0.0,1.0,1.0,0.0,0.0
1kyzzgv0n5vbvic1ahlt_0006,0.2857142857142857,8,28	0.55851,1.6516,1.5458,-0.07325,0.23816,-0.32499,0.14174,0.22509,1.66863,1.03341,111.73975,13.84264,288.76416,62.64515,0.3,0.3,0.0,0.0,0.0,0.0,0.0,0.0,0.28571,0,0,0.09589,0.0,2.33577,0.0,0.0,1.0,0.0,0.0,0.0
1jadassuqpf3mvc00cpv_0003,0.2857142857142857,8,28	0.55851,1.6516,2.54195,0.34327,0.31135,-0.33872,0.32334,0.29064,1.22582,0.99373,120.08555,16.39759,253.21178,121.23517,0.3,0.3,0.0,0.0,0.0,0.0,0.0,0.0,0.28571,0,0,0.14853,-5.37999,2.78986,0.0,0.0,1.0,2.0,0.0,0.0
1jadassuqpf3mvc00cpv_0005,0.2857142857142857,8,28	0.55851,1.6516,1.49149,0.85929,1.10279,-0.33872,0.46682,0.29951,1.24221,1.18264,103.32919,15.49118,255.91337,306.89524,0.3,0.3,0.0,0.0,0.0,0.0,0.0,0.0,0.28571,0,0,0.1242,-0.78,2.01284,0.0,0.0,1.0,2.0,0.0,0.0
1jadassuqpf3mvc00cpv_0008,0.2857142857142857,8,28	0.55851,1.6516,0.13675,-0.57873,-1.86789,-0.33872,0.33605,0.41261,1.56029,0.88986,111.8864,24.59134,83.6462,241.27551,0.3,0.3,0.0,0.0,0.0,0.0,0.0,0.0,0.28571,0,0,0.11886,0.0,1.7882,0.0,0.0,1.0,1.0,0.0,0.0
1jadassuqpf3mvc00cpv_0034,0.2857142857142857,8,28	0.55851,1.6516,0.26624,0.97862,-0.80914,0.50226,0.34088,0.3195,1.15102,1.12518,102.74728,13.8747,282.21105,109.2066,0.3,0.3,0.0,0.0,0.0,0.0,0.0,0.0,0.28571,0,0,0.14223,0.0,1.77054,0.0,0.0,1.0,0.0,0.0,0.0
1jadassuqpf3mvc00cpv_0043,0.2857142857142857,8,28	0.55851,1.6516,-0.01718,1.41611,0.16172,-0.33872,0.52352,0.24796,1.52897,1.12717,104.7527,30.53285,264.92451,299.02304,0.3,0.3,0.0,0.0,0.0,0.0,0.0,0.0,0.28571,0,0,0.20902,-0.55999,1.55063,0.0,0.0,1.0,0.0,0.0,0.0
1jadassuqpf3mvc00cpv_0046,0.2857142857142857,8,28	0.55851,1.6516,-3.25664,-0.16273,-0.5581,0.37816,0.51031,0.18511,1.61577,1.09975,117.39949,26.83993,257.89053,108.36545,0.3,0.3,0.0,0.0,0.0,0.0,0.0,0.0,0.28571,0,0,0.08688,0.0,3.69823,0.0,0.0,0.0,0.0,0.0,0.0
5ikf6atcj3epo4r3f6h_0006,0.27586206896551724,8,29	0.55851,1.6516,1.21754,0.46076,0.68146,-0.8032,0.41674,0.21745,1.25473,1.02232,111.4,26.56002,122.4,119.03626,0.3,0.3,0.0,0.0,0.0,0.0,0.0,0.0,0.27586,0,0,2.54304,-1.54,0.36958,0.0,1.0,1.0,1.0,0.0,0.0
5ikf6atcj3epo4r3f6h_0007,0.27586206896551724,8,29	0.55851,1.6516,2.41365,0.08461,0.71925,-0.82025,0.44993,0.32404,1.7085,0.7845,108.7,19.12019,97.2,245.40817,0.3,0.3,0.0,0.0,0.0,0.0,0.0,0.0,0.27586,0,0,0.43842,-3.35999,1.19772,0.0,1.0,1.0,1.0,0.0,0.0
5ikf6atcj3epo4r3f6h_0034,0.27586206896551724,8,29	0.55851,1.6516,1.74173,0.46539,0.42308,-0.82025,0.39185,0.42352,1.109,0.89043,120.4,15.47533,295.2,247.30345,0.3,0.3,0.0,0.0,0.0,0.0,0.0,0.0,0.27586,0,0,1.99538,-2.35999,0.49254,0.0,1.0,0.0,0.0,0.0,0.0
1bj3vrfrgvfdk3gqcttb_0002,0.27586206896551724,8,29	0.55851,1.6516,5.19023,-0.06839,0.35013,0.45805,0.30794,0.40103,1.30867,0.91199,121.11032,18.88211,74.83309,306.33607,0.3,0.3,0.0,0.0,0.0,0.0,0.0,0.0,0.27586,0,0,0.03907,0.0,5.4825,0.0,0.0,0.0,0.0,0.0,0.0
1cf83tis2v9k6y8hj07i_0002,0.27586206896551724,8,29	0.55851,1.6516,2.77013,0.32201,0.42532,-0.05726,0.31447,0.38453,1.2867,1.12045,104.07932,16.27375,288.98141,116.7262,0.3,0.3,0.0,0.0,0.0,0.0,0.0,0.0,0.27586,0,0,2.13462,-3.27999,0.44221,0.0,0.0,0.0,0.0,0.0,0.0
6d97rdj1xls3r5swme5_0006,0.27586206896551724,8,29	0.55851,1.6516,9.07474,0.03877,0.182,-0.39117,0.34488,0.35021,1.48819,0.98334,112.65058,22.97461,65.46881,298.38378,0.3,0.3,0.0,0.0,0.0,0.0,0.0,0.0,0.27586,0,0,30.65295,-8.62,0.09916,0.0,0.0,1.0,0.0,0.0,0.0
14ojn2sxzbs2tan2n8s3_0000,0.27586206896551724,8,29	0.55851,1.6516,1.26413,-0.12574,0.24213,0.24047,0.10974,0.40931,1.34729,0.98746,113.10122,12.39999,108.50335,302.4,0.3,0.3,0.0,0.0,0.0,0.0,0.0,0.0,0.27586,0,0,0.11828,0.0,2.1611,0.0,1.0,1.0,1.0,0.0,0.0
4120zkeydvj7vae86v7_0002,0.27586206896551724,8,29	0.55851,1.6516,3.77214,-0.17081,0.50241,-0.30819,0.51945,0.37911,1.71881,1.08997,109.375,33.8125,67.08074,125.21739,0.3,0.3,0.0,0.0,0.0,0.0,0.0,0.0,0.27586,0,0,0.4013,-5.07999,1.32567,0.0,1.0,1.0,3.0,0.0,0.0
4120zkeydvj7vae86v7_0003,0.27586206896551724,8,29	0.55851,1.6516,3.77214,-0.17081,0.50241,-0.30819,0.51945,0.37911,1.71881,1.08997,109.375,33.8125,67.08074,125.21739,0.3,0.3,0.0,0.0,0.0,0.0,0.0,0.0,0.27586,0,0,0.4013,-5.07999,1.32567,0.0,1.0,1.0,2.0,0.0,0.0
6d97rdj1xls3r5swme5_0002,0.26666666666666666,8,30	0.55851,1.6516,5.15259,-0.04181,0.23515,-0.39117,0.3889,0.35878,1.19938,1.20738,111.09247,27.99724,68.44948,53.95975,0.3,0.3,0.0,0.0,0.0,0.0,0.0,0.0,0.26666,0,0,0.03821,0.0,5.44987,0.0,0.0,1.0,1.0,0.0,0.0
1f69an8lxtjnigdn8ufb_0001,0.25925925925925924,7,27	0.55851,1.6516,-0.00692,0.53614,2.04698,-0.19956,0.3547,0.29362,1.54867,1.14604,104.61316,27.42608,291.85853,300.65863,0.3,0.3,0.0,0.0,0.0,0.0,0.0,0.0,0.25925,0,0,0.81226,-0.7,0.56141,0.0,0.0,0.0,0.0,0.0,0.0
1p1oatiswbv8ef54bun4_0000,0.25925925925925924,7,27	0.55851,1.6516,0.88175,1.24384,0.95267,0.45499,0.50912,0.37822,1.4686,1.16628,110.5243,22.46389,262.11832,113.73078,0.3,0.3,0.0,0.0,0.0,0.0,0.0,0.0,0.25925,0,0,0.19078,-0.65999,1.62047,0.0,0.0,0.0,0.0,0.0,0.0
1kyzzgv0n5vbvic1ahlt_0005,0.25925925925925924,7,27	0.55851,1.6516,2.78129,0.15236,0.00146,-0.32499,0.24989,0.14738,1.2583,0.83601,112.67772,16.33548,104.01959,107.35889,0.3,0.3,0.0,0.0,0.0,0.0,0.0,0.0,0.25925,0,0,0.52443,-5.75999,0.89164,0.0,0.0,1.0,0.0,0.0,0.0
1jadassuqpf3mvc00cpv_0033,0.25925925925925924,7,27	0.55851,1.6516,1.48773,-0.91081,0.37315,0.50226,0.19764,0.29374,1.21941,0.9265,119.54472,19.52213,68.56418,71.49899,0.3,0.3,0.0,0.0,0.0,0.0,0.0,0.0,0.25925,0,0,0.09256,-0.9,1.99639,0.0,0.0,1.0,0.0,0.0,0.0
5ikf6atcj3epo4r3f6h_0014,0.25,7,28	0.55851,1.6516,-0.22917,0.38077,0.59232,0.63159,0.41674,0.21745,1.57443,1.02232,111.4,26.5,115.2,147.6,0.3,0.3,0.0,0.0,0.0,0.0,0.0,0.0,0.25,0,0,0.42218,-1.54,1.14503,0.0,1.0,1.0,0.0,0.0,0.0
5ikf6atcj3epo4r3f6h_0018,0.25,7,28	0.55851,1.6516,-0.68752,0.5077,0.59232,0.63159,0.41259,0.36312,1.48162,1.02232,109.9,26.5,241.2,147.6,0.3,0.3,0.0,0.0,0.0,0.0,0.0,0.0,0.25,0,0,0.61535,-1.9,1.01322,0.0,1.0,1.0,0.0,0.0,0.0
16cvgzuusdhvzihh7tl3_0007,0.25,7,28	0.55851,1.6516,-0.23651,1.37539,1.99047,0.80642,0.14666,0.38806,1.39161,1.08645,108.78095,12.91829,283.25591,242.73443,0.3,0.3,0.0,0.0,0.0,0.0,0.0,0.0,0.25,0,0,0.95077,-0.65999,0.45809,0.0,0.0,1.0,0.0,0.0,0.0
16cvgzuusdhvzihh7tl3_0014,0.25,7,28	0.55851,1.6516,0.81843,1.78391,1.64562,-0.73453,0.42077,0.06945,1.39659,1.01108,105.63243,20.54788,102.25741,115.9678,0.3,0.3,0.0,0.0,0.0,0.0,0.0,0.0,0.25,0,0,0.25335,-0.65999,0.85186,0.0,0.0,1.0,0.0,0.0,0.0
5piu2o5yv3ztophcgi7_0006,0.25,7,28	0.55851,1.6516,0.37449,-0.02318,0.14827,0.34557,0.18131,0.37732,1.14492,1.17014,113.40721,24.46068,110.94923,123.96287,0.3,0.3,0.0,0.0,0.0,0.0,0.0,0.0,0.25,0,0,0.57015,-4.23999,1.08354,0.0,0.0,1.0,0.0,0.0,0.0
694lvd0wlwbcddkbj2r_0002,0.25,7,28	0.55851,1.6516,1.55887,0.46419,1.33441,0.32597,0.41801,0.17912,1.6222,0.86707,115.71283,28.39654,68.89458,62.05229,0.3,0.3,0.0,0.0,0.0,0.0,0.0,0.0,0.25,0,0,0.2301,-1.38,1.28309,0.0,0.0,0.0,0.0,0.0,0.0
1jd8ggtwb39tleia7q75_0002,0.25,7,28	0.55851,1.6516,0.00593,1.20162,1.27108,0.75846,0.44997,0.31258,1.43944,1.19706,120.65121,17.21327,105.45222,300.42404,0.3,0.3,0.0,0.0,0.0,0.0,0.0,0.0,0.25,0,0,0.97068,-0.88,0.61058,0.0,0.0,1.0,1.0,0.0,0.0
1jd8ggtwb39tleia7q75_0012,0.25,7,28	0.55851,1.6516,3.2473,-0.91402,0.44465,0.75846,0.5026,0.42071,1.46618,1.11867,103.23378,24.62686,247.41601,124.30264,0.3,0.3,0.0,0.0,0.0,0.0,0.0,0.0,0.25,0,0,0.05001,0.0,3.70022,0.0,0.0,1.0,0.0,0.0,0.0
3k0h8dp5eipoalhazv1_0011,0.25,7,28	0.55851,1.6516,2.49104,-0.53871,0.42308,0.3135,0.47565,0.35246,1.39213,1.09509,119.3125,19.0,263.85093,125.99999,0.3,0.3,0.0,0.0,0.0,0.0,0.0,0.0,0.25,0,0,0.20468,-2.93999,1.92456,0.0,1.0,1.0,0.0,0.0,0.0
4wvw0e299k4ih7oavhh_0003,0.25,7,28	0.55851,1.6516,-0.30907,-0.85188,-0.18762,0.45115,0.3561,0.38385,1.23871,0.86521,116.03513,27.62246,278.24301,289.47116,0.3,0.3,0.0,0.0,0.0,0.0,0.0,0.0,0.25,0,0,0.2393,0.0,1.77805,0.0,0.0,0.0,0.0,0.0,0.0
1kyzzgv0n5vbvic1ahlt_0007,0.25,7,28	0.55851,1.6516,0.84884,0.19517,-0.22118,-0.32499,0.32962,0.12357,1.37589,1.06292,118.21822,22.7536,257.66029,241.09608,0.3,0.3,0.0,0.0,0.0,0.0,0.0,0.0,0.25,0,0,0.46923,-11.53999,1.0945,0.0,0.0,1.0,0.0,0.0,0.0
1jadassuqpf3mvc00cpv_0006,0.25,7,28	0.55851,1.6516,0.40541,0.23939,1.61568,0.4754,0.2896,0.21269,1.43886,0.8967,108.49322,12.58385,82.5698,300.8152,0.3,0.3,0.0,0.0,0.0,0.0,0.0,0.0,0.25,0,0,0.33882,-0.88,0.8897,0.0,0.0,1.0,1.0,0.0,0.0
1jadassuqpf3mvc00cpv_0010,0.25,7,28	0.55851,1.6516,0.27158,-0.40804,1.93813,0.4754,0.47479,0.37038,1.40619,0.97143,108.25587,16.84096,279.33101,244.61162,0.3,0.3,0.0,0.0,0.0,0.0,0.0,0.0,0.25,0,0,0.39082,-0.7,0.98867,0.0,0.0,1.0,1.0,0.0,0.0
1jadassuqpf3mvc00cpv_0011,0.25,7,28	0.55851,1.6516,-1.15414,-0.35604,-0.20213,0.4754,0.46086,0.34443,1.25971,1.18611,103.52764,30.36125,246.9985,291.58033,0.3,0.3,0.0,0.0,0.0,0.0,0.0,0.0,0.25,0,0,0.24006,0.0,2.10304,0.0,0.0,1.0,1.0,0.0,0.0
1jadassuqpf3mvc00cpv_0023,0.25,7,28	0.55851,1.6516,-0.49967,0.40977,-0.12702,0.56315,0.1736,0.27603,1.27996,1.09928,107.44582,15.98155,276.39294,122.37917,0.3,0.3,0.0,0.0,0.0,0.0,0.0,0.0,0.25,0,0,0.29281,0.0,1.81443,0.0,0.0,1.0,0.0,0.0,0.0
1jadassuqpf3mvc00cpv_0025,0.25,7,28	0.55851,1.6516,5.78309,0.59509,0.8797,0.56315,0.46358,0.41017,1.58593,0.89302,112.88645,23.45237,95.65886,118.03573,0.3,0.3,0.0,0.0,0.0,0.0,0.0,0.0,0.25,0,0,0.03961,-3.73999,4.2042,0.0,0.0,1.0,0.0,0.0,0.0
4120zkeydvj7vae86v7_0001,0.25,7,28	0.55851,1.6516,3.77214,-0.17081,0.44953,-0.30819,0.48338,0.34358,1.60351,0.96696,103.9375,24.4375,67.08074,219.13043,0.3,0.3,0.0,0.0,0.0,0.0,0.0,0.0,0.25,0,0,0.45183,-5.27999,1.205,0.0,1.0,1.0,3.0,0.0,0.0
5ikf6atcj3epo4r3f6h_0017,0.2413793103448276,7,29	0.55851,1.6516,-0.68752,0.5077,0.59232,0.63159,0.41259,0.36312,1.48162,1.02232,109.9,26.5,262.8,147.6,0.3,0.3,0.0,0.0,0.0,0.0,0.0,0.0,0.24137,0,0,0.61535,-1.9,1.01322,0.0,1.0,1.0,0.0,0.0,0.0
3gxn7gtlr2rurhdi47y_0004,0.2413793103448276,7,29	0.55851,1.6516,0.49495,-0.37886,0.93908,-0.14843,0.39343,0.26871,1.23389,0.91044,105.03937,18.1551,291.0728,240.01472,0.3,0.3,0.0,0.0,0.0,0.0,0.0,0.0,0.24137,0,0,0.58814,-1.48,0.9097,0.0,0.0,1.0,0.0,0.0,0.0
1kyzzgv0n5vbvic1ahlt_0000,0.2413793103448276,7,29	0.55851,1.6516,0.68752,0.18038,-0.27877,-0.32499,0.4442,0.3464,1.37589,1.06292,118.21822,22.7536,257.66029,241.09608,0.3,0.3,0.0,0.0,0.0,0.0,0.0,0.0,0.24137,0,0,0.79054,-11.37999,0.91525,0.0,1.0,0.0,2.0,0.0,0.0
1jadassuqpf3mvc00cpv_0029,0.2413793103448276,7,29	0.55851,1.6516,-0.13908,-0.89762,0.90866,0.4754,0.46655,0.17042,1.36677,0.96858,109.26003,18.56764,280.09694,248.22159,0.3,0.3,0.0,0.0,0.0,0.0,0.0,0.0,0.24137,0,0,0.20815,-0.74,1.50855,0.0,0.0,1.0,0.0,0.0,0.0
45dvhif7hojwfu495a0_0000,0.23333333333333334,7,30	0.55851,1.6516,-2.77573,0.38104,0.52886,-0.90171,0.10974,0.42352,0.76439,1.12585,115.9,30.0625,251.99999,136.39751,0.3,0.3,0.0,0.0,0.0,0.0,0.0,0.0,0.23333,0,0,1.58685,-2.73999,0.45045,0.0,1.0,1.0,2.0,0.0,0.0
5ikf6atcj3epo4r3f6h_0027,0.2222222222222222,6,27	0.55851,1.6516,-0.24092,0.12431,0.14384,0.63159,0.39754,0.14253,1.5831,1.01338,115.79361,13.61059,249.31458,112.28385,0.3,0.3,0.0,0.0,0.0,0.0,0.0,0.0,0.22222,0,0,0.82125,-4.15999,0.85479,0.0,0.0,1.0,0.0,0.0,0.0
5piu2o5yv3ztophcgi7_0003,0.2222222222222222,6,27	0.55851,1.6516,1.97554,0.22336,-0.21154,0.34557,0.49971,0.37378,1.469,1.08997,110.125,26.875,71.55279,228.07453,0.3,0.3,0.0,0.0,0.0,0.0,0.0,0.0,0.22222,0,0,0.88592,-6.26,0.88203,0.0,1.0,1.0,0.0,0.0,0.0
1cf83tis2v9k6y8hj07i_0000,0.2222222222222222,6,27	0.55851,1.6516,-0.0102,0.79674,0.99314,0.74377,0.42072,0.12268,1.16866,0.92472,105.83057,22.86278,82.85691,108.87379,0.3,0.3,0.0,0.0,0.0,0.0,0.0,0.0,0.22222,0,0,0.38558,-1.0,0.92558,0.0,0.0,0.0,0.0,0.0,0.0
1ny7fmm5hkuiyo4nz73h_0004,0.2222222222222222,6,27	0.55851,1.6516,1.77418,0.42447,0.56475,0.30801,0.33902,0.41464,1.37478,0.86534,116.31898,12.9165,113.70463,71.24941,0.3,0.3,0.0,0.0,0.0,0.0,0.0,0.0,0.22222,0,0,0.21243,-2.65999,1.93771,0.0,0.0,1.0,0.0,0.0,0.0
5ikf6atcj3epo4r3f6h_0021,0.21428571428571427,6,28	0.55851,1.6516,2.01674,-0.05077,-0.02569,-0.8032,0.32962,0.20324,1.20886,0.99033,102.95516,28.76712,279.76998,233.57686,0.3,0.3,0.0,0.0,0.0,0.0,0.0,0.0,0.21428,0,0,0.5191,-4.71999,1.02392,0.0,1.0,1.0,0.0,0.0,0.0
4ogwhjd6d9avz0jtafh_0012,0.21428571428571427,6,28	0.55851,1.6516,0.49687,-0.06176,1.00087,-0.66288,0.46407,0.29453,1.59334,1.04258,119.82354,21.05259,71.91585,123.79949,0.3,0.3,0.0,0.0,0.0,0.0,0.0,0.0,0.21428,0,0,0.2493,-0.88,1.4734,0.0,0.0,0.0,0.0,0.0,0.0
5piu2o5yv3ztophcgi7_0000,0.21428571428571427,6,28	0.55851,1.6516,1.97554,0.09197,0.89906,0.34557,0.49971,0.37378,1.469,1.08997,110.125,26.875,71.55279,228.07453,0.3,0.3,0.0,0.0,0.0,0.0,0.0,0.0,0.21428,0,0,0.36417,-2.47999,1.3687,0.0,1.0,1.0,1.0,0.0,0.0
5piu2o5yv3ztophcgi7_0007,0.21428571428571427,6,28	0.55851,1.6516,-0.2617,0.95149,0.74361,0.34557,0.47626,0.36452,1.53732,1.12549,116.3852,31.31509,246.83881,70.40814,0.3,0.3,0.0,0.0,0.0,0.0,0.0,0.0,0.21428,0,0,0.91954,-1.22,0.73949,0.0,0.0,1.0,0.0,0.0,0.0
1jd8ggtwb39tleia7q75_0017,0.21428571428571427,6,28	0.55851,1.6516,-1.3431,-1.02735,0.24935,-0.00582,0.49385,0.12003,1.24304,1.11406,106.49907,16.42428,102.96889,61.2142,0.3,0.3,0.0,0.0,0.0,0.0,0.0,0.0,0.21428,0,0,0.10453,-0.59999,2.04525,0.0,0.0,0.0,0.0,0.0,0.0
6d97rdj1xls3r5swme5_0005,0.21428571428571427,6,28	0.55851,1.6516,6.02897,0.20159,0.00748,-0.39117,0.28364,0.14214,1.27729,1.09222,103.78679,29.06355,259.29189,53.47542,0.3,0.3,0.0,0.0,0.0,0.0,0.0,0.0,0.21428,0,0,0.01774,0.0,6.28661,0.0,0.0,1.0,0.0,0.0,0.0
z0bh9a83do5i3a6bzmj_0000,0.21428571428571427,6,28	0.55851,1.6516,-0.59914,-0.08623,-0.07014,-0.63796,0.36952,0.39672,1.43156,0.96927,119.33435,19.55902,76.01772,305.21457,0.3,0.3,0.0,0.0,0.0,0.0,0.0,0.0,0.21428,0,0,0.36149,-13.85999,1.4435,0.0,0.0,0.0,0.0,0.0,0.0
14ojn2sxzbs2tan2n8s3_0004,0.21428571428571427,6,28	0.55851,1.6516,2.82066,-0.07487,0.46877,0.35124,0.33867,0.18161,1.61079,1.13736,114.92212,29.56975,103.91132,121.07341,0.3,0.3,0.0,0.0,0.0,0.0,0.0,0.0,0.21428,0,0,0.05196,0.0,3.32474,0.0,0.0,0.0,0.0,0.0,0.0
3k0h8dp5eipoalhazv1_0015,0.21428571428571427,6,28	0.55851,1.6516,0.39948,0.03085,1.85289,0.09133,0.38855,0.21952,1.26867,1.10084,105.50754,19.77997,112.97754,54.97094,0.3,0.3,0.0,0.0,0.0,0.0,0.0,0.0,0.21428,0,0,0.81267,-0.78,0.56675,0.0,0.0,1.0,0.0,0.0,0.0
3k0h8dp5eipoalhazv1_0021,0.21428571428571427,6,28	0.55851,1.6516,-0.13166,1.40185,1.60353,0.3135,0.45273,0.29275,1.55221,0.90893,103.98085,22.87103,101.15759,234.31799,0.3,0.3,0.0,0.0,0.0,0.0,0.0,0.0,0.21428,0,0,0.88826,-0.74,0.58633,0.0,0.0,1.0,0.0,0.0,0.0
3bql4h2x74ju5yb991j_0003,0.21428571428571427,6,28	0.55851,1.6516,4.34741,0.05387,0.10367,-0.87529,0.50688,0.28459,1.26215,1.02058,103.99021,21.19448,105.81465,65.66279,0.3,0.3,0.0,0.0,0.0,0.0,0.0,0.0,0.21428,0,0,104.88573,-6.98,0.05581,0.0,0.0,0.0,0.0,0.0,0.0
1jadassuqpf3mvc00cpv_0048,0.21428571428571427,6,28	0.55851,1.6516,5.10194,-0.10425,0.24158,-0.06247,0.3205,0.23532,1.49827,0.84735,105.25989,27.35274,279.77955,299.25635,0.3,0.3,0.0,0.0,0.0,0.0,0.0,0.0,0.21428,0,0,0.11639,-29.99999,3.22324,0.0,0.0,0.0,0.0,0.0,0.0
1jadassuqpf3mvc00cpv_0049,0.21428571428571427,6,28	0.55851,1.6516,0.69444,0.11886,1.04192,-0.06247,0.29475,0.37641,1.22718,1.14326,110.99372,28.97081,245.67602,248.71602,0.3,0.3,0.0,0.0,0.0,0.0,0.0,0.0,0.21428,0,0,0.17768,-0.74,1.61566,0.0,0.0,0.0,0.0,0.0,0.0
1pmkl5g7v0x25rz84a_0001,0.21428571428571427,6,28	0.55851,1.6516,0.20076,1.0587,1.89477,0.45499,0.28754,0.08377,1.21918,0.96184,104.125,28.7655,237.01863,302.83576,0.3,0.3,0.0,0.0,0.0,0.0,0.0,0.0,0.21428,0,0,0.57,-0.67999,0.51053,0.0,1.0,0.0,0.0,0.0,0.0
3k0h8dp5eipoalhazv1_0004,0.20689655172413793,6,29	0.55851,1.6516,2.54776,-0.02246,0.07427,0.3135,0.36635,0.22903,1.21299,0.88912,118.79624,27.60849,82.00676,125.29912,0.3,0.3,0.0,0.0,0.0,0.0,0.0,0.0,0.20689,0,0,0.36396,-29.99999,1.35659,0.0,0.0,1.0,1.0,0.0,0.0
3k0h8dp5eipoalhazv1_0019,0.20689655172413793,6,29	0.55851,1.6516,1.44814,0.74671,0.93208,0.3135,0.33054,0.28953,1.63296,0.85304,118.6254,27.30425,280.97388,301.25958,0.3,0.3,0.0,0.0,0.0,0.0,0.0,0.0,0.20689,0,0,0.10889,-0.76,2.06178,0.0,0.0,1.0,0.0,0.0,0.0
1jadassuqpf3mvc00cpv_0031,0.2,6,30	0.55851,1.6516,0.80242,-0.22495,-0.17983,0.4754,0.32442,0.25172,1.39882,1.09172,114.49072,12.72754,279.77607,64.04061,0.3,0.3,0.0,0.0,0.0,0.0,0.0,0.0,0.2,0,0,0.52427,-10.89999,1.07383,0.0,0.0,1.0,0.0,0.0,0.0
1pmkl5g7v0x25rz84a_0000,0.2,6,30	0.55851,1.6516,0.20076,1.0587,1.89477,0.45499,0.27762,0.07426,1.45769,1.0776,110.94013,28.7655,279.31456,302.83576,0.3,0.3,0.0,0.0,0.0,0.0,0.0,0.0,0.2,0,0,0.53827,-0.67999,0.51237,0.0,0.0,0.0,0.0,0.0,0.0
45dvhif7hojwfu495a0_0001,0.18518518518518517,5,27	0.55851,1.6516,-2.77573,0.40732,0.50241,-0.90171,0.10974,0.42352,1.27683,0.80295,113.125,22.9375,237.01863,127.45341,0.3,0.3,0.0,0.0,0.0,0.0,0.0,0.0,0.18518,0,0,1.24505,-2.77999,0.51629,0.0,1.0,1.0,1.0,0.0,0.0
1oow0apvi70dzcw7ueyz_0001,0.18518518518518517,5,27	0.55851,1.6516,0.43409,1.34365,1.7052,0.45499,0.32023,0.36329,1.67752,0.97613,106.11329,24.88018,252.23813,233.86467,0.3,0.3,0.0,0.0,0.0,0.0,0.0,0.0,0.18518,0,0,1.00721,-0.74,0.5165,0.0,0.0,0.0,0.0,0.0,0.0
1ny7fmm5hkuiyo4nz73h_0000,0.18518518518518517,5,27	0.55851,1.6516,1.81917,0.1541,0.56892,0.30801,0.47728,0.26022,1.14419,0.90256,118.79423,18.64137,102.20508,244.2498,0.3,0.3,0.0,0.0,0.0,0.0,0.0,0.0,0.18518,0,0,0.26737,-3.53999,1.69531,0.0,0.0,1.0,1.0,0.0,0.0
6d97rdj1xls3r5swme5_0004,0.18518518518518517,5,27	0.55851,1.6516,-0.57513,0.56777,0.47147,-0.39117,0.44077,0.34851,1.5607,1.08503,120.88433,25.68805,101.51309,302.10009,0.3,0.3,0.0,0.0,0.0,0.0,0.0,0.0,0.18518,0,0,1.02681,-1.6,0.72031,0.0,0.0,1.0,0.0,0.0,0.0
3k0h8dp5eipoalhazv1_0007,0.18518518518518517,5,27	0.55851,1.6516,0.70515,1.8821,1.82821,0.3135,0.47858,0.0821,1.61619,0.8719,120.12001,31.50981,287.68037,114.89488,0.3,0.3,0.0,0.0,0.0,0.0,0.0,0.0,0.18518,0,0,0.25932,-0.59999,0.8835,0.0,0.0,1.0,1.0,0.0,0.0
5ikf6atcj3epo4r3f6h_0015,0.17857142857142858,5,28	0.55851,1.6516,-0.22917,0.38077,0.59232,0.63159,0.41674,0.21745,1.57443,1.02232,97.0,26.5,115.2,147.6,0.3,0.3,0.0,0.0,0.0,0.0,0.0,0.0,0.17857,0,0,0.42218,-1.54,1.14503,0.0,1.0,1.0,0.0,0.0,0.0
4ogwhjd6d9avz0jtafh_0023,0.17857142857142858,5,28	0.55851,1.6516,-1.17513,0.84472,-1.38604,-0.03816,0.33461,0.17839,1.43665,0.90358,104.96962,29.62011,82.74409,293.84899,0.3,0.3,0.0,0.0,0.0,0.0,0.0,0.0,0.17857,0,0,0.07038,0.0,2.11956,0.0,0.0,0.0,0.0,0.0,0.0
45dvhif7hojwfu495a0_0004,0.17857142857142858,5,28	0.55851,1.6516,1.63697,0.51243,0.71396,-0.90171,0.16643,0.42352,0.76439,1.12585,117.4375,29.87747,145.34161,245.07473,0.3,0.3,0.0,0.0,0.0,0.0,0.0,0.0,0.17857,0,0,2.70832,-1.68,0.34016,0.0,1.0,1.0,0.0,0.0,0.0
1oow0apvi70dzcw7ueyz_0000,0.17857142857142858,5,28	0.55851,1.6516,2.12874,-0.0358,0.8868,0.45499,0.325,0.38702,1.61073,0.98602,117.75967,14.50916,65.24263,117.00217,0.3,0.3,0.0,0.0,0.0,0.0,0.0,0.0,0.17857,0,0,0.11649,-1.34,2.53075,0.0,0.0,0.0,0.0,0.0,0.0
16cvgzuusdhvzihh7tl3_0013,0.17857142857142858,5,28	0.55851,1.6516,-1.35203,0.03197,-0.65485,-0.73453,0.43572,0.29553,1.36956,0.99354,110.02454,24.97601,264.4729,237.84867,0.3,0.3,0.0,0.0,0.0,0.0,0.0,0.0,0.17857,0,0,0.15911,0.0,2.20767,0.0,0.0,1.0,0.0,0.0,0.0
1p1oatiswbv8ef54bun4_0002,0.17857142857142858,5,28	0.55851,1.6516,3.40218,0.23863,0.37121,-0.53772,0.32139,0.37425,1.63671,0.98269,104.59824,25.54383,84.64407,57.28016,0.3,0.3,0.0,0.0,0.0,0.0,0.0,0.0,0.17857,0,0,0.57779,-5.75999,0.99799,0.0,0.0,0.0,0.0,0.0,0.0
1p1oatiswbv8ef54bun4_0003,0.17857142857142858,5,28	0.55851,1.6516,0.1331,1.04597,2.08242,-0.53772,0.4239,0.07334,1.37722,0.87546,110.73028,31.86056,114.02956,55.8354,0.3,0.3,0.0,0.0,0.0,0.0,0.0,0.0,0.17857,0,0,4.17391,-0.67999,0.20881,0.0,0.0,0.0,0.0,0.0,0.0
5piu2o5yv3ztophcgi7_0004,0.17857142857142858,5,28	0.55851,1.6516,1.37505,-0.11825,0.60818,0.34557,0.43526,0.23752,1.32775,0.90806,119.875,23.3125,301.86335,199.00621,0.3,0.3,0.0,0.0,0.0,0.0,0.0,0.0,0.17857,0,0,0.8746,-1.78,0.70482,0.0,1.0,1.0,0.0,0.0,0.0
5piu2o5yv3ztophcgi7_0008,0.17857142857142858,5,28	0.55851,1.6516,1.37505,-0.11825,0.60818,0.34557,0.43526,0.23752,1.32775,0.90806,119.875,23.3125,301.86335,199.00621,0.3,0.3,0.0,0.0,0.0,0.0,0.0,0.0,0.17857,0,0,0.8746,-1.78,0.70482,0.0,1.0,0.0,0.0,0.0,0.0
1jd8ggtwb39tleia7q75_0011,0.17857142857142858,5,28	0.55851,1.6516,3.45631,0.16678,0.04081,0.75846,0.13781,0.39326,1.55108,0.89807,114.29148,17.33105,83.68492,123.33771,0.3,0.3,0.0,0.0,0.0,0.0,0.0,0.0,0.17857,0,0,0.05373,0.0,3.88164,0.0,0.0,1.0,0.0,0.0,0.0
3h621efzg2qvm7w9np7_0002,0.17857142857142858,5,28	0.55851,1.6516,0.0,-1.80009,1.98322,-0.14215,0.27981,0.39243,1.68291,1.16008,118.9375,27.56993,120.74534,55.96039,0.3,0.3,0.0,0.0,0.0,0.0,0.0,0.0,0.17857,0,0,0.10641,-0.3,1.51816,0.0,1.0,0.0,0.0,0.0,0.0
1jadassuqpf3mvc00cpv_0018,0.17857142857142858,5,28	0.55851,1.6516,0.88811,-0.13596,1.99531,0.39313,0.4608,0.36802,1.47624,0.85292,118.81399,26.67843,107.80829,69.16949,0.3,0.3,0.0,0.0,0.0,0.0,0.0,0.0,0.17857,0,0,0.16709,-0.57999,1.49979,0.0,0.0,1.0,0.0,0.0,0.0
1jadassuqpf3mvc00cpv_0020,0.17857142857142858,5,28	0.55851,1.6516,0.08464,1.60899,1.94166,0.39313,0.51001,0.29254,1.17638,1.05103,112.15507,18.34396,97.82656,117.01669,0.3,0.3,0.0,0.0,0.0,0.0,0.0,0.0,0.17857,0,0,0.55241,-0.57999,0.71045,0.0,0.0,1.0,0.0,0.0,0.0
1jadassuqpf3mvc00cpv_0026,0.17857142857142858,5,28	0.55851,1.6516,-0.08789,0.81418,1.56619,0.56315,0.31988,0.0835,1.28648,0.98991,109.34947,14.94732,276.24724,241.86996,0.3,0.3,0.0,0.0,0.0,0.0,0.0,0.0,0.17857,0,0,0.43455,-0.82,0.67398,0.0,0.0,1.0,0.0,0.0,0.0
1jadassuqpf3mvc00cpv_0041,0.17857142857142858,5,28	0.55851,1.6516,-0.91083,-0.85323,2.01699,0.87176,0.35159,0.28462,1.59318,0.83158,116.47295,19.3345,263.51247,112.27695,0.3,0.3,0.0,0.0,0.0,0.0,0.0,0.0,0.17857,0,0,0.10586,-0.47999,1.62318,0.0,0.0,1.0,0.0,0.0,0.0
5ikf6atcj3epo4r3f6h_0029,0.1724137931034483,5,29	0.55851,1.6516,0.03783,0.56779,1.70314,0.63159,0.15602,0.36068,1.097,1.1494,113.8106,12.38423,285.70829,238.14392,0.3,0.3,0.0,0.0,0.0,0.0,0.0,0.0,0.17241,0,0,0.40981,-0.76,0.75947,0.0,0.0,1.0,0.0,0.0,0.0
4ogwhjd6d9avz0jtafh_0006,0.1724137931034483,5,29	0.55851,1.6516,0.20832,-1.22054,-1.331,0.45499,0.27319,0.36261,1.49749,1.14579,119.89062,25.15994,263.38957,294.27848,0.3,0.3,0.0,0.0,0.0,0.0,0.0,0.0,0.17241,0,0,0.10051,0.0,1.79065,0.0,0.0,0.0,0.0,0.0,0.0
1oow0apvi70dzcw7ueyz_0003,0.1724137931034483,5,29	0.55851,1.6516,2.12874,-0.0358,0.8868,0.45499,0.32877,0.38799,1.60351,0.98746,117.7,14.50916,64.8,117.00217,0.3,0.3,0.0,0.0,0.0,0.0,0.0,0.0,0.17241,0,0,0.11729,-1.34,2.53015,0.0,1.0,0.0,0.0,0.0,0.0
1jd8ggtwb39tleia7q75_0010,0.1724137931034483,5,29	0.55851,1.6516,-0.50754,0.00155,-0.01602,0.75846,0.32053,0.32872,1.5048,1.04261,107.41554,26.42622,257.24161,53.03128,0.3,0.3,0.0,0.0,0.0,0.0,0.0,0.0,0.17241,0,0,17.39804,-3.35999,0.14513,0.0,0.0,1.0,0.0,0.0,0.0
14ojn2sxzbs2tan2n8s3_0007,0.1724137931034483,5,29	0.55851,1.6516,0.48287,-0.34713,1.46421,0.35124,0.34369,0.34464,1.44036,0.89931,120.9333,19.375,107.63838,120.74534,0.3,0.3,0.0,0.0,0.0,0.0,0.0,0.0,0.17241,0,0,0.19371,-0.67999,1.40728,0.0,1.0,0.0,0.0,0.0,0.0
3k0h8dp5eipoalhazv1_0020,0.1724137931034483,5,29	0.55851,1.6516,1.08182,0.93922,1.21424,0.3135,0.29761,0.09362,1.38051,1.19235,121.8474,23.23943,100.18427,235.1942,0.3,0.3,0.0,0.0,0.0,0.0,0.0,0.0,0.17241,0,0,0.19735,-1.12,1.09787,0.0,0.0,1.0,0.0,0.0,0.0
3gxn7gtlr2rurhdi47y_0005,0.1724137931034483,5,29	0.55851,1.6516,0.13103,0.71874,0.75242,-0.14843,0.35159,0.35001,1.12606,0.95289,119.87282,14.68237,261.79433,113.0317,0.3,0.3,0.0,0.0,0.0,0.0,0.0,0.0,0.17241,0,0,0.41001,-1.04,1.04626,0.0,0.0,1.0,0.0,0.0,0.0
5ikf6atcj3epo4r3f6h_0000,0.16666666666666666,5,30	0.55851,1.6516,2.41365,0.21154,0.71925,-0.8032,0.44993,0.32404,1.55381,0.7845,108.7,19.12019,97.2,245.40817,0.3,0.3,0.0,0.0,0.0,0.0,0.0,0.0,0.16666,0,0,0.43007,-3.27999,1.20348,0.0,1.0,0.0,3.0,0.0,0.0
5ikf6atcj3epo4r3f6h_0009,0.16666666666666666,5,30	0.55851,1.6516,2.41365,0.21154,0.71925,-0.82025,0.44993,0.32404,1.7085,0.7845,108.7,19.12019,97.2,245.40817,0.3,0.3,0.0,0.0,0.0,0.0,0.0,0.0,0.16666,0,0,0.43007,-3.27999,1.20348,0.0,1.0,1.0,1.0,0.0,0.0
1jadassuqpf3mvc00cpv_0037,0.16666666666666666,5,30	0.55851,1.6516,-0.04251,1.25934,-0.46068,0.87176,0.28342,0.32987,1.62346,0.89439,104.58812,31.91407,74.57507,237.99492,0.3,0.3,0.0,0.0,0.0,0.0,0.0,0.0,0.16666,0,0,0.13179,0.0,1.74453,0.0,0.0,1.0,0.0,0.0,0.0
4ogwhjd6d9avz0jtafh_0005,0.14814814814814814,4,27	0.55851,1.6516,2.9546,0.27991,0.37895,0.45499,0.16168,0.26796,1.33694,1.16907,114.92317,12.9332,257.03365,109.81866,0.3,0.3,0.0,0.0,0.0,0.0,0.0,0.0,0.14814,0,0,0.23466,-5.55999,1.41816,0.0,0.0,0.0,0.0,0.0,0.0
4ogwhjd6d9avz0jtafh_0011,0.14814814814814814,4,27	0.55851,1.6516,2.38827,0.05889,-0.46593,-0.66288,0.48693,0.29678,1.151,0.90598,108.07422,12.7834,280.53336,236.74051,0.3,0.3,0.0,0.0,0.0,0.0,0.0,0.0,0.14814,0,0,0.15482,0.0,2.96732,0.0,0.0,0.0,0.0,0.0,0.0
1ny7fmm5hkuiyo4nz73h_0001,0.14814814814814814,4,27	0.55851,1.6516,2.23689,-0.19696,0.32788,0.30801,0.3547,0.3496,1.33337,1.13097,121.32513,23.69061,289.09258,117.06982,0.3,0.3,0.0,0.0,0.0,0.0,0.0,0.0,0.14814,0,0,0.16701,0.0,2.83869,0.0,0.0,1.0,1.0,0.0,0.0
694lvd0wlwbcddkbj2r_0003,0.14814814814814814,4,27	0.55851,1.6516,-0.17232,-0.32217,-0.38181,0.50802,0.37106,0.3667,1.17628,1.07121,120.91137,20.17075,78.78161,60.22505,0.3,0.3,0.0,0.0,0.0,0.0,0.0,0.0,0.14814,0,0,0.29541,0.0,1.76248,0.0,0.0,0.0,0.0,0.0,0.0
5ikf6atcj3epo4r3f6h_0011,0.14285714285714285,4,28	0.55851,1.6516,-0.22917,0.5077,0.59232,-0.8032,0.46237,0.42352,1.57443,1.02232,97.0,26.5,251.99999,147.6,0.3,0.3,0.0,0.0,0.0,0.0,0.0,0.0,0.14285,0,0,0.57791,-1.48,1.08175,0.0,1.0,1.0,1.0,0.0,0.0
5ikf6atcj3epo4r3f6h_0020,0.14285714285714285,4,28	0.55851,1.6516,2.01674,0.05279,-0.06058,-0.8032,0.32666,0.27239,1.20886,0.99033,102.95516,28.76712,279.76998,233.57686,0.3,0.3,0.0,0.0,0.0,0.0,0.0,0.0,0.14285,0,0,0.58041,-4.51999,0.98859,0.0,1.0,1.0,0.0,0.0,0.0
5ikf6atcj3epo4r3f6h_0026,0.14285714285714285,4,28	0.55851,1.6516,2.41365,-0.08461,0.71925,-0.82025,0.33377,0.24943,1.60537,0.7845,108.7,19.12019,97.2,245.40817,0.3,0.3,0.0,0.0,0.0,0.0,0.0,0.0,0.14285,0,0,0.23642,-3.35999,1.5246,0.0,1.0,1.0,0.0,0.0,0.0
4ogwhjd6d9avz0jtafh_0022,0.14285714285714285,4,28	0.55851,1.6516,-0.17347,0.56541,0.12197,-0.32535,0.47036,0.3862,1.34193,0.99778,111.26234,15.65528,107.80635,299.81234,0.3,0.3,0.0,0.0,0.0,0.0,0.0,0.0,0.14285,0,0,0.27458,-0.57999,1.6855,0.0,0.0,0.0,0.0,0.0,0.0
45dvhif7hojwfu495a0_0003,0.14285714285714285,4,28	0.55851,1.6516,1.63697,0.51243,1.13705,-0.90171,0.16643,0.42352,0.76439,1.12585,117.4375,29.87747,145.34161,245.07473,0.3,0.3,0.0,0.0,0.0,0.0,0.0,0.0,0.14285,0,0,2.97291,-1.4,0.30688,0.0,1.0,1.0,0.0,0.0,0.0
1jd8ggtwb39tleia7q75_0009,0.14285714285714285,4,28	0.55851,1.6516,0.04167,0.5251,0.7553,-0.418,0.24799,0.21568,1.66016,0.9583,105.30814,25.44191,280.18577,69.21119,0.3,0.3,0.0,0.0,0.0,0.0,0.0,0.0,0.14285,0,0,0.22982,-1.0,1.20738,0.0,0.0,1.0,0.0,0.0,0.0
z0bh9a83do5i3a6bzmj_0001,0.14285714285714285,4,28	0.55851,1.6516,1.67971,0.02393,-0.10896,-0.29669,0.4254,0.36229,1.24147,1.07097,110.91336,19.78269,74.44527,233.57026,0.3,0.3,0.0,0.0,0.0,0.0,0.0,0.0,0.14285,0,0,5.86341,-8.6,0.27213,0.0,0.0,0.0,0.0,0.0,0.0
1jadassuqpf3mvc00cpv_0042,0.14285714285714285,4,28	0.55851,1.6516,0.15862,-0.25818,-0.15348,-0.33872,0.28134,0.25261,1.20269,1.1357,103.92136,24.6855,261.91428,124.15189,0.3,0.3,0.0,0.0,0.0,0.0,0.0,0.0,0.14285,0,0,0.41502,0.0,1.75469,0.0,0.0,1.0,0.0,0.0,0.0
1jadassuqpf3mvc00cpv_0032,0.13793103448275862,4,29	0.55851,1.6516,3.47057,0.0581,0.08765,0.50226,0.20773,0.18469,1.29199,0.98137,107.99264,15.10618,84.8581,238.42441,0.3,0.3,0.0,0.0,0.0,0.0,0.0,0.0,0.13793,0,0,1.37504,-14.91999,0.50887,0.0,0.0,1.0,0.0,0.0,0.0
1jd8ggtwb39tleia7q75_0003,0.1111111111111111,3,27	0.55851,1.6516,1.32851,-0.18763,0.46884,-0.418,0.27592,0.18534,1.51319,1.04195,104.14346,27.23909,75.74019,294.57948,0.3,0.3,0.0,0.0,0.0,0.0,0.0,0.0,0.11111,0,0,0.09202,0.0,2.19693,0.0,0.0,1.0,1.0,0.0,0.0
3k0h8dp5eipoalhazv1_0014,0.1111111111111111,3,27	0.55851,1.6516,0.65554,0.76384,1.30856,0.02561,0.40192,0.37965,1.45023,0.90535,113.77751,28.2576,78.24585,119.42424,0.3,0.3,0.0,0.0,0.0,0.0,0.0,0.0,0.11111,0,0,2.75326,-0.94,0.34766,0.0,0.0,1.0,0.0,0.0,0.0
1rj0f5edatvfavql2f6a_0002,0.1111111111111111,3,27	0.55851,1.6516,0.0742,-1.14076,0.81468,-0.09287,0.31685,0.29725,1.44435,1.11842,115.47009,19.43951,70.31953,240.10942,0.3,0.3,0.0,0.0,0.0,0.0,0.0,0.0,0.11111,0,0,0.14187,-0.32,1.67858,0.0,0.0,0.0,0.0,0.0,0.0
1jadassuqpf3mvc00cpv_0028,0.1111111111111111,3,27	0.55851,1.6516,8.82231,-0.02403,-1.79244,0.4754,0.43147,0.10388,1.09525,1.1555,114.71891,14.50221,79.18233,120.63067,0.3,0.3,0.0,0.0,0.0,0.0,0.0,0.0,0.11111,0,0,0.00363,0.0,9.00553,0.0,0.0,1.0,0.0,0.0,0.0
5ikf6atcj3epo4r3f6h_0005,0.10714285714285714,3,28	0.55851,1.6516,1.21754,0.46076,0.68146,-0.8032,0.21853,0.37205,1.19502,1.03923,109.09064,26.56002,96.5044,119.03626,0.3,0.3,0.0,0.0,0.0,0.0,0.0,0.0,0.10714,0,0,2.25976,-1.54,0.38213,0.0,0.0,1.0,1.0,0.0,0.0
5ikf6atcj3epo4r3f6h_0019,0.10714285714285714,3,28	0.55851,1.6516,2.32078,0.38077,0.55001,-0.8032,0.30472,0.42352,1.10004,0.6697,120.4,15.47533,266.4,247.30345,0.3,0.3,0.0,0.0,0.0,0.0,0.0,0.0,0.10714,0,0,1.01168,-2.99999,0.69826,0.0,1.0,1.0,0.0,0.0,0.0
4ogwhjd6d9avz0jtafh_0018,0.10714285714285714,3,28	0.55851,1.6516,1.68422,-1.17476,0.12816,0.30715,0.31144,0.16574,1.38162,0.90295,116.47746,17.83607,275.15598,293.05774,0.3,0.3,0.0,0.0,0.0,0.0,0.0,0.0,0.10714,0,0,0.06737,0.0,2.43072,0.0,0.0,0.0,0.0,0.0,0.0
16cvgzuusdhvzihh7tl3_0010,0.10714285714285714,3,28	0.55851,1.6516,2.94033,0.36727,0.45019,0.80642,0.20884,0.36017,1.16663,1.15076,102.85152,27.73016,65.30655,115.93767,0.3,0.3,0.0,0.0,0.0,0.0,0.0,0.0,0.10714,0,0,0.17253,-5.03999,1.89228,0.0,0.0,1.0,0.0,0.0,0.0
694lvd0wlwbcddkbj2r_0000,0.10714285714285714,3,28	0.55851,1.6516,1.22118,0.9598,0.60965,0.86602,0.52141,0.29243,1.26387,0.88216,116.56306,13.16181,260.13923,56.52449,0.3,0.3,0.0,0.0,0.0,0.0,0.0,0.0,0.10714,0,0,0.13255,-0.32,2.08618,0.0,0.0,0.0,0.0,0.0,0.0
1jd8ggtwb39tleia7q75_0015,0.10714285714285714,3,28	0.55851,1.6516,3.29835,0.13759,0.2047,0.57623,0.42254,0.34396,1.49529,1.03604,113.35196,14.54542,73.4634,244.70137,0.3,0.3,0.0,0.0,0.0,0.0,0.0,0.0,0.10714,0,0,0.08461,0.0,3.73919,0.0,0.0,0.0,0.0,0.0,0.0
1jadassuqpf3mvc00cpv_0013,0.10714285714285714,3,28	0.55851,1.6516,3.83948,0.26044,-0.00625,-0.33872,0.46463,0.28996,1.31665,1.02861,103.21444,30.93335,95.01255,238.56256,0.3,0.3,0.0,0.0,0.0,0.0,0.0,0.0,0.10714,0,0,0.38184,-22.17999,1.38498,0.0,0.0,1.0,1.0,0.0,0.0
1jadassuqpf3mvc00cpv_0036,0.10714285714285714,3,28	0.55851,1.6516,0.30575,0.49828,1.18797,0.50226,0.34087,0.19181,1.62758,1.03356,108.56599,21.96226,97.66033,306.16124,0.3,0.3,0.0,0.0,0.0,0.0,0.0,0.0,0.10714,0,0,1.13449,-1.2,0.52637,0.0,0.0,1.0,0.0,0.0,0.0
4120zkeydvj7vae86v7_0006,0.10714285714285714,3,28	0.55851,1.6516,3.77214,-0.17081,0.44953,-0.30819,0.48338,0.34358,1.63554,0.96696,103.9375,23.125,67.08074,207.95031,0.3,0.3,0.0,0.0,0.0,0.0,0.0,0.0,0.10714,0,0,0.45183,-5.27999,1.205,0.0,1.0,1.0,0.0,0.0,0.0
1oow0apvi70dzcw7ueyz_0004,0.10344827586206896,3,29	0.55851,1.6516,2.12874,-0.0358,0.8868,0.45499,0.32877,0.38799,1.60351,0.98746,117.7,14.50916,64.8,117.00217,0.3,0.3,0.0,0.0,0.0,0.0,0.0,0.0,0.10344,0,0,0.11729,-1.34,2.53015,0.0,1.0,0.0,0.0,0.0,0.0
5piu2o5yv3ztophcgi7_0002,0.10344827586206896,3,29	0.55851,1.6516,1.97554,0.34046,0.95108,0.34557,0.50088,0.37615,1.67481,1.18985,118.91253,28.53696,76.643,251.20455,0.3,0.3,0.0,0.0,0.0,0.0,0.0,0.0,0.10344,0,0,0.32271,-2.21999,1.42611,0.0,0.0,1.0,1.0,0.0,0.0
3gxn7gtlr2rurhdi47y_0003,0.10344827586206896,3,29	0.55851,1.6516,-1.19025,0.97894,0.29005,-0.14843,0.38699,0.14728,1.53902,1.09156,103.81626,25.62604,261.71083,240.0909,0.3,0.3,0.0,0.0,0.0,0.0,0.0,0.0,0.10344,0,0,0.20379,-1.42,1.4485,0.0,0.0,1.0,0.0,0.0,0.0
1jadassuqpf3mvc00cpv_0038,0.10344827586206896,3,29	0.55851,1.6516,1.99863,0.39528,1.39437,0.87176,0.41548,0.28076,1.43895,1.17313,103.7206,26.98156,284.19846,301.00885,0.3,0.3,0.0,0.0,0.0,0.0,0.0,0.0,0.10344,0,0,0.16004,-1.44,1.65284,0.0,0.0,1.0,0.0,0.0,0.0
16cvgzuusdhvzihh7tl3_0008,0.1,3,30	0.55851,1.6516,1.78375,0.35904,1.50313,0.80642,0.51429,0.15266,1.17067,1.19975,111.34485,29.26909,250.60461,238.24221,0.3,0.3,0.0,0.0,0.0,0.0,0.0,0.0,0.1,0,0,0.07819,-0.63999,2.26219,0.0,0.0,1.0,0.0,0.0,0.0
3k0h8dp5eipoalhazv1_0002,0.07407407407407407,2,27	0.55851,1.6516,1.30771,-0.05779,0.94364,0.3135,0.37461,0.31823,1.54839,0.88786,107.20588,22.07496,69.55895,115.9873,0.3,0.3,0.0,0.0,0.0,0.0,0.0,0.0,0.07407,0,0,0.22627,-1.6,1.61915,0.0,0.0,1.0,1.0,0.0,0.0
5ikf6atcj3epo4r3f6h_0008,0.07142857142857142,2,28	0.55851,1.6516,-0.22917,0.5077,0.59232,-0.8032,0.46237,0.42352,1.57443,1.02232,97.0,26.5,251.99999,147.6,0.3,0.3,0.0,0.0,0.0,0.0,0.0,0.0,0.07142,0,0,0.57791,-1.48,1.08175,0.0,1.0,1.0,1.0,0.0,0.0
4ogwhjd6d9avz0jtafh_0019,0.07142857142857142,2,28	0.55851,1.6516,0.66796,0.73569,0.40279,0.1061,0.44568,0.25508,1.21335,0.85555,113.97777,19.81839,252.97536,59.42508,0.3,0.3,0.0,0.0,0.0,0.0,0.0,0.0,0.07142,0,0,0.26235,-1.22,1.56746,0.0,0.0,0.0,0.0,0.0,0.0
45dvhif7hojwfu495a0_0002,0.07142857142857142,2,28	0.55851,1.6516,1.63697,0.8015,1.74523,-0.90171,0.16643,0.42352,0.76439,1.12585,117.4375,29.87747,145.34161,245.07473,0.3,0.3,0.0,0.0,0.0,0.0,0.0,0.0,0.07142,0,0,0.45384,-1.04,0.74615,0.0,1.0,1.0,0.0,0.0,0.0
1jd8ggtwb39tleia7q75_0016,0.07142857142857142,2,28	0.55851,1.6516,3.29835,0.13759,0.2047,0.57623,0.42254,0.34396,1.49529,1.03604,113.35196,14.54542,73.4634,244.70137,0.3,0.3,0.0,0.0,0.0,0.0,0.0,0.0,0.07142,0,0,0.08461,0.0,3.73919,0.0,0.0,0.0,0.0,0.0,0.0
1jd8ggtwb39tleia7q75_0019,0.07142857142857142,2,28	0.55851,1.6516,0.72758,0.72148,1.30313,0.4241,0.39037,0.1666,1.2013,1.1757,118.4418,17.02528,291.24724,121.96971,0.3,0.3,0.0,0.0,0.0,0.0,0.0,0.0,0.07142,0,0,0.16619,-0.78,1.39056,0.0,0.0,0.0,0.0,0.0,0.0
3gxn7gtlr2rurhdi47y_0002,0.07142857142857142,2,28	0.55851,1.6516,1.77121,0.58889,0.08674,-0.14843,0.4965,0.37619,1.48123,1.195,106.64242,23.61417,111.76353,236.70092,0.3,0.3,0.0,0.0,0.0,0.0,0.0,0.0,0.07142,0,0,0.42005,-2.23999,1.24688,0.0,0.0,1.0,1.0,0.0,0.0
3gxn7gtlr2rurhdi47y_0006,0.07142857142857142,2,28	0.55851,1.6516,0.98859,-0.04382,-0.3375,-0.14843,0.18333,0.37685,1.32628,0.98422,109.4349,31.46155,256.19083,64.65757,0.3,0.3,0.0,0.0,0.0,0.0,0.0,0.0,0.07142,0,0,0.23918,0.0,2.00541,0.0,0.0,1.0,0.0,0.0,0.0
1rj0f5edatvfavql2f6a_0000,0.07142857142857142,2,28	0.55851,1.6516,3.44956,-0.04336,0.3542,0.74603,0.27691,0.14319,1.62873,1.02439,112.63209,27.64937,275.83914,64.77086,0.3,0.3,0.0,0.0,0.0,0.0,0.0,0.0,0.07142,0,0,0.03599,0.0,3.87458,0.0,0.0,0.0,0.0,0.0,0.0
1jadassuqpf3mvc00cpv_0017,0.07142857142857142,2,28	0.55851,1.6516,-0.99323,-0.00275,-0.21664,-0.33872,0.32193,0.15728,1.19488,0.87054,105.91899,20.03344,262.09476,54.20933,0.3,0.3,0.0,0.0,0.0,0.0,0.0,0.0,0.07142,0,0,0.13489,0.0,2.01852,0.0,0.0,1.0,1.0,0.0,0.0
cruoiq1qypq7eovkip_0000,0.07142857142857142,2,28	0.55851,1.6516,1.45569,0.69956,1.32848,0.12497,0.1339,0.26904,1.23088,1.16344,119.35032,25.45034,68.024,54.18569,0.3,0.3,0.0,0.0,0.0,0.0,0.0,0.0,0.07142,0,0,0.05833,-0.59999,2.03967,0.0,0.0,0.0,0.0,0.0,0.0
1f69an8lxtjnigdn8ufb_0003,0.06896551724137931,2,29	0.55851,1.6516,2.1163,-0.10488,0.739,-0.19956,0.4718,0.10037,1.62412,0.96383,111.43001,17.79102,82.70672,248.79526,0.3,0.3,0.0,0.0,0.0,0.0,0.0,0.0,0.06896,0,0,0.11622,-1.82,2.4798,0.0,0.0,0.0,0.0,0.0,0.0
3k0h8dp5eipoalhazv1_0012,0.037037037037037035,1,27	0.55851,1.6516,1.46309,0.31725,-0.07537,0.02561,0.36678,0.25409,1.40652,0.89069,107.49377,29.96885,279.41323,56.37186,0.3,0.3,0.0,0.0,0.0,0.0,0.0,0.0,0.03703,0,0,0.14144,0.0,2.28557,0.0,0.0,1.0,0.0,0.0,0.0
1jadassuqpf3mvc00cpv_0014,0.037037037037037035,1,27	0.55851,1.6516,2.03417,0.38023,-0.2096,0.4754,0.44799,0.3444,1.29589,1.11817,120.58942,23.86863,257.79855,66.27139,0.3,0.3,0.0,0.0,0.0,0.0,0.0,0.0,0.03703,0,0,0.37892,-20.63999,1.41599,0.0,0.0,1.0,1.0,0.0,0.0
4wvw0e299k4ih7oavhh_0002,0.03571428571428571,1,28	0.55851,1.6516,0.90019,1.23213,1.76175,0.45115,0.36334,0.19161,1.17568,0.88213,115.00478,19.709,261.20725,302.72218,0.3,0.3,0.0,0.0,0.0,0.0,0.0,0.0,0.03571,0,0,0.12712,-0.61999,1.37905,0.0,0.0,0.0,0.0,0.0,0.0
5piu2o5yv3ztophcgi7_0001,0.0,0,27	0.55851,1.6516,1.97554,0.09197,0.89906,0.34557,0.49971,0.37378,1.469,1.08997,110.6875,25.375,58.13664,234.7826,0.3,0.3,0.0,0.0,0.0,0.0,0.0,0.0,0.0,0,0,0.36417,-2.47999,1.3687,0.0,1.0,1.0,1.0,0.0,0.0
14ojn2sxzbs2tan2n8s3_0003,0.0,0,27	0.55851,1.6516,1.26413,-0.12574,0.24213,0.24047,0.10974,0.40931,1.33724,0.98131,113.10122,8.3125,108.50335,301.86335,0.3,0.3,0.0,0.0,0.0,0.0,0.0,0.0,0.0,0,0,0.11828,0.0,2.1611,0.0,1.0,0.0,0.0,0.0,0.0
