587722984435351614
587724234257137777
587726033843585146
587727177926508595
587727178988388373
587727222471131318
587728676861051075
587729227151704160
587731913110650988
587732136993882121
587732772130652231
587733080814583863
587734862680752822
587735043609329845
587735665840881790
587736941981466667
587738569246376675
587738569249390718
587739153356095531
587739407868690486
587739505541578866
587739646743412797
587739647284805725
587739707420967061
587739721376202860
587739721900163101
587739810496708646
587739845393580192
587741391565422775
587741532784361481
587741534400217110
587741602030026825
587741722819493915
587741817851674654
587741829658181698
587742010583941189
587742014353702970
587742571610243080
587745402001817662
587746029596311590
588011124116422756
588013383816904792
588017604696408086
588017604696408195
588017702948962343
588017978901528612
588018055130710322
758874299603222717
587736523764334706
587747120521216156
588007005230530750
758877153600208945
587739720308818095
1237678620102623480
hst_Arp_148
hst_Arp_244
hst_Arp_272
hst_Arp_273
hst_Arp_CGCG
hst_ESO_77-14
hst_NGC_5331
hst_NGC_6786
