587741817851674654
587739153356095531
587741602030026825
587735043609329845
587732772130652231
587738569246376675
588017604696408195
587741391565422775
587727177926508595
587739721376202860
588017604696408086
587735665840881790
587738569249390718
587741534400217110
588013383816904792
758877153600208945
587729227151704160
hst_Arp_244
hst_Arp_148
587739505541578866
587736523764334706
587739407868690486
hst_ESO_77-14
587739845393580192
587741829658181698
587739810496708646
587745402001817662
587728676861051075
587741722819493915
587727178988388373
587739646743412797
587742014353702970
587739647284805725
587742571610243080
587739720308818095
1237678620102623480
hst_Arp_CGCG
587739721900163101
587747120521216156
588011124116422756
hst_Arp_273
587736941981466667
588018055130710322
587742010583941189
