3vzykw66uhzlhmcxwno_0007,0.8,28,35	-1.92706,-1.6735,-2.03726,0.03926,-0.99865,-0.30129,2.14894,0.67286,1.20233,0.27816,156.69187,57.64911,40.83356,318.57855,0.3,0.3,0.0,0.0,0.0,0.0,0.0,0.0,0.8,0,0,0.79559,-2.65999,1.33406,0.0,1.0,0.0,0.0,0.0,0.0
233fazhd131u1gbv1c1j_0001,0.8,28,35	-1.92706,-1.6735,1.08559,0.33605,-0.63455,0.21707,2.10963,0.59426,0.99107,0.17961,160.60574,47.40268,310.81759,36.84663,0.3,0.3,0.0,0.0,0.0,0.0,0.0,0.0,0.8,0,0,0.85964,-4.71999,1.34764,0.0,0.0,1.0,1.0,0.0,0.0
rb4dndpmi3hjduheok2_0004,0.7894736842105263,30,38	-1.92706,-1.6735,-1.73913,0.0802,-0.73531,-0.57007,1.14737,0.49938,1.23907,0.21991,173.57222,56.46005,309.21172,140.31719,0.3,0.3,0.0,0.0,0.0,0.0,0.0,0.0,0.78947,0,0,0.58398,-3.53999,1.37545,0.0,1.0,1.0,0.0,0.0,0.0
1ssymwgq45a1pw615cg2_0002,0.7567567567567568,28,37	-1.92706,-1.6735,0.61538,-0.30657,-0.82075,-0.57007,1.27055,0.72249,1.5337,0.33502,163.41048,58.27074,307.6923,40.0,0.3,0.3,0.0,0.0,0.0,0.0,0.0,0.0,0.75675,0,0,0.48894,-2.21999,1.61507,0.0,1.0,1.0,1.0,0.0,0.0
22j5yozgmg0zskr9jsd7_0006,0.75,27,36	-1.92706,-1.6735,1.11668,-0.17939,-0.94529,0.88737,2.11133,0.69281,0.84501,0.23039,162.62747,53.46704,40.07785,233.38373,0.3,0.3,0.0,0.0,0.0,0.0,0.0,0.0,0.75,0,0,1.86972,-2.23999,0.78859,0.0,0.0,0.0,0.0,0.0,0.0
20ouuumy8tibc9aqf0l6_0000,0.7428571428571429,26,35	-1.92706,-1.6735,-0.17733,0.15152,-0.35084,-0.38293,2.05082,0.55642,1.11823,0.25481,168.03218,60.43412,308.47284,306.86844,0.3,0.3,0.0,0.0,0.0,0.0,0.0,0.0,0.74285,0,0,0.78826,-3.65999,1.41692,0.0,0.0,0.0,0.0,0.0,0.0
23kf4sm4zs9ejnmil4y8_0004,0.7297297297297297,27,37	-1.92706,-1.6735,-0.37562,-0.05932,-0.84167,0.49608,1.88282,0.7391,1.00373,0.19905,158.51136,57.4468,55.01708,227.5875,0.3,0.3,0.0,0.0,0.0,0.0,0.0,0.0,0.72972,0,0,2.38178,-2.15999,0.66934,0.0,0.0,1.0,1.0,0.0,0.0
3vzykw66uhzlhmcxwno_0011,0.7222222222222222,26,36	-1.92706,-1.6735,-2.23602,0.03926,-0.99865,-0.30129,2.14894,0.67286,1.20233,0.27816,156.69187,57.64911,40.83356,318.57855,0.3,0.3,0.0,0.0,0.0,0.0,0.0,0.0,0.72222,0,0,0.74819,-2.61999,1.37001,0.0,1.0,0.0,0.0,0.0,0.0
7knexr1k7rdeeulm0yi_0009,0.7222222222222222,26,36	-1.92706,-1.6735,1.69442,-0.21866,-0.2622,-0.57007,1.75309,0.51251,1.17973,0.17166,172.88635,49.40268,311.05278,38.37293,0.3,0.3,0.0,0.0,0.0,0.0,0.0,0.0,0.72222,0,0,0.78703,-6.38,1.33082,0.0,0.0,1.0,0.0,0.0,0.0
rb4dndpmi3hjduheok2_0001,0.7105263157894737,27,38	-1.92706,-1.6735,-2.69203,0.03926,-0.99865,-0.57007,2.14894,0.67286,1.16178,0.27157,154.0625,54.9375,33.54037,304.09937,0.3,0.3,0.0,0.0,0.0,0.0,0.0,0.0,0.71052,0,0,0.58821,-2.95999,1.59472,0.0,1.0,1.0,1.0,0.0,0.0
7l0hvdf02lmrcnpntit_0017,0.7027027027027027,26,37	-1.92706,-1.6735,0.47612,-0.14305,-0.44347,-0.77829,1.58327,0.75096,1.11486,0.21561,171.28454,59.44516,307.10006,307.52067,0.3,0.3,0.0,0.0,0.0,0.0,0.0,0.0,0.70270,0,0,2.10534,-2.81999,0.70468,0.0,0.0,1.0,1.0,0.0,0.0
1ssymwgq45a1pw615cg2_0003,0.7027027027027027,26,37	-1.92706,-1.6735,-2.69203,0.03926,-0.99865,-0.57007,2.12141,0.68013,1.40729,0.20408,155.94323,57.64911,40.0,318.57855,0.3,0.3,0.0,0.0,0.0,0.0,0.0,0.0,0.70270,0,0,0.58097,-2.95999,1.602,0.0,1.0,1.0,1.0,0.0,0.0
210eoctv2ykh8ykv3u8h_0011,0.6756756756756757,25,37	-1.92706,-1.6735,-1.63975,0.22278,-0.64563,-0.5823,0.95641,0.49264,1.28143,0.27889,173.375,57.5625,310.80745,31.30434,0.3,0.3,0.0,0.0,0.0,0.0,0.0,0.0,0.67567,0,0,0.29779,-2.65999,1.94814,0.0,1.0,1.0,0.0,0.0,0.0
210eoctv2ykh8ykv3u8h_0013,0.6756756756756757,25,37	-1.92706,-1.6735,-2.43478,0.03926,-0.99865,-0.5823,1.82934,0.67792,1.16178,0.27157,156.5,57.5625,38.01242,245.96273,0.3,0.3,0.0,0.0,0.0,0.0,0.0,0.0,0.67567,0,0,0.56174,-2.75999,1.55661,0.0,1.0,1.0,0.0,0.0,0.0
7ijzze3xxdovxfmhacw_0001,0.6756756756756757,25,37	-1.92706,-1.6735,-0.85224,-0.3727,-0.66236,0.57734,2.11244,0.75218,1.08891,0.23966,173.03493,58.37429,41.57434,216.65762,0.3,0.3,0.0,0.0,0.0,0.0,0.0,0.0,0.67567,0,0,1.14046,-2.57999,1.11015,0.0,0.0,1.0,1.0,0.0,0.0
7l0hvdf02lmrcnpntit_0023,0.6756756756756757,25,37	-1.92706,-1.6735,-0.10596,-0.02715,-0.57597,0.55727,1.86299,0.27585,0.97231,0.19421,158.95538,51.43452,43.05986,305.10873,0.3,0.3,0.0,0.0,0.0,0.0,0.0,0.0,0.67567,0,0,1.00028,-3.05999,1.12333,0.0,0.0,1.0,0.0,0.0,0.0
222by5zh769y2fu01vhd_0026,0.6756756756756757,25,37	-1.92706,-1.6735,-2.50221,-0.05832,-0.73487,-0.66016,1.60613,0.7199,0.73179,0.26684,172.30156,60.25351,42.53582,315.74906,0.3,0.3,0.0,0.0,0.0,0.0,0.0,0.0,0.67567,0,0,1.35706,-2.95999,0.87917,0.0,0.0,1.0,0.0,0.0,0.0
3vzykw66uhzlhmcxwno_0006,0.6666666666666666,70,105	-1.92706,-1.6735,-2.23602,0.03926,-0.99865,-0.30129,2.14894,0.67286,1.20233,0.27816,156.69187,57.64911,40.83356,318.57855,0.3,0.3,0.0,0.0,0.0,0.0,0.0,0.0,0.66666,0,0,0.717,-2.77999,1.42272,0.0,1.0,0.0,0.0,0.0,0.0
210eoctv2ykh8ykv3u8h_0016,0.6666666666666666,24,36	-1.92706,-1.6735,-0.94409,0.3119,-0.6815,0.04534,2.18397,0.77898,1.28143,0.27889,174.125,57.1875,333.1677,169.93788,0.3,0.3,0.0,0.0,0.0,0.0,0.0,0.0,0.66666,0,0,1.00573,-2.99999,1.23225,0.0,1.0,1.0,0.0,0.0,0.0
23kf4sm4zs9ejnmil4y8_0012,0.6666666666666666,24,36	-1.92706,-1.6735,0.48782,-0.03387,-0.57024,0.56139,1.80081,0.67913,1.09673,0.2785,157.25121,50.26459,57.71757,315.65296,0.3,0.3,0.0,0.0,0.0,0.0,0.0,0.0,0.66666,0,0,1.05843,-2.49999,1.10622,0.0,0.0,0.0,0.0,0.0,0.0
7l0hvdf02lmrcnpntit_0008,0.6571428571428571,23,35	-1.92706,-1.6735,-0.97945,0.37668,-0.34107,0.05009,1.81178,0.2788,1.1179,0.21411,167.94313,50.35015,49.07438,44.56362,0.3,0.3,0.0,0.0,0.0,0.0,0.0,0.0,0.65714,0,0,1.33986,-4.63999,0.92604,0.0,0.0,1.0,1.0,0.0,0.0
22j5yozgmg0zskr9jsd7_0007,0.6486486486486487,24,37	-1.92706,-1.6735,-2.0691,-0.02397,-0.85778,-0.309,1.72941,0.76118,1.18651,0.21084,164.6483,45.74824,314.41715,313.08365,0.3,0.3,0.0,0.0,0.0,0.0,0.0,0.0,0.64864,0,0,0.97906,-3.05999,1.13038,0.0,0.0,0.0,0.0,0.0,0.0
7l0hvdf02lmrcnpntit_0044,0.6486486486486487,24,37	-1.92706,-1.6735,-2.88886,-0.09858,-0.87329,-0.77829,1.68016,0.45884,1.20426,0.30582,166.2915,59.63706,319.51319,315.93969,0.3,0.3,0.0,0.0,0.0,0.0,0.0,0.0,0.64864,0,0,0.76089,-2.95999,1.19336,0.0,0.0,1.0,0.0,0.0,0.0
3vzykw66uhzlhmcxwno_0010,0.6442307692307693,67,104	-1.92706,-1.6735,-2.03726,0.03926,-0.99865,-0.30129,2.14894,0.67286,1.20233,0.27816,156.69187,57.64911,40.83356,318.57855,0.3,0.3,0.0,0.0,0.0,0.0,0.0,0.0,0.64423,0,0,0.81429,-2.53999,1.30326,0.0,1.0,0.0,0.0,0.0,0.0
79obho9m8n2rqfpqex0_0003,0.6388888888888888,23,36	-1.92706,-1.6735,-3.94483,-0.049,-0.61254,-0.8376,1.12001,0.53964,1.10811,0.23582,155.51848,57.25918,311.61368,137.47914,0.3,0.3,0.0,0.0,0.0,0.0,0.0,0.0,0.63888,0,0,0.65927,-4.21999,1.18837,0.0,0.0,1.0,1.0,0.0,0.0
7l0hvdf02lmrcnpntit_0003,0.6388888888888888,23,36	-1.92706,-1.6735,-1.13349,0.12983,-0.62725,-0.77829,1.15335,0.53885,1.16695,0.23728,159.08318,52.99937,321.3132,215.83558,0.3,0.3,0.0,0.0,0.0,0.0,0.0,0.0,0.63888,0,0,0.89255,-3.61999,1.08735,0.0,0.0,1.0,2.0,0.0,0.0
3vzykw66uhzlhmcxwno_0008,0.6285714285714286,66,105	-1.92706,-1.6735,-2.03726,0.03926,-0.99865,-0.30129,2.14894,0.67286,1.20233,0.27816,156.69187,57.64911,40.83356,318.57855,0.3,0.3,0.0,0.0,0.0,0.0,0.0,0.0,0.62857,0,0,0.81429,-2.53999,1.30326,0.0,1.0,0.0,0.0,0.0,0.0
222by5zh769y2fu01vhd_0033,0.6216216216216216,23,37	-1.92706,-1.6735,0.40705,-0.08347,-0.75394,0.03703,2.09737,0.59891,0.80398,0.15137,163.86414,54.11968,308.59992,219.12137,0.3,0.3,0.0,0.0,0.0,0.0,0.0,0.0,0.62162,0,0,2.25156,-2.33999,0.70588,0.0,0.0,1.0,0.0,0.0,0.0
rb4dndpmi3hjduheok2_0002,0.6111111111111112,22,36	-1.92706,-1.6735,-1.7377,0.0802,-0.73531,-0.57007,1.14737,0.49938,1.28143,0.27889,173.57222,56.46005,309.21172,140.31719,0.3,0.3,0.0,0.0,0.0,0.0,0.0,0.0,0.61111,0,0,0.55619,-2.95999,1.3777,0.0,1.0,1.0,0.0,0.0,0.0
3vzykw66uhzlhmcxwno_0004,0.6052631578947368,23,38	-1.92706,-1.6735,0.27605,-0.08474,-0.64665,-0.30129,1.57232,0.74757,0.89742,0.15705,165.37457,48.85632,304.27543,133.60517,0.3,0.3,0.0,0.0,0.0,0.0,0.0,0.0,0.60526,0,0,3.39628,-2.33999,0.5196,0.0,0.0,1.0,0.0,0.0,0.0
217wuprz0y4qzroowgbc_0006,0.6,63,105	-1.92706,-1.6735,-1.02462,0.11886,-0.93364,0.06848,2.11334,0.35556,1.29023,0.1899,173.28798,45.57512,44.62654,230.34231,0.3,0.3,0.0,0.0,0.0,0.0,0.0,0.0,0.6,0,0,0.73028,-2.95999,1.42974,0.0,0.0,1.0,1.0,0.0,0.0
210eoctv2ykh8ykv3u8h_0010,0.6,21,35	-1.92706,-1.6735,-1.63975,0.22278,-0.64563,-0.5823,0.95641,0.49264,1.28143,0.27889,173.57222,56.46005,309.21172,140.31719,0.3,0.3,0.0,0.0,0.0,0.0,0.0,0.0,0.6,0,0,0.29779,-2.65999,1.94814,0.0,1.0,1.0,0.0,0.0,0.0
217wuprz0y4qzroowgbc_0022,0.6,21,35	-1.92706,-1.6735,-2.80486,-0.03013,-0.61382,-0.64684,1.06626,0.38144,0.90556,0.32016,155.82327,59.35273,321.46161,46.51218,0.3,0.3,0.0,0.0,0.0,0.0,0.0,0.0,0.6,0,0,0.42522,-2.65999,1.39067,0.0,0.0,1.0,0.0,0.0,0.0
3vzykw66uhzlhmcxwno_0009,0.5961538461538461,62,104	-1.92706,-1.6735,-2.03726,0.03926,-0.99865,-0.30129,2.14894,0.67286,1.20233,0.27816,156.69187,57.64911,40.83356,318.57855,0.3,0.3,0.0,0.0,0.0,0.0,0.0,0.0,0.59615,0,0,0.81429,-2.53999,1.30326,0.0,1.0,0.0,0.0,0.0,0.0
210eoctv2ykh8ykv3u8h_0001,0.5833333333333334,21,36	-1.92706,-1.6735,-0.94409,0.3119,-0.6815,0.04534,2.18397,0.77898,1.28143,0.27889,174.125,57.1875,333.1677,169.93788,0.3,0.3,0.0,0.0,0.0,0.0,0.0,0.0,0.58333,0,0,1.00573,-2.99999,1.23225,0.0,1.0,1.0,2.0,0.0,0.0
23kf4sm4zs9ejnmil4y8_0002,0.5833333333333334,21,36	-1.92706,-1.6735,-0.9171,0.00134,-0.5387,0.49608,1.42621,0.57992,1.31646,0.1746,161.71097,47.12137,47.30243,37.22063,0.3,0.3,0.0,0.0,0.0,0.0,0.0,0.0,0.58333,0,0,0.37763,-24.19999,2.32147,0.0,0.0,1.0,2.0,0.0,0.0
210eoctv2ykh8ykv3u8h_0012,0.5714285714285714,20,35	-1.92706,-1.6735,-2.43478,0.03926,-0.99865,-0.5823,1.82934,0.67792,1.16178,0.27157,156.5,57.5625,38.01242,245.96273,0.3,0.3,0.0,0.0,0.0,0.0,0.0,0.0,0.57142,0,0,0.56174,-2.75999,1.55661,0.0,1.0,1.0,0.0,0.0,0.0
7l0hvdf02lmrcnpntit_0014,0.5714285714285714,20,35	-1.92706,-1.6735,-0.42034,0.34977,-0.32608,0.60173,1.58727,0.72299,1.04504,0.24517,163.2371,43.39552,48.60985,317.36627,0.3,0.3,0.0,0.0,0.0,0.0,0.0,0.0,0.57142,0,0,0.57323,-7.46,1.64958,0.0,0.0,1.0,1.0,0.0,0.0
1ssymwgq45a1pw615cg2_0001,0.5714285714285714,20,35	-1.92706,-1.6735,-1.7377,-0.01226,-0.7581,-0.57007,0.81298,0.50232,1.5969,0.26689,178.08296,54.99563,312.30769,229.23076,0.3,0.3,0.0,0.0,0.0,0.0,0.0,0.0,0.57142,0,0,0.51685,-2.85999,1.29522,0.0,1.0,1.0,1.0,0.0,0.0
rb4dndpmi3hjduheok2_0003,0.5675675675675675,21,37	-1.92706,-1.6735,-1.73913,0.0802,-0.73531,-0.57007,1.14737,0.49938,1.28143,0.27889,173.57222,56.46005,309.21172,140.31719,0.3,0.3,0.0,0.0,0.0,0.0,0.0,0.0,0.56756,0,0,0.58398,-3.53999,1.37545,0.0,1.0,1.0,0.0,0.0,0.0
225dpmq3pztpvjmpefhp_0003,0.5555555555555556,20,36	-1.92706,-1.6735,3.22981,-0.13367,-0.6815,0.29166,0.95641,0.32084,1.28143,0.27889,170.0,56.8125,306.3354,122.98136,0.3,0.3,0.0,0.0,0.0,0.0,0.0,0.0,0.55555,0,0,0.41369,-4.65999,1.50187,0.0,1.0,0.0,0.0,0.0,0.0
7ijzze3xxdovxfmhacw_0006,0.5555555555555556,20,36	-1.92706,-1.6735,-0.32589,0.42126,-0.42307,-0.4318,2.05483,0.62945,1.05063,0.2589,167.09884,58.9938,320.40363,44.50452,0.3,0.3,0.0,0.0,0.0,0.0,0.0,0.0,0.55555,0,0,1.3162,-4.51999,1.01503,0.0,0.0,1.0,0.0,0.0,0.0
233fazhd131u1gbv1c1j_0000,0.5555555555555556,20,36	-1.92706,-1.6735,1.08559,0.33605,-0.63455,0.21707,2.06576,0.72508,0.99107,0.17961,160.60574,47.40268,310.81759,36.84663,0.3,0.3,0.0,0.0,0.0,0.0,0.0,0.0,0.55555,0,0,0.90133,-4.55999,1.31235,0.0,1.0,1.0,1.0,0.0,0.0
7l0hvdf02lmrcnpntit_0052,0.5555555555555556,20,36	-1.92706,-1.6735,-0.24216,-0.16615,-0.38012,0.60173,1.77708,0.46393,1.31967,0.21928,166.59377,57.26742,51.39915,41.54491,0.3,0.3,0.0,0.0,0.0,0.0,0.0,0.0,0.55555,0,0,1.09494,-3.13999,1.07133,0.0,0.0,1.0,0.0,0.0,0.0
7iskcehxl0oenwler8a_0000,0.5405405405405406,20,37	-1.92706,-1.6735,-2.69203,0.03926,-0.99865,-0.79329,2.14894,0.67286,1.16178,0.27157,156.69187,57.64911,40.83356,318.57855,0.3,0.3,0.0,0.0,0.0,0.0,0.0,0.0,0.54054,0,0,0.58821,-2.95999,1.59472,0.0,1.0,0.0,0.0,0.0,0.0
23lwiaaqrkx6egl0pxor_0004,0.5405405405405406,20,37	-1.92706,-1.6735,-0.59318,0.08014,-0.58,-0.63673,1.29718,0.27416,1.06324,0.16171,166.33733,50.05235,311.18452,37.95221,0.3,0.3,0.0,0.0,0.0,0.0,0.0,0.0,0.54054,0,0,0.6937,-3.19999,1.25916,0.0,0.0,0.0,0.0,0.0,0.0
7l2fkpbq202xpj2cf84_0000,0.5277777777777778,19,36	-1.92706,-1.6735,0.34782,0.43666,-0.34075,-0.44085,1.94755,0.69813,0.87776,0.20471,162.125,61.875,308.57142,120.74534,0.3,0.3,0.0,0.0,0.0,0.0,0.0,0.0,0.52777,0,0,1.60495,-4.65999,0.88275,0.0,1.0,1.0,2.0,0.0,0.0
210eoctv2ykh8ykv3u8h_0003,0.5142857142857142,18,35	-1.92706,-1.6735,-0.94409,0.3119,-0.6815,0.04534,2.18397,0.77898,1.28143,0.27889,174.125,57.1875,333.1677,169.93788,0.3,0.3,0.0,0.0,0.0,0.0,0.0,0.0,0.51428,0,0,1.00573,-2.99999,1.23225,0.0,1.0,1.0,1.0,0.0,0.0
798vaz8s1mqd851fh73_0000,0.5142857142857142,18,35	-1.92706,-1.6735,-2.75579,-0.23969,-0.95715,-0.11008,1.17471,0.77484,1.19204,0.32108,172.67944,47.70079,47.73163,233.61023,0.3,0.3,0.0,0.0,0.0,0.0,0.0,0.0,0.51428,0,0,0.28002,-3.51999,2.34673,0.0,0.0,1.0,1.0,0.0,0.0
7l2fkpbq202xpj2cf84_0002,0.5135135135135135,19,37	-1.92706,-1.6735,0.34782,0.43666,-0.34075,-0.44085,2.04758,0.77561,0.87776,0.20471,162.5,56.625,301.86335,164.34782,0.3,0.3,0.0,0.0,0.0,0.0,0.0,0.0,0.51351,0,0,1.82726,-4.37999,0.82837,0.0,1.0,1.0,2.0,0.0,0.0
7l2fkpbq202xpj2cf84_0010,0.5135135135135135,19,37	-1.92706,-1.6735,-3.08525,0.27625,-0.25108,-0.44085,2.0203,0.76551,1.00024,0.20471,162.49212,53.75507,309.86653,308.76578,0.3,0.3,0.0,0.0,0.0,0.0,0.0,0.0,0.51351,0,0,2.21262,-5.33999,0.7092,0.0,1.0,1.0,0.0,0.0,0.0
210eoctv2ykh8ykv3u8h_0006,0.5,18,36	-1.92706,-1.6735,-0.94409,0.3119,-0.6815,0.04534,2.18397,0.77898,1.28143,0.27889,174.125,57.1875,333.1677,169.93788,0.3,0.3,0.0,0.0,0.0,0.0,0.0,0.0,0.5,0,0,1.00573,-2.99999,1.23225,0.0,1.0,1.0,1.0,0.0,0.0
7c7t8j95w77606ntrpj_0000,0.5,18,36	-1.92706,-1.6735,-0.85083,0.09986,-0.54853,-0.82662,1.78411,0.4567,1.04232,0.30313,172.16443,48.72755,317.21149,128.56448,0.3,0.3,0.0,0.0,0.0,0.0,0.0,0.0,0.5,0,0,0.64759,-2.67999,1.46706,0.0,0.0,0.0,0.0,0.0,0.0
3vzykw66uhzlhmcxwno_0001,0.5,18,36	-1.92706,-1.6735,-0.81201,-0.07114,-0.72985,-0.30129,1.14436,0.53191,0.69235,0.22756,157.46131,44.39887,307.60176,220.73086,0.3,0.3,0.0,0.0,0.0,0.0,0.0,0.0,0.5,0,0,1.49184,-2.67999,0.76867,0.0,0.0,1.0,0.0,0.0,0.0
7l0hvdf02lmrcnpntit_0032,0.5,18,36	-1.92706,-1.6735,1.09007,0.07411,-0.38617,0.05009,1.71887,0.64,0.90804,0.22082,171.63828,49.50292,302.35395,312.20397,0.3,0.3,0.0,0.0,0.0,0.0,0.0,0.0,0.5,0,0,0.75945,-5.79999,1.38319,0.0,0.0,1.0,0.0,0.0,0.0
7l0hvdf02lmrcnpntit_0037,0.5,18,36	-1.92706,-1.6735,-1.85941,-0.50959,-1.0905,0.16154,1.60954,0.66051,1.11705,0.27173,171.3411,44.68105,39.23973,318.31709,0.3,0.3,0.0,0.0,0.0,0.0,0.0,0.0,0.5,0,0,0.51889,-2.37999,1.57056,0.0,0.0,1.0,0.0,0.0,0.0
7l0hvdf02lmrcnpntit_0049,0.5,18,36	-1.92706,-1.6735,-0.0062,-0.25634,-1.0194,0.60173,1.45473,0.67815,1.29179,0.33047,157.8275,44.40007,52.3421,226.37236,0.3,0.3,0.0,0.0,0.0,0.0,0.0,0.0,0.5,0,0,0.82401,-1.9,1.16585,0.0,0.0,1.0,0.0,0.0,0.0
7l2fkpbq202xpj2cf84_0017,0.5,18,36	-1.92706,-1.6735,0.34782,0.3119,-0.21521,-0.44085,1.94755,0.69813,0.87776,0.20471,162.5,56.625,301.86335,164.34782,0.3,0.3,0.0,0.0,0.0,0.0,0.0,0.0,0.5,0,0,3.06973,-3.99999,0.58319,0.0,1.0,1.0,0.0,0.0,0.0
23zou8u7071k4fkt58t8_0000,0.5,18,36	-1.92706,-1.6735,0.04758,0.31172,-0.54263,0.12751,2.06487,0.50713,1.1656,0.22699,169.88927,58.10008,318.08683,43.29252,0.3,0.3,0.0,0.0,0.0,0.0,0.0,0.0,0.5,0,0,0.63332,-4.13999,1.64773,0.0,0.0,1.0,1.0,0.0,0.0
7l0hvdf02lmrcnpntit_0004,0.4864864864864865,18,37	-1.92706,-1.6735,-0.8018,0.11807,-0.12887,-0.77829,1.22792,0.54483,1.11424,0.15777,173.24068,43.27495,313.09685,47.42872,0.3,0.3,0.0,0.0,0.0,0.0,0.0,0.0,0.48648,0,0,0.51237,-4.05999,1.5987,0.0,0.0,1.0,2.0,0.0,0.0
7l2fkpbq202xpj2cf84_0014,0.4864864864864865,18,37	-1.92706,-1.6735,0.34782,0.43666,-0.34075,-0.44085,1.94755,0.69813,0.87776,0.20471,162.5,56.625,301.86335,164.34782,0.3,0.3,0.0,0.0,0.0,0.0,0.0,0.0,0.48648,0,0,1.60495,-4.65999,0.88275,0.0,1.0,1.0,0.0,0.0,0.0
798vaz8s1mqd851fh73_0002,0.4864864864864865,18,37	-1.92706,-1.6735,1.53557,0.1645,-0.22243,-0.11008,1.63046,0.68262,1.11342,0.31021,156.95369,53.60569,307.21554,53.07294,0.3,0.3,0.0,0.0,0.0,0.0,0.0,0.0,0.48648,0,0,3.27654,-5.31999,0.53137,0.0,0.0,1.0,0.0,0.0,0.0
214zxu1lj995ff9p527i_0000,0.4807692307692308,50,104	-1.92706,-1.6735,-3.19506,-0.27118,-0.86818,-0.57007,1.39481,0.66632,1.13994,0.16668,156.9927,51.04678,42.65517,311.92866,0.3,0.3,0.0,0.0,0.0,0.0,0.0,0.0,0.48076,0,0,0.69143,-3.39999,1.25411,0.0,0.0,0.0,0.0,0.0,0.0
7iu94l0d1ahudyx0yim_0000,0.47368421052631576,18,38	-1.92706,-1.6735,0.1639,-0.08371,-0.71379,0.91137,1.52937,0.75413,0.96172,0.22039,155.34814,57.85722,46.64988,137.87656,0.3,0.3,0.0,0.0,0.0,0.0,0.0,0.0,0.47368,0,0,1.57215,-2.35999,0.83032,0.0,0.0,1.0,2.0,0.0,0.0
210eoctv2ykh8ykv3u8h_0008,0.4722222222222222,17,36	-1.92706,-1.6735,-1.7377,0.00178,-0.7502,-0.5823,0.81298,0.50232,1.28143,0.27889,171.3125,52.125,319.75155,304.09937,0.3,0.3,0.0,0.0,0.0,0.0,0.0,0.0,0.47222,0,0,0.4989,-2.87999,1.32585,0.0,1.0,1.0,0.0,0.0,0.0
7l0hvdf02lmrcnpntit_0030,0.4722222222222222,17,36	-1.92706,-1.6735,-0.5521,-0.20805,-0.78363,0.05009,1.716,0.64792,1.25525,0.29228,162.90754,45.78941,47.54761,312.97949,0.3,0.3,0.0,0.0,0.0,0.0,0.0,0.0,0.47222,0,0,0.4151,-1.98,2.03808,0.0,0.0,1.0,0.0,0.0,0.0
7l2fkpbq202xpj2cf84_0019,0.4722222222222222,17,36	-1.92706,-1.6735,0.34782,0.43666,-0.34075,-0.44085,1.94755,0.69813,0.87776,0.20471,162.125,61.875,308.57142,120.74534,0.3,0.3,0.0,0.0,0.0,0.0,0.0,0.0,0.47222,0,0,1.60495,-4.65999,0.88275,0.0,1.0,1.0,0.0,0.0,0.0
1ssymwgq45a1pw615cg2_0006,0.4722222222222222,17,36	-1.92706,-1.6735,0.4851,-0.30657,-0.82075,-0.57007,1.27055,0.72249,1.066,0.23239,163.41048,58.27074,307.6923,40.0,0.3,0.3,0.0,0.0,0.0,0.0,0.0,0.0,0.47222,0,0,0.61688,-2.23999,1.39431,0.0,1.0,1.0,0.0,0.0,0.0
79obho9m8n2rqfpqex0_0009,0.4594594594594595,17,37	-1.92706,-1.6735,-1.75099,0.27017,-0.46529,-0.8376,1.38509,0.66355,1.26498,0.33105,165.91677,59.10511,301.82748,226.69126,0.3,0.3,0.0,0.0,0.0,0.0,0.0,0.0,0.45945,0,0,1.02798,-4.43999,1.05965,0.0,0.0,1.0,0.0,0.0,0.0
79obho9m8n2rqfpqex0_0011,0.45714285714285713,16,35	-1.92706,-1.6735,-5.74536,-0.00693,-0.56296,-0.8376,2.16447,0.64417,1.13206,0.29868,164.55172,59.6981,51.02724,324.83249,0.3,0.3,0.0,0.0,0.0,0.0,0.0,0.0,0.45714,0,0,0.78593,-5.61999,1.30203,0.0,0.0,1.0,0.0,0.0,0.0
7l0hvdf02lmrcnpntit_0036,0.45714285714285713,16,35	-1.92706,-1.6735,-0.86747,0.52022,-0.49352,0.16154,2.04566,0.77055,1.07969,0.16042,171.03947,50.19488,56.83194,36.31172,0.3,0.3,0.0,0.0,0.0,0.0,0.0,0.0,0.45714,0,0,1.07562,-4.39999,1.17123,0.0,0.0,1.0,0.0,0.0,0.0
7l2fkpbq202xpj2cf84_0008,0.45714285714285713,16,35	-1.92706,-1.6735,0.34782,0.43666,-0.34075,-0.44085,1.94755,0.69813,0.87776,0.20471,162.125,61.875,308.57142,120.74534,0.3,0.3,0.0,0.0,0.0,0.0,0.0,0.0,0.45714,0,0,1.60495,-4.65999,0.88275,0.0,1.0,1.0,1.0,0.0,0.0
7l2fkpbq202xpj2cf84_0015,0.45714285714285713,16,35	-1.92706,-1.6735,0.34782,0.43666,-0.34075,-0.44085,1.94755,0.69813,0.87776,0.20471,162.125,61.875,308.57142,120.74534,0.3,0.3,0.0,0.0,0.0,0.0,0.0,0.0,0.45714,0,0,1.60495,-4.65999,0.88275,0.0,1.0,1.0,0.0,0.0,0.0
7l2fkpbq202xpj2cf84_0013,0.4473684210526316,17,38	-1.92706,-1.6735,-0.4472,0.43666,-0.34075,-0.44085,2.04758,0.77561,0.79815,0.21611,162.3125,56.625,308.57142,344.34782,0.3,0.3,0.0,0.0,0.0,0.0,0.0,0.0,0.44736,0,0,1.5803,-3.95999,0.91167,0.0,1.0,1.0,0.0,0.0,0.0
210eoctv2ykh8ykv3u8h_0009,0.4444444444444444,16,36	-1.92706,-1.6735,-1.7377,0.00178,-0.7502,-0.5823,0.81298,0.50232,1.28143,0.27889,173.57222,56.46005,309.21172,140.31719,0.3,0.3,0.0,0.0,0.0,0.0,0.0,0.0,0.44444,0,0,0.4989,-2.87999,1.32585,0.0,1.0,1.0,0.0,0.0,0.0
3vzykw66uhzlhmcxwno_0000,0.4444444444444444,16,36	-1.92706,-1.6735,-2.19263,-0.28788,-0.91521,-0.30129,1.47828,0.73233,1.31548,0.18096,173.92201,56.69912,52.33091,54.30945,0.3,0.3,0.0,0.0,0.0,0.0,0.0,0.0,0.44444,0,0,0.28991,-3.07999,2.52276,0.0,0.0,1.0,1.0,0.0,0.0
22bqtkh6542blb796o54_0008,0.4444444444444444,16,36	-1.92706,-1.6735,-1.36961,-0.31475,-0.97175,0.0397,1.74438,0.5442,1.16288,0.24748,160.3826,45.63334,48.42813,312.04961,0.3,0.3,0.0,0.0,0.0,0.0,0.0,0.0,0.44444,0,0,0.74913,-2.55999,1.30485,0.0,0.0,0.0,0.0,0.0,0.0
7l2fkpbq202xpj2cf84_0018,0.43243243243243246,16,37	-1.92706,-1.6735,0.34782,0.43666,-0.34075,-0.44085,1.94755,0.69813,0.87776,0.20471,162.125,61.875,308.57142,120.74534,0.3,0.3,0.0,0.0,0.0,0.0,0.0,0.0,0.43243,0,0,1.60495,-4.65999,0.88275,0.0,1.0,1.0,0.0,0.0,0.0
20ouuumy8tibc9aqf0l6_0001,0.42857142857142855,15,35	-1.92706,-1.6735,-0.17478,0.15531,0.156,-0.73608,1.91402,0.76207,1.21875,0.29889,172.11933,47.89719,312.74414,37.62441,0.3,0.3,0.0,0.0,0.0,0.0,0.0,0.0,0.42857,0,0,1.08763,-5.21999,1.14305,0.0,0.0,0.0,0.0,0.0,0.0
7l0hvdf02lmrcnpntit_0024,0.42857142857142855,15,35	-1.92706,-1.6735,-2.39518,0.27852,0.00148,-0.93453,1.27735,0.60413,1.30806,0.28432,160.81453,56.8866,312.13607,224.95951,0.3,0.3,0.0,0.0,0.0,0.0,0.0,0.0,0.42857,0,0,0.5096,-5.81999,1.60702,0.0,0.0,1.0,0.0,0.0,0.0
7l2fkpbq202xpj2cf84_0001,0.42857142857142855,15,35	-1.92706,-1.6735,0.34782,0.43666,-0.34075,-0.44085,1.94755,0.69813,0.87776,0.20471,161.9375,61.875,306.3354,120.74534,0.3,0.3,0.0,0.0,0.0,0.0,0.0,0.0,0.42857,0,0,1.60495,-4.65999,0.88275,0.0,1.0,1.0,2.0,0.0,0.0
7l0hvdf02lmrcnpntit_0054,0.42105263157894735,16,38	-1.92706,-1.6735,-2.02957,-0.0378,-0.82007,-0.14488,0.81396,0.62215,1.06936,0.16699,157.47287,48.24149,46.92357,44.47577,0.3,0.3,0.0,0.0,0.0,0.0,0.0,0.0,0.42105,0,0,0.48704,-3.13999,1.39198,0.0,0.0,0.0,0.0,0.0,0.0
22bqtkh6542blb796o54_0006,0.4166666666666667,15,36	-1.92706,-1.6735,0.25646,0.18387,-0.37942,0.61018,2.0702,0.44069,1.25224,0.27073,156.9406,41.2975,303.84559,46.6584,0.3,0.3,0.0,0.0,0.0,0.0,0.0,0.0,0.41666,0,0,0.69448,-4.69999,1.54025,0.0,0.0,0.0,0.0,0.0,0.0
233fazhd131u1gbv1c1j_0003,0.4166666666666667,15,36	-1.92706,-1.6735,-1.31825,0.04455,-0.52009,0.21707,1.38208,0.63365,1.45341,0.31741,160.2854,59.21821,313.3683,227.32651,0.3,0.3,0.0,0.0,0.0,0.0,0.0,0.0,0.41666,0,0,0.62834,-2.57999,1.38296,0.0,1.0,1.0,0.0,0.0,0.0
qaw7i59134pk6cvmci_0001,0.4166666666666667,15,36	-1.92706,-1.6735,0.02604,-0.26394,-0.64102,-0.78684,1.84728,0.55389,0.88397,0.22192,154.05001,53.6383,312.1505,232.57107,0.3,0.3,0.0,0.0,0.0,0.0,0.0,0.0,0.41666,0,0,1.21498,-2.29999,0.997,0.0,0.0,0.0,0.0,0.0,0.0
7l2fkpbq202xpj2cf84_0022,0.4166666666666667,15,36	-1.92706,-1.6735,0.34782,0.43666,-0.34075,-0.44085,1.94755,0.69813,0.87776,0.20471,162.125,61.875,308.57142,120.74534,0.3,0.3,0.0,0.0,0.0,0.0,0.0,0.0,0.41666,0,0,1.60495,-4.65999,0.88275,0.0,1.0,1.0,0.0,0.0,0.0
23zou8u7071k4fkt58t8_0002,0.4166666666666667,15,36	-1.92706,-1.6735,-0.98265,-0.0307,-0.50812,0.12751,2.02869,0.67746,1.20313,0.3257,159.21137,50.1722,42.46889,309.10871,0.3,0.3,0.0,0.0,0.0,0.0,0.0,0.0,0.41666,0,0,1.35176,-3.61999,0.99188,0.0,0.0,1.0,1.0,0.0,0.0
23zou8u7071k4fkt58t8_0010,0.4166666666666667,15,36	-1.92706,-1.6735,-0.98537,-0.15903,-1.2231,-0.16422,1.94295,0.66923,1.02721,0.28871,165.67112,41.04096,57.05514,220.58298,0.3,0.3,0.0,0.0,0.0,0.0,0.0,0.0,0.41666,0,0,0.41376,-1.76,1.99703,0.0,0.0,1.0,0.0,0.0,0.0
22j5yozgmg0zskr9jsd7_0000,0.40540540540540543,15,37	-1.92706,-1.6735,0.10319,-0.32048,0.19785,-0.39073,2.06149,0.77031,1.10341,0.31335,158.4264,56.70541,308.08855,224.98811,0.3,0.3,0.0,0.0,0.0,0.0,0.0,0.0,0.40540,0,0,0.96486,-3.75999,1.26726,0.0,0.0,1.0,1.0,0.0,0.0
7l0hvdf02lmrcnpntit_0028,0.40540540540540543,15,37	-1.92706,-1.6735,-0.60647,-0.50563,-1.1763,0.05009,1.20794,0.74325,0.77224,0.2733,156.61821,58.91867,41.60159,38.72661,0.3,0.3,0.0,0.0,0.0,0.0,0.0,0.0,0.40540,0,0,0.80248,-1.74,1.10408,0.0,0.0,1.0,0.0,0.0,0.0
222by5zh769y2fu01vhd_0028,0.40540540540540543,15,37	-1.92706,-1.6735,-1.61959,0.15397,-0.29873,-0.66016,0.82525,0.5391,1.25572,0.25483,161.01438,52.21602,305.09781,44.87729,0.3,0.3,0.0,0.0,0.0,0.0,0.0,0.0,0.40540,0,0,0.25358,-2.47999,2.12267,0.0,0.0,1.0,0.0,0.0,0.0
7knexr1k7rdeeulm0yi_0005,0.4,14,35	-1.92706,-1.6735,1.36131,-0.59921,-0.98355,0.15854,1.61446,0.76266,0.67552,0.21602,172.34595,43.37579,45.82344,324.78682,0.3,0.3,0.0,0.0,0.0,0.0,0.0,0.0,0.4,0,0,3.89421,-1.54,0.44978,0.0,0.0,1.0,1.0,0.0,0.0
210eoctv2ykh8ykv3u8h_0004,0.3888888888888889,14,36	-1.92706,-1.6735,-1.54037,-0.01453,-0.42577,0.04534,1.36745,0.49275,0.6573,0.33767,172.625,55.3125,339.87577,22.36024,0.3,0.3,0.0,0.0,0.0,0.0,0.0,0.0,0.38888,0,0,4.24587,-3.45999,0.42393,0.0,1.0,1.0,1.0,0.0,0.0
210eoctv2ykh8ykv3u8h_0007,0.3888888888888889,14,36	-1.92706,-1.6735,-1.94123,-0.01453,-0.42577,-0.5823,1.36745,0.49275,0.6573,0.33767,171.3125,52.3125,348.81987,51.42857,0.3,0.3,0.0,0.0,0.0,0.0,0.0,0.0,0.38888,0,0,3.74069,-3.41999,0.45361,0.0,1.0,1.0,0.0,0.0,0.0
7l2fkpbq202xpj2cf84_0016,0.3888888888888889,14,36	-1.92706,-1.6735,0.04968,0.43666,-0.34075,-0.44085,1.94755,0.69813,0.87776,0.20471,162.125,61.875,308.57142,120.74534,0.3,0.3,0.0,0.0,0.0,0.0,0.0,0.0,0.38888,0,0,1.13298,-4.81999,1.1126,0.0,1.0,1.0,0.0,0.0,0.0
222by5zh769y2fu01vhd_0034,0.3888888888888889,14,36	-1.92706,-1.6735,-2.56723,-0.03976,-0.89994,0.03703,1.64256,0.7435,1.16464,0.3096,160.82135,57.15539,57.81995,44.97931,0.3,0.3,0.0,0.0,0.0,0.0,0.0,0.0,0.38888,0,0,0.31266,-4.19999,2.55473,0.0,0.0,1.0,0.0,0.0,0.0
7knexr1k7rdeeulm0yi_0002,0.3783783783783784,14,37	-1.92706,-1.6735,1.71264,-0.06335,-0.18574,0.15854,0.79447,0.55606,0.96104,0.28085,154.78512,42.22324,46.88133,41.47278,0.3,0.3,0.0,0.0,0.0,0.0,0.0,0.0,0.37837,0,0,1.20685,-3.63999,0.81124,0.0,0.0,1.0,1.0,0.0,0.0
7l2fkpbq202xpj2cf84_0021,0.37142857142857144,13,35	-1.92706,-1.6735,0.34782,0.43666,-0.34075,-0.44085,1.94755,0.69813,0.87776,0.20471,162.125,61.875,308.57142,120.74534,0.3,0.3,0.0,0.0,0.0,0.0,0.0,0.0,0.37142,0,0,1.60495,-4.65999,0.88275,0.0,1.0,1.0,0.0,0.0,0.0
23zou8u7071k4fkt58t8_0001,0.37142857142857144,13,35	-1.92706,-1.6735,1.271,0.21079,-0.20757,-0.16422,0.83745,0.76519,1.03885,0.15408,159.56425,57.3456,44.43753,311.54871,0.3,0.3,0.0,0.0,0.0,0.0,0.0,0.0,0.37142,0,0,0.39472,-4.01999,1.76853,0.0,0.0,1.0,1.0,0.0,0.0
7ijzze3xxdovxfmhacw_0003,0.3611111111111111,13,36	-1.92706,-1.6735,-0.66034,-0.09071,-0.48294,0.57734,1.38514,0.31407,1.08611,0.26789,169.99601,49.24969,48.30385,226.94679,0.3,0.3,0.0,0.0,0.0,0.0,0.0,0.0,0.36111,0,0,0.65733,-3.93999,1.36832,0.0,0.0,1.0,1.0,0.0,0.0
7ijzze3xxdovxfmhacw_0004,0.3611111111111111,13,36	-1.92706,-1.6735,-0.70156,-0.59651,-1.15071,0.57734,1.84363,0.77569,1.09566,0.19595,161.13398,41.39851,45.94538,313.2763,0.3,0.3,0.0,0.0,0.0,0.0,0.0,0.0,0.36111,0,0,0.70819,-1.68,1.34544,0.0,0.0,1.0,1.0,0.0,0.0
7knexr1k7rdeeulm0yi_0020,0.3611111111111111,13,36	-1.92706,-1.6735,1.21255,0.44854,-0.20104,0.15854,1.00259,0.71679,0.89238,0.31526,161.53296,41.64196,302.83848,40.88504,0.3,0.3,0.0,0.0,0.0,0.0,0.0,0.0,0.36111,0,0,0.69276,-6.5,1.28755,0.0,0.0,1.0,0.0,0.0,0.0
222by5zh769y2fu01vhd_0015,0.3611111111111111,13,36	-1.92706,-1.6735,-2.64454,0.10779,-0.35444,-1.00245,1.10617,0.76343,1.01405,0.25921,154.43011,53.87524,309.16464,136.46457,0.3,0.3,0.0,0.0,0.0,0.0,0.0,0.0,0.36111,0,0,1.62446,-4.35999,0.74849,0.0,0.0,1.0,0.0,0.0,0.0
222by5zh769y2fu01vhd_0020,0.3611111111111111,13,36	-1.92706,-1.6735,2.13474,-0.0408,0.22917,0.74052,1.34665,0.68165,1.0047,0.17747,165.19886,42.49916,44.79068,143.71868,0.3,0.3,0.0,0.0,0.0,0.0,0.0,0.0,0.36111,0,0,0.94549,-4.75999,1.10641,0.0,0.0,1.0,0.0,0.0,0.0
222by5zh769y2fu01vhd_0031,0.3611111111111111,13,36	-1.92706,-1.6735,-0.36886,0.22285,-0.51335,0.03703,1.47214,0.64161,1.17786,0.23911,170.09252,54.08695,311.28722,322.4401,0.3,0.3,0.0,0.0,0.0,0.0,0.0,0.0,0.36111,0,0,0.35623,-1.94,2.25267,0.0,0.0,1.0,0.0,0.0,0.0
22j5yozgmg0zskr9jsd7_0004,0.34285714285714286,12,35	-1.92706,-1.6735,-1.68944,0.0342,-0.38774,-0.39073,1.04343,0.44974,1.30351,0.20493,167.83536,53.4606,301.74683,308.38356,0.3,0.3,0.0,0.0,0.0,0.0,0.0,0.0,0.34285,0,0,0.7993,-3.39999,1.0851,0.0,0.0,1.0,0.0,0.0,0.0
7ijzze3xxdovxfmhacw_0002,0.34285714285714286,12,35	-1.92706,-1.6735,0.30626,0.48715,-0.1073,-0.4318,1.52563,0.76425,1.03121,0.32146,166.94915,58.85441,318.22838,316.19516,0.3,0.3,0.0,0.0,0.0,0.0,0.0,0.0,0.34285,0,0,1.42938,-5.71999,0.8996,0.0,0.0,1.0,1.0,0.0,0.0
7l2fkpbq202xpj2cf84_0004,0.34285714285714286,12,35	-1.92706,-1.6735,0.34782,0.43666,-0.34075,-0.44085,1.94755,0.69813,0.87776,0.20471,162.125,56.625,308.57142,164.34782,0.3,0.3,0.0,0.0,0.0,0.0,0.0,0.0,0.34285,0,0,1.60495,-4.65999,0.88275,0.0,1.0,1.0,1.0,0.0,0.0
233fazhd131u1gbv1c1j_0006,0.34210526315789475,13,38	-1.92706,-1.6735,-1.86971,-0.13444,-0.51069,0.21707,1.06812,0.66709,1.08025,0.22984,154.47024,41.98038,53.10286,45.45252,0.3,0.3,0.0,0.0,0.0,0.0,0.0,0.0,0.34210,0,0,0.41371,-6.34,1.81671,0.0,0.0,0.0,0.0,0.0,0.0
7l2fkpbq202xpj2cf84_0020,0.3333333333333333,12,36	-1.92706,-1.6735,0.34782,0.43666,-0.34075,-0.44085,1.94755,0.69813,0.87776,0.20471,162.125,61.875,308.57142,120.74534,0.3,0.3,0.0,0.0,0.0,0.0,0.0,0.0,0.33333,0,0,1.60495,-4.65999,0.88275,0.0,1.0,1.0,0.0,0.0,0.0
222by5zh769y2fu01vhd_0005,0.32432432432432434,12,37	-1.92706,-1.6735,0.36584,0.09809,-0.74522,-0.66016,1.64504,0.60266,1.13445,0.17285,169.44876,47.82135,312.70956,138.22094,0.3,0.3,0.0,0.0,0.0,0.0,0.0,0.0,0.32432,0,0,1.45128,-2.71999,0.88094,0.0,0.0,1.0,1.0,0.0,0.0
217wuprz0y4qzroowgbc_0011,0.32432432432432434,12,37	-1.92706,-1.6735,-1.99186,-0.73362,-1.20224,0.06848,1.4747,0.75837,1.11959,0.21122,162.1436,54.39143,53.18541,143.77691,0.3,0.3,0.0,0.0,0.0,0.0,0.0,0.0,0.32432,0,0,3.4519,-1.56,0.45771,0.0,0.0,1.0,1.0,0.0,0.0
7ijzze3xxdovxfmhacw_0007,0.3157894736842105,12,38	-1.92706,-1.6735,-1.96814,-0.11825,-0.47378,-0.4318,1.27323,0.63859,0.91228,0.19987,172.91859,51.00946,318.22832,324.84682,0.3,0.3,0.0,0.0,0.0,0.0,0.0,0.0,0.31578,0,0,1.93349,-2.71999,0.66568,0.0,0.0,1.0,0.0,0.0,0.0
222by5zh769y2fu01vhd_0004,0.3142857142857143,11,35	-1.92706,-1.6735,-2.03079,-0.23149,-1.06476,-0.66016,2.08249,0.55663,1.10141,0.24594,169.9043,58.39503,308.52716,140.58717,0.3,0.3,0.0,0.0,0.0,0.0,0.0,0.0,0.31428,0,0,1.35419,-2.09999,0.89567,0.0,0.0,1.0,1.0,0.0,0.0
798vaz8s1mqd851fh73_0005,0.3142857142857143,11,35	-1.92706,-1.6735,1.3339,-0.56979,-0.47434,-0.11008,1.76232,0.73864,0.89925,0.2335,160.8071,55.4249,314.3074,320.72096,0.3,0.3,0.0,0.0,0.0,0.0,0.0,0.0,0.31428,0,0,0.79432,-3.11999,1.3333,0.0,0.0,1.0,0.0,0.0,0.0
23zou8u7071k4fkt58t8_0003,0.3142857142857143,11,35	-1.92706,-1.6735,0.64423,-0.38313,-0.82824,-0.16422,1.73991,0.73365,1.25449,0.17911,164.02164,44.54161,310.78673,324.42929,0.3,0.3,0.0,0.0,0.0,0.0,0.0,0.0,0.31428,0,0,0.46107,-1.96,1.84239,0.0,0.0,1.0,1.0,0.0,0.0
qaw7i59134pk6cvmci_0000,0.3055555555555556,11,36	-1.92706,-1.6735,-0.28652,-0.33896,-0.96683,0.78067,1.77634,0.5676,0.91277,0.3086,159.67648,50.29563,50.11349,142.09606,0.3,0.3,0.0,0.0,0.0,0.0,0.0,0.0,0.30555,0,0,2.62,-1.86,0.59717,0.0,0.0,0.0,0.0,0.0,0.0
222by5zh769y2fu01vhd_0009,0.3055555555555556,11,36	-1.92706,-1.6735,0.45087,-0.32538,-1.09233,0.60215,1.94033,0.60432,1.02422,0.17364,159.09111,60.5134,55.53042,221.37232,0.3,0.3,0.0,0.0,0.0,0.0,0.0,0.0,0.30555,0,0,1.96969,-1.7,0.71992,0.0,0.0,1.0,1.0,0.0,0.0
217wuprz0y4qzroowgbc_0013,0.3055555555555556,11,36	-1.92706,-1.6735,1.26814,0.3261,-0.18121,0.93452,0.90767,0.63626,1.24703,0.29831,156.00867,46.2443,56.03878,128.90519,0.3,0.3,0.0,0.0,0.0,0.0,0.0,0.0,0.30555,0,0,1.60892,-5.67999,0.72592,0.0,0.0,1.0,1.0,0.0,0.0
7l0hvdf02lmrcnpntit_0026,0.2972972972972973,11,37	-1.92706,-1.6735,-0.45126,-0.2024,-0.63255,-0.93453,1.53138,0.65119,0.87017,0.28938,169.45253,58.6304,319.69843,35.22817,0.3,0.3,0.0,0.0,0.0,0.0,0.0,0.0,0.29729,0,0,6.56603,-2.13999,0.34276,0.0,0.0,1.0,0.0,0.0,0.0
7l2fkpbq202xpj2cf84_0005,0.2972972972972973,11,37	-1.92706,-1.6735,-1.44099,0.49013,-0.26901,-0.44085,2.04758,0.77561,0.79815,0.21611,162.49212,53.75507,309.86653,308.76578,0.3,0.3,0.0,0.0,0.0,0.0,0.0,0.0,0.29729,0,0,2.42501,-4.93999,0.68436,0.0,1.0,1.0,1.0,0.0,0.0
222by5zh769y2fu01vhd_0021,0.2972972972972973,11,37	-1.92706,-1.6735,1.15621,0.10302,-0.0639,0.74052,1.02291,0.32078,1.23195,0.22707,159.75393,41.05082,50.72237,131.60758,0.3,0.3,0.0,0.0,0.0,0.0,0.0,0.0,0.29729,0,0,0.29578,-3.39999,2.18397,0.0,0.0,1.0,0.0,0.0,0.0
23zou8u7071k4fkt58t8_0009,0.2972972972972973,11,37	-1.92706,-1.6735,0.68562,-0.3534,-0.26824,-0.16422,2.01771,0.34183,0.92442,0.29359,168.52864,60.70121,310.27711,314.98892,0.3,0.3,0.0,0.0,0.0,0.0,0.0,0.0,0.29729,0,0,1.16767,-3.37999,1.05204,0.0,0.0,1.0,0.0,0.0,0.0
7l0hvdf02lmrcnpntit_0000,0.2857142857142857,10,35	-1.92706,-1.6735,-0.05739,0.05664,-0.47636,0.05009,0.98508,0.70351,1.07549,0.15722,155.80313,43.33163,44.87033,234.99177,0.3,0.3,0.0,0.0,0.0,0.0,0.0,0.0,0.28571,0,0,0.64606,-3.43999,1.33504,0.0,0.0,1.0,2.0,0.0,0.0
7knexr1k7rdeeulm0yi_0001,0.2857142857142857,10,35	-1.92706,-1.6735,-1.88059,-0.07952,-0.86123,0.15854,0.92993,0.76167,0.94028,0.19923,161.33555,41.35089,56.6039,52.24979,0.3,0.3,0.0,0.0,0.0,0.0,0.0,0.0,0.28571,0,0,0.3807,-3.45999,1.7977,0.0,0.0,1.0,1.0,0.0,0.0
3vzykw66uhzlhmcxwno_0005,0.2777777777777778,10,36	-1.92706,-1.6735,0.79189,0.01606,-0.06023,-0.30129,1.72424,0.54946,0.81517,0.32444,163.39892,46.80476,318.23005,41.47767,0.3,0.3,0.0,0.0,0.0,0.0,0.0,0.0,0.27777,0,0,4.43629,-4.07999,0.44342,0.0,0.0,1.0,0.0,0.0,0.0
7l2fkpbq202xpj2cf84_0011,0.2777777777777778,10,36	-1.92706,-1.6735,-3.08525,0.22278,-0.25108,-0.44085,2.04758,0.77898,0.89001,0.21484,162.49212,53.75507,309.86653,308.76578,0.3,0.3,0.0,0.0,0.0,0.0,0.0,0.0,0.27777,0,0,3.1095,-4.97999,0.57595,0.0,1.0,1.0,0.0,0.0,0.0
222by5zh769y2fu01vhd_0025,0.2777777777777778,10,36	-1.92706,-1.6735,-0.55206,-0.42739,-0.97636,-0.66016,1.14813,0.73403,1.12348,0.30553,159.5928,43.68788,311.62903,219.33141,0.3,0.3,0.0,0.0,0.0,0.0,0.0,0.0,0.27777,0,0,0.9244,-1.68,0.99126,0.0,0.0,1.0,0.0,0.0,0.0
222by5zh769y2fu01vhd_0030,0.2777777777777778,10,36	-1.92706,-1.6735,-0.94923,0.18489,-0.55178,0.03703,0.96709,0.6354,1.21569,0.28396,160.94935,41.48618,45.21346,306.19261,0.3,0.3,0.0,0.0,0.0,0.0,0.0,0.0,0.27777,0,0,0.24322,0.0,2.72361,0.0,0.0,1.0,0.0,0.0,0.0
217wuprz0y4qzroowgbc_0008,0.2777777777777778,10,36	-1.92706,-1.6735,0.8745,0.02067,-0.31198,0.06848,1.30585,0.61948,0.82281,0.18446,154.33911,51.62037,49.56671,44.49779,0.3,0.3,0.0,0.0,0.0,0.0,0.0,0.0,0.27777,0,0,0.63106,-3.01999,1.40672,0.0,0.0,1.0,1.0,0.0,0.0
217wuprz0y4qzroowgbc_0026,0.2777777777777778,10,36	-1.92706,-1.6735,-0.54608,-0.37527,-1.37282,0.06848,1.76236,0.68143,0.83301,0.25467,154.51302,59.4823,311.2222,52.91684,0.3,0.3,0.0,0.0,0.0,0.0,0.0,0.0,0.27777,0,0,1.25242,-1.52,0.9042,0.0,0.0,1.0,0.0,0.0,0.0
217wuprz0y4qzroowgbc_0021,0.2631578947368421,10,38	-1.92706,-1.6735,-2.93924,0.02628,-0.54086,-0.64684,1.2904,0.48776,1.02548,0.15879,162.63423,45.46348,40.8742,226.65341,0.3,0.3,0.0,0.0,0.0,0.0,0.0,0.0,0.26315,0,0,0.62301,-6.44,1.38108,0.0,0.0,1.0,0.0,0.0,0.0
7l0hvdf02lmrcnpntit_0031,0.2571428571428571,9,35	-1.92706,-1.6735,-0.57878,-0.30194,-0.74499,0.05009,1.47353,0.5214,1.12376,0.16128,169.15475,57.01115,39.65139,313.95939,0.3,0.3,0.0,0.0,0.0,0.0,0.0,0.0,0.25714,0,0,0.48163,-2.33999,1.66722,0.0,0.0,1.0,0.0,0.0,0.0
7knexr1k7rdeeulm0yi_0013,0.2571428571428571,9,35	-1.92706,-1.6735,1.42406,0.22023,0.0558,-0.18488,1.84271,0.31445,1.26215,0.15614,170.05982,41.2499,49.18079,137.59946,0.3,0.3,0.0,0.0,0.0,0.0,0.0,0.0,0.25714,0,0,74.95293,-4.97999,0.09003,0.0,0.0,1.0,0.0,0.0,0.0
217wuprz0y4qzroowgbc_0018,0.2571428571428571,9,35	-1.92706,-1.6735,-0.22793,-0.525,-0.63103,-0.24117,1.24604,0.67469,1.1163,0.18454,166.75767,54.52934,306.4239,45.88732,0.3,0.3,0.0,0.0,0.0,0.0,0.0,0.0,0.25714,0,0,2.92739,-1.92,0.52094,0.0,0.0,1.0,0.0,0.0,0.0
23ytxmmeapve4rcijek1_0000,0.25,9,36	-1.92706,-1.6735,-1.30236,-0.33498,-0.90841,0.0559,0.95885,0.73302,1.2898,0.17097,169.6305,54.5611,41.0764,125.22791,0.3,0.3,0.0,0.0,0.0,0.0,0.0,0.0,0.25,0,0,0.42875,-2.55999,1.61688,0.0,0.0,0.0,0.0,0.0,0.0
23kf4sm4zs9ejnmil4y8_0008,0.25,9,36	-1.92706,-1.6735,-0.22034,-0.59994,-1.33588,0.56139,1.37241,0.52599,1.25425,0.27581,169.12285,43.14182,45.28364,222.66209,0.3,0.3,0.0,0.0,0.0,0.0,0.0,0.0,0.25,0,0,1.79182,-1.48,0.65744,0.0,0.0,1.0,0.0,0.0,0.0
7l2fkpbq202xpj2cf84_0006,0.25,9,36	-1.92706,-1.6735,-1.44099,0.43666,-0.34075,-0.44085,2.04758,0.77561,0.79815,0.21611,162.3125,56.625,308.57142,344.34782,0.3,0.3,0.0,0.0,0.0,0.0,0.0,0.0,0.25,0,0,2.27329,-4.57999,0.71363,0.0,1.0,1.0,1.0,0.0,0.0
222by5zh769y2fu01vhd_0010,0.25,9,36	-1.92706,-1.6735,-0.90937,-0.36394,0.17845,-0.66016,1.32661,0.62251,1.15528,0.16791,166.13422,55.8284,301.97679,225.32281,0.3,0.3,0.0,0.0,0.0,0.0,0.0,0.0,0.25,0,0,3.32307,-3.31999,0.50121,0.0,0.0,1.0,1.0,0.0,0.0
23zou8u7071k4fkt58t8_0004,0.25,9,36	-1.92706,-1.6735,-0.67061,0.3395,-0.51306,0.12751,1.4487,0.70482,1.29961,0.27814,171.03903,55.22078,49.62543,144.55426,0.3,0.3,0.0,0.0,0.0,0.0,0.0,0.0,0.25,0,0,0.47361,-7.42,1.86928,0.0,0.0,1.0,1.0,0.0,0.0
7l2lrdlyy88r7ltz10s_0000,0.24324324324324326,9,37	-1.92706,-1.6735,0.66235,-0.21946,-0.79554,-0.1511,1.36438,0.75974,0.75025,0.30769,154.40939,53.63092,55.02413,307.89119,0.3,0.3,0.0,0.0,0.0,0.0,0.0,0.0,0.24324,0,0,1.94464,-2.05999,0.6927,0.0,0.0,0.0,0.0,0.0,0.0
7l2fkpbq202xpj2cf84_0012,0.22857142857142856,8,35	-1.92706,-1.6735,-3.13043,0.22278,-0.25108,-0.44085,2.04758,0.77898,0.79815,0.21611,162.49212,53.75507,309.86653,308.76578,0.3,0.3,0.0,0.0,0.0,0.0,0.0,0.0,0.22857,0,0,2.02349,-4.61999,0.75037,0.0,1.0,1.0,0.0,0.0,0.0
225dpmq3pztpvjmpefhp_0002,0.2222222222222222,8,36	-1.92706,-1.6735,-1.12412,-0.25113,-0.71326,-0.58493,1.75938,0.62074,1.03276,0.26257,164.83368,52.00292,311.56959,215.10651,0.3,0.3,0.0,0.0,0.0,0.0,0.0,0.0,0.22222,0,0,1.79322,-2.0,0.74791,0.0,0.0,0.0,0.0,0.0,0.0
7ijzze3xxdovxfmhacw_0000,0.2222222222222222,8,36	-1.92706,-1.6735,-0.84942,-0.00556,-0.5936,-0.4318,1.40121,0.37041,1.16729,0.19677,167.70509,59.23886,38.72533,45.24012,0.3,0.3,0.0,0.0,0.0,0.0,0.0,0.0,0.22222,0,0,1.18626,-3.51999,0.93377,0.0,0.0,1.0,1.0,0.0,0.0
7ijzze3xxdovxfmhacw_0012,0.2222222222222222,8,36	-1.92706,-1.6735,1.01181,-0.33786,0.039,0.57734,1.97901,0.3138,1.09238,0.18134,154.6758,59.60602,53.95166,233.3587,0.3,0.3,0.0,0.0,0.0,0.0,0.0,0.0,0.22222,0,0,8.92243,-2.73999,0.29393,0.0,0.0,1.0,0.0,0.0,0.0
7l0hvdf02lmrcnpntit_0010,0.2222222222222222,8,36	-1.92706,-1.6735,0.51129,-0.07122,-0.59544,0.05009,1.64523,0.77004,1.17782,0.30952,172.35485,51.93187,44.7053,314.13932,0.3,0.3,0.0,0.0,0.0,0.0,0.0,0.0,0.22222,0,0,4.87018,-2.29999,0.42313,0.0,0.0,1.0,1.0,0.0,0.0
7l0hvdf02lmrcnpntit_0029,0.2222222222222222,8,36	-1.92706,-1.6735,-0.95161,-0.26723,-0.55301,0.05009,1.11765,0.4663,0.79936,0.22914,155.1654,58.40674,317.05503,36.275,0.3,0.3,0.0,0.0,0.0,0.0,0.0,0.0,0.22222,0,0,0.71824,-2.21999,1.13318,0.0,0.0,1.0,0.0,0.0,0.0
7knexr1k7rdeeulm0yi_0010,0.2222222222222222,8,36	-1.92706,-1.6735,-3.71789,0.00777,-0.54941,-0.57007,1.20143,0.72516,1.26564,0.16028,161.00392,59.3681,302.27758,37.3966,0.3,0.3,0.0,0.0,0.0,0.0,0.0,0.0,0.22222,0,0,0.86734,-4.07999,1.06938,0.0,0.0,1.0,0.0,0.0,0.0
7l2fkpbq202xpj2cf84_0003,0.2222222222222222,8,36	-1.92706,-1.6735,-1.44099,0.45448,-0.26901,-0.44085,2.04758,0.77561,0.79815,0.21611,162.49212,53.75507,309.86653,308.76578,0.3,0.3,0.0,0.0,0.0,0.0,0.0,0.0,0.22222,0,0,2.76457,-4.67999,0.63027,0.0,1.0,1.0,1.0,0.0,0.0
798vaz8s1mqd851fh73_0003,0.2222222222222222,8,36	-1.92706,-1.6735,-1.55636,-0.1913,-0.60469,-0.11008,2.03624,0.7106,0.86308,0.29568,165.68501,51.71741,311.09852,42.14315,0.3,0.3,0.0,0.0,0.0,0.0,0.0,0.0,0.22222,0,0,2.09854,-2.09999,0.71196,0.0,0.0,1.0,0.0,0.0,0.0
217wuprz0y4qzroowgbc_0019,0.2222222222222222,8,36	-1.92706,-1.6735,-1.17148,-0.50317,-1.24987,-0.24117,2.1212,0.74043,1.22111,0.31019,173.74305,53.87328,49.18625,234.48449,0.3,0.3,0.0,0.0,0.0,0.0,0.0,0.0,0.22222,0,0,0.35018,-1.38,2.17625,0.0,0.0,1.0,0.0,0.0,0.0
22bqtkh6542blb796o54_0007,0.21621621621621623,8,37	-1.92706,-1.6735,-0.00605,-0.2912,-1.24909,-0.35831,1.85442,0.72464,0.98575,0.29043,166.75397,57.15548,51.61577,318.24303,0.3,0.3,0.0,0.0,0.0,0.0,0.0,0.0,0.21621,0,0,1.34607,-1.66,0.90953,0.0,0.0,0.0,0.0,0.0,0.0
7l2fkpbq202xpj2cf84_0023,0.21621621621621623,8,37	-1.92706,-1.6735,-3.08525,-0.01393,-0.30134,-0.44085,1.83294,0.7753,1.03076,0.20576,162.49212,53.75507,309.86653,308.76578,0.3,0.3,0.0,0.0,0.0,0.0,0.0,0.0,0.21621,0,0,10.31426,-4.19999,0.27591,0.0,0.0,1.0,0.0,0.0,0.0
22j5yozgmg0zskr9jsd7_0003,0.2,7,35	-1.92706,-1.6735,-4.3889,-0.74305,-0.34828,-0.39073,1.43973,0.76969,1.1878,0.16306,168.01312,49.35304,310.42538,219.83886,0.3,0.3,0.0,0.0,0.0,0.0,0.0,0.0,0.2,0,0,0.92738,-4.07999,1.05761,0.0,0.0,1.0,0.0,0.0,0.0
7l0hvdf02lmrcnpntit_0043,0.2,7,35	-1.92706,-1.6735,-2.22173,-0.05794,-0.23292,-0.77829,1.14751,0.65104,0.83166,0.15136,167.57835,43.5281,320.44651,38.22901,0.3,0.3,0.0,0.0,0.0,0.0,0.0,0.0,0.2,0,0,1.28082,-3.29999,0.84652,0.0,0.0,1.0,0.0,0.0,0.0
7knexr1k7rdeeulm0yi_0021,0.2,7,35	-1.92706,-1.6735,-0.10305,-0.43586,-1.33059,0.15854,2.02643,0.43118,1.20069,0.30169,173.50477,59.10263,52.781,309.91367,0.3,0.3,0.0,0.0,0.0,0.0,0.0,0.0,0.2,0,0,0.65022,-1.42,1.3436,0.0,0.0,1.0,0.0,0.0,0.0
222by5zh769y2fu01vhd_0027,0.2,7,35	-1.92706,-1.6735,-1.91054,-0.02623,-0.40926,-0.66016,1.33636,0.28737,1.14553,0.21361,172.16051,54.2412,303.70004,53.79115,0.3,0.3,0.0,0.0,0.0,0.0,0.0,0.0,0.2,0,0,0.83197,-3.05999,1.07268,0.0,0.0,1.0,0.0,0.0,0.0
79obho9m8n2rqfpqex0_0010,0.19444444444444445,7,36	-1.92706,-1.6735,-2.33305,-0.69646,-0.84711,-0.8376,1.70869,0.24187,0.90153,0.30292,157.00607,47.34041,50.5424,36.78522,0.3,0.3,0.0,0.0,0.0,0.0,0.0,0.0,0.19444,0,0,0.61568,-2.83999,1.34489,0.0,0.0,1.0,0.0,0.0,0.0
222by5zh769y2fu01vhd_0019,0.19444444444444445,7,36	-1.92706,-1.6735,-1.94927,-0.62152,-1.15224,-1.00245,1.76544,0.45806,0.71487,0.27323,154.76747,58.01061,44.53709,38.40931,0.3,0.3,0.0,0.0,0.0,0.0,0.0,0.0,0.19444,0,0,1.08386,-2.05999,0.9538,0.0,0.0,1.0,0.0,0.0,0.0
7l0hvdf02lmrcnpntit_0001,0.1891891891891892,7,37	-1.92706,-1.6735,-2.81517,-0.31515,-0.8384,-0.77829,1.28857,0.66671,0.96644,0.25881,164.50771,51.6578,44.82627,52.23862,0.3,0.3,0.0,0.0,0.0,0.0,0.0,0.0,0.18918,0,0,0.5492,-3.63999,1.45801,0.0,0.0,1.0,2.0,0.0,0.0
7knexr1k7rdeeulm0yi_0003,0.1891891891891892,7,37	-1.92706,-1.6735,-0.18178,-0.08538,0.02179,0.15854,1.57705,0.61615,1.21107,0.28393,164.70713,57.63211,52.19013,36.41375,0.3,0.3,0.0,0.0,0.0,0.0,0.0,0.0,0.18918,0,0,0.68762,-4.91999,1.44695,0.0,0.0,1.0,1.0,0.0,0.0
222by5zh769y2fu01vhd_0039,0.18421052631578946,7,38	-1.92706,-1.6735,-1.61499,-0.27877,-0.39897,-0.90967,1.3115,0.62174,0.90024,0.18974,171.21553,54.87628,310.0314,48.99704,0.3,0.3,0.0,0.0,0.0,0.0,0.0,0.0,0.18421,0,0,1.42487,-2.33999,0.79692,0.0,0.0,1.0,0.0,0.0,0.0
23zou8u7071k4fkt58t8_0006,0.18421052631578946,7,38	-1.92706,-1.6735,-0.71824,-0.3274,-0.75461,0.12751,1.99058,0.46188,1.28536,0.16919,158.71483,43.00247,53.93495,142.02752,0.3,0.3,0.0,0.0,0.0,0.0,0.0,0.0,0.18421,0,0,1.69543,-2.35999,0.81183,0.0,0.0,1.0,0.0,0.0,0.0
217wuprz0y4qzroowgbc_0033,0.18421052631578946,7,38	-1.92706,-1.6735,-0.12309,-0.50401,-1.18334,0.72089,1.77461,0.60392,0.83657,0.21005,166.11381,53.22444,52.7467,230.63804,0.3,0.3,0.0,0.0,0.0,0.0,0.0,0.0,0.18421,0,0,2.63175,-1.56,0.58327,0.0,0.0,1.0,0.0,0.0,0.0
rbm81gbzkzstbeeibr_0001,0.17142857142857143,6,35	-1.92706,-1.6735,-1.46297,-0.19676,-1.08693,0.12423,0.73676,0.6792,0.75098,0.1733,164.18459,56.42542,40.30664,136.97798,0.3,0.3,0.0,0.0,0.0,0.0,0.0,0.0,0.17142,0,0,0.27229,-2.21999,1.96949,0.0,0.0,0.0,0.0,0.0,0.0
7ijzze3xxdovxfmhacw_0011,0.16666666666666666,6,36	-1.92706,-1.6735,-3.80524,-0.45062,-0.41872,0.57734,1.54107,0.72551,1.2949,0.30438,160.52884,53.59646,41.28214,125.732,0.3,0.3,0.0,0.0,0.0,0.0,0.0,0.0,0.16666,0,0,1.47989,-4.87999,0.8346,0.0,0.0,1.0,0.0,0.0,0.0
23w8ibhadyw8v8z1i43s_0001,0.16666666666666666,6,36	-1.92706,-1.6735,-1.96122,-0.50699,-0.07097,0.18757,1.65885,0.35006,1.13865,0.23203,170.9465,59.39152,227.41693,53.02175,0.3,0.3,0.0,0.0,0.0,0.0,0.0,0.0,0.16666,0,0,2.08322,-4.03999,0.67187,0.0,0.0,0.0,0.0,0.0,0.0
7l0hvdf02lmrcnpntit_0018,0.16666666666666666,6,36	-1.92706,-1.6735,1.00208,0.17001,-0.08576,-0.77829,0.81392,0.29799,1.14762,0.29202,165.7941,51.55152,44.59898,230.82646,0.3,0.3,0.0,0.0,0.0,0.0,0.0,0.0,0.16666,0,0,1.62559,-5.51999,0.65664,0.0,0.0,1.0,1.0,0.0,0.0
7knexr1k7rdeeulm0yi_0000,0.16666666666666666,6,36	-1.92706,-1.6735,-1.25469,-0.58408,-1.33287,0.15854,2.04168,0.34563,0.96302,0.15424,154.92542,45.15282,43.81618,222.07363,0.3,0.3,0.0,0.0,0.0,0.0,0.0,0.0,0.16666,0,0,0.58125,-1.74,1.44328,0.0,0.0,1.0,2.0,0.0,0.0
222by5zh769y2fu01vhd_0014,0.16666666666666666,6,36	-1.92706,-1.6735,3.04168,0.05562,-0.30077,0.60215,1.39271,0.65551,1.14712,0.30315,170.15425,43.99978,52.30531,52.73322,0.3,0.3,0.0,0.0,0.0,0.0,0.0,0.0,0.16666,0,0,1.34836,-3.87999,0.85328,0.0,0.0,1.0,1.0,0.0,0.0
217wuprz0y4qzroowgbc_0030,0.16666666666666666,6,36	-1.92706,-1.6735,0.25775,-0.66712,-0.1753,0.06848,1.92714,0.64114,1.03893,0.30763,161.96449,52.00772,309.94989,227.07738,0.3,0.3,0.0,0.0,0.0,0.0,0.0,0.0,0.16666,0,0,6.34035,-2.02,0.36825,0.0,0.0,1.0,0.0,0.0,0.0
22j5yozgmg0zskr9jsd7_0011,0.16216216216216217,6,37	-1.92706,-1.6735,-5.18704,-0.61237,-0.24965,0.18914,1.47795,0.75938,1.31419,0.29343,164.51137,55.97433,302.86022,38.54589,0.3,0.3,0.0,0.0,0.0,0.0,0.0,0.0,0.16216,0,0,2.57756,-4.01999,0.56199,0.0,0.0,0.0,0.0,0.0,0.0
7ijzze3xxdovxfmhacw_0010,0.16216216216216217,6,37	-1.92706,-1.6735,-1.52449,0.34004,0.32849,0.57734,1.78236,0.43612,1.17219,0.31493,159.18947,58.27617,319.70405,127.77229,0.3,0.3,0.0,0.0,0.0,0.0,0.0,0.0,0.16216,0,0,1.38863,-7.2,0.90739,0.0,0.0,1.0,0.0,0.0,0.0
23w8ibhadyw8v8z1i43s_0000,0.16216216216216217,6,37	-1.92706,-1.6735,-0.81506,-0.95207,-0.79502,0.18757,1.76987,0.43315,1.18384,0.23453,168.44703,50.29971,42.73554,141.65449,0.3,0.3,0.0,0.0,0.0,0.0,0.0,0.0,0.16216,0,0,953.42064,-1.4,0.02418,0.0,0.0,0.0,0.0,0.0,0.0
79obho9m8n2rqfpqex0_0005,0.16216216216216217,6,37	-1.92706,-1.6735,-2.02584,0.14242,-0.78176,1.06563,2.09937,0.40806,1.15086,0.1773,160.21733,52.32603,303.81817,230.70961,0.3,0.3,0.0,0.0,0.0,0.0,0.0,0.0,0.16216,0,0,0.84653,-3.27999,1.27037,0.0,0.0,1.0,0.0,0.0,0.0
7knexr1k7rdeeulm0yi_0006,0.16216216216216217,6,37	-1.92706,-1.6735,3.94775,-0.01119,0.1185,0.15854,2.00891,0.77663,1.19507,0.28478,157.05105,55.80073,43.62679,221.31172,0.3,0.3,0.0,0.0,0.0,0.0,0.0,0.0,0.16216,0,0,0.70729,-4.33999,1.41319,0.0,0.0,1.0,1.0,0.0,0.0
23kf4sm4zs9ejnmil4y8_0003,0.14285714285714285,5,35	-1.92706,-1.6735,-0.66387,-0.0681,-0.2719,0.49608,1.59782,0.55075,1.29183,0.31089,167.612,44.55209,318.58575,230.32158,0.3,0.3,0.0,0.0,0.0,0.0,0.0,0.0,0.14285,0,0,0.51722,-2.63999,1.67311,0.0,0.0,1.0,2.0,0.0,0.0
7l0hvdf02lmrcnpntit_0053,0.14285714285714285,5,35	-1.92706,-1.6735,-1.35739,0.02555,-0.28688,0.03706,2.05837,0.60908,1.12883,0.20308,160.70232,50.26249,317.90748,217.42566,0.3,0.3,0.0,0.0,0.0,0.0,0.0,0.0,0.14285,0,0,1.05399,-2.77999,1.13091,0.0,0.0,0.0,0.0,0.0,0.0
798vaz8s1mqd851fh73_0004,0.14285714285714285,5,35	-1.92706,-1.6735,-0.3716,-0.04201,-0.87231,-0.11008,0.99632,0.66428,1.01345,0.33002,163.98004,45.45183,57.9739,309.81236,0.3,0.3,0.0,0.0,0.0,0.0,0.0,0.0,0.14285,0,0,0.72633,-2.53999,1.19231,0.0,0.0,1.0,0.0,0.0,0.0
217wuprz0y4qzroowgbc_0007,0.14285714285714285,5,35	-1.92706,-1.6735,-0.49573,-0.17535,-0.84207,0.06848,1.54342,0.45872,1.30467,0.31431,164.51148,55.59636,305.49906,232.01907,0.3,0.3,0.0,0.0,0.0,0.0,0.0,0.0,0.14285,0,0,0.56761,-1.88,1.42795,0.0,0.0,1.0,1.0,0.0,0.0
217wuprz0y4qzroowgbc_0027,0.14285714285714285,5,35	-1.92706,-1.6735,2.36812,0.16886,-0.14611,0.06848,1.12445,0.4854,1.18512,0.28932,163.20162,58.0678,45.00403,143.70597,0.3,0.3,0.0,0.0,0.0,0.0,0.0,0.0,0.14285,0,0,1.71805,-5.21999,0.70017,0.0,0.0,1.0,0.0,0.0,0.0
217wuprz0y4qzroowgbc_0028,0.14285714285714285,5,35	-1.92706,-1.6735,-0.38492,-0.46859,-0.0424,0.06848,1.65574,0.74367,0.67578,0.32736,165.6632,44.76807,51.97071,42.11707,0.3,0.3,0.0,0.0,0.0,0.0,0.0,0.0,0.14285,0,0,10.18159,-2.27999,0.27521,0.0,0.0,1.0,0.0,0.0,0.0
7c7t8j95w77606ntrpj_0002,0.1388888888888889,5,36	-1.92706,-1.6735,-1.00609,-0.43746,-0.91205,-0.57007,1.01055,0.43363,1.22148,0.24617,166.80188,56.04209,313.04864,139.52698,0.3,0.3,0.0,0.0,0.0,0.0,0.0,0.0,0.13888,0,0,1.07234,-1.82,0.81432,0.0,0.0,0.0,0.0,0.0,0.0
22bqtkh6542blb796o54_0000,0.1388888888888889,5,36	-1.92706,-1.6735,-1.60619,-0.08658,-0.93678,0.0397,0.84587,0.65256,0.95015,0.29817,154.32091,43.72151,317.08034,42.27144,0.3,0.3,0.0,0.0,0.0,0.0,0.0,0.0,0.13888,0,0,0.52027,-2.21999,1.28963,0.0,0.0,1.0,1.0,0.0,0.0
22bqtkh6542blb796o54_0002,0.1388888888888889,5,36	-1.92706,-1.6735,0.15093,-0.84056,-0.10538,0.69396,1.29531,0.3868,0.99844,0.26329,164.63416,41.49029,121.73534,229.11932,0.3,0.3,0.0,0.0,0.0,0.0,0.0,0.0,0.13888,0,0,0.57893,-2.09999,1.34941,0.0,0.0,0.0,0.0,0.0,0.0
23kf4sm4zs9ejnmil4y8_0001,0.1388888888888889,5,36	-1.92706,-1.6735,-1.57303,0.26079,-0.41368,0.49608,2.02993,0.48155,1.24738,0.25784,162.63684,60.64237,319.78993,321.48997,0.3,0.3,0.0,0.0,0.0,0.0,0.0,0.0,0.13888,0,0,0.5619,-3.05999,1.67948,0.0,0.0,1.0,2.0,0.0,0.0
233fazhd131u1gbv1c1j_0002,0.1388888888888889,5,36	-1.92706,-1.6735,-1.74264,-0.02673,-0.6277,0.21707,0.95641,0.65771,1.01777,0.18746,166.27756,44.05926,317.79193,316.27977,0.3,0.3,0.0,0.0,0.0,0.0,0.0,0.0,0.13888,0,0,0.78226,-2.75999,1.08761,0.0,1.0,1.0,1.0,0.0,0.0
217wuprz0y4qzroowgbc_0020,0.1388888888888889,5,36	-1.92706,-1.6735,0.21175,-0.19337,-0.61084,-0.24117,1.67456,0.59353,0.79408,0.22073,162.12027,50.20737,50.17493,37.14184,0.3,0.3,0.0,0.0,0.0,0.0,0.0,0.0,0.13888,0,0,0.98142,-2.35999,1.11658,0.0,0.0,1.0,0.0,0.0,0.0
7ijzze3xxdovxfmhacw_0016,0.13513513513513514,5,37	-1.92706,-1.6735,0.0712,-0.38976,-0.64825,1.04738,0.76475,0.49116,0.80638,0.29011,161.66574,57.70743,314.74414,308.3774,0.3,0.3,0.0,0.0,0.0,0.0,0.0,0.0,0.13513,0,0,0.81984,-2.37999,0.98079,0.0,0.0,0.0,0.0,0.0,0.0
23kf4sm4zs9ejnmil4y8_0007,0.13513513513513514,5,37	-1.92706,-1.6735,-1.18913,-0.17147,-1.05116,0.56139,1.10992,0.6666,1.08762,0.17312,169.11821,53.66797,44.21917,125.70357,0.3,0.3,0.0,0.0,0.0,0.0,0.0,0.0,0.13513,0,0,0.75293,-2.23999,1.14308,0.0,0.0,1.0,0.0,0.0,0.0
7l0hvdf02lmrcnpntit_0040,0.13513513513513514,5,37	-1.92706,-1.6735,-1.02325,0.3258,-0.41393,0.92878,1.29613,0.6309,0.93584,0.3073,169.49658,46.76917,38.55049,234.73338,0.3,0.3,0.0,0.0,0.0,0.0,0.0,0.0,0.13513,0,0,1.14496,-5.21999,0.98048,0.0,0.0,1.0,0.0,0.0,0.0
217wuprz0y4qzroowgbc_0017,0.13513513513513514,5,37	-1.92706,-1.6735,-0.22793,-0.525,-0.63103,-0.24117,1.24604,0.67469,1.1163,0.18454,166.75767,54.52934,306.4239,45.88732,0.3,0.3,0.0,0.0,0.0,0.0,0.0,0.0,0.13513,0,0,2.92739,-1.92,0.52094,0.0,0.0,1.0,0.0,0.0,0.0
7c7t8j95w77606ntrpj_0001,0.13157894736842105,5,38	-1.92706,-1.6735,-3.96629,-0.38297,-0.64498,-1.06191,1.3589,0.75735,1.00884,0.28382,167.15729,42.36782,311.06112,217.81398,0.3,0.3,0.0,0.0,0.0,0.0,0.0,0.0,0.13157,0,0,1.02999,-4.25999,0.99696,0.0,0.0,0.0,0.0,0.0,0.0
3wsjgq9lrb1pprfje7y_0001,0.13157894736842105,5,38	-1.92706,-1.6735,0.22916,-0.27826,-0.72631,0.31346,1.17615,0.57469,1.08425,0.20756,160.07249,47.59526,310.28046,46.26357,0.3,0.3,0.0,0.0,0.0,0.0,0.0,0.0,0.13157,0,0,0.41935,-2.05999,1.68283,0.0,0.0,0.0,0.0,0.0,0.0
23ytxmmeapve4rcijek1_0001,0.11428571428571428,4,35	-1.92706,-1.6735,-1.49311,-0.37128,-0.90167,-0.09358,1.10832,0.72143,0.72415,0.18589,171.72176,52.6127,312.45053,224.05968,0.3,0.3,0.0,0.0,0.0,0.0,0.0,0.0,0.11428,0,0,1.87752,-1.94,0.64124,0.0,0.0,0.0,0.0,0.0,0.0
23kf4sm4zs9ejnmil4y8_0013,0.11428571428571428,4,35	-1.92706,-1.6735,0.05357,-0.36932,-1.22163,0.49608,1.26433,0.52549,1.06641,0.22568,171.63476,60.73729,310.58771,35.36329,0.3,0.3,0.0,0.0,0.0,0.0,0.0,0.0,0.11428,0,0,0.34783,-1.3,1.67222,0.0,0.0,1.0,0.0,0.0,0.0
22j5yozgmg0zskr9jsd7_0005,0.1111111111111111,4,36	-1.92706,-1.6735,-0.28044,-0.28289,0.09231,-0.81433,2.06626,0.46165,1.03428,0.29262,157.13314,41.3093,302.9982,313.1334,0.3,0.3,0.0,0.0,0.0,0.0,0.0,0.0,0.11111,0,0,12.3983,-2.71999,0.25146,0.0,0.0,0.0,0.0,0.0,0.0
210eoctv2ykh8ykv3u8h_0017,0.1111111111111111,4,36	-1.92706,-1.6735,-0.62497,0.19269,-0.51529,-0.5823,1.27652,0.38698,0.89412,0.18253,156.36062,50.72272,304.95799,323.32716,0.3,0.3,0.0,0.0,0.0,0.0,0.0,0.0,0.11111,0,0,0.41619,-3.15999,1.79472,0.0,0.0,1.0,0.0,0.0,0.0
210eoctv2ykh8ykv3u8h_0020,0.1111111111111111,4,36	-1.92706,-1.6735,-1.19682,-1.1868,-0.85134,0.04534,1.50407,0.75317,0.84782,0.28987,165.68683,50.71612,134.6903,230.81865,0.3,0.3,0.0,0.0,0.0,0.0,0.0,0.0,0.11111,0,0,6.01256,-1.26,0.33423,0.0,0.0,1.0,0.0,0.0,0.0
210eoctv2ykh8ykv3u8h_0021,0.1111111111111111,4,36	-1.92706,-1.6735,-0.24159,-0.18356,0.39959,0.04534,1.20834,0.51713,1.07081,0.2166,157.21628,55.40887,221.17092,229.54237,0.3,0.3,0.0,0.0,0.0,0.0,0.0,0.0,0.11111,0,0,0.83529,-6.72,1.16641,0.0,0.0,1.0,0.0,0.0,0.0
23ytxmmeapve4rcijek1_0002,0.1111111111111111,4,36	-1.92706,-1.6735,-0.60929,-0.06852,-1.33455,0.45286,1.89652,0.58457,1.22071,0.2064,156.65035,56.99992,311.9667,223.67793,0.3,0.3,0.0,0.0,0.0,0.0,0.0,0.0,0.11111,0,0,0.69086,-1.68,1.34177,0.0,0.0,0.0,0.0,0.0,0.0
233fazhd131u1gbv1c1j_0004,0.1111111111111111,4,36	-1.92706,-1.6735,-1.74264,-0.19488,-0.46471,0.21707,1.76803,0.36599,1.01777,0.18746,166.27756,44.05926,317.79193,316.27977,0.3,0.3,0.0,0.0,0.0,0.0,0.0,0.0,0.11111,0,0,3.34204,-2.45999,0.49942,0.0,0.0,1.0,0.0,0.0,0.0
7l0hvdf02lmrcnpntit_0009,0.1111111111111111,4,36	-1.92706,-1.6735,0.06837,-0.10025,-0.57769,0.05009,1.98935,0.32618,1.18009,0.30225,157.65617,45.23503,314.46532,142.04993,0.3,0.3,0.0,0.0,0.0,0.0,0.0,0.0,0.11111,0,0,1.46297,-2.69999,0.89323,0.0,0.0,1.0,1.0,0.0,0.0
23zou8u7071k4fkt58t8_0008,0.1111111111111111,4,36	-1.92706,-1.6735,-2.37916,-0.48643,-0.90012,-0.16422,1.75199,0.59316,0.7494,0.20979,168.80803,50.14884,56.04817,309.92113,0.3,0.3,0.0,0.0,0.0,0.0,0.0,0.0,0.11111,0,0,1.87795,-2.47999,0.71096,0.0,0.0,1.0,0.0,0.0,0.0
1ssymwgq45a1pw615cg2_0000,0.1111111111111111,4,36	-1.92706,-1.6735,-1.92548,-0.12557,-0.91712,-0.81509,0.8578,0.55819,1.04466,0.20366,167.76008,43.89211,40.46366,322.22213,0.3,0.3,0.0,0.0,0.0,0.0,0.0,0.0,0.11111,0,0,0.48054,-2.85999,1.37806,0.0,0.0,1.0,1.0,0.0,0.0
217wuprz0y4qzroowgbc_0025,0.10810810810810811,4,37	-1.92706,-1.6735,0.38028,-0.69125,-0.45045,-0.64684,1.8824,0.7234,1.05202,0.1831,154.03234,51.07271,53.88247,37.99881,0.3,0.3,0.0,0.0,0.0,0.0,0.0,0.0,0.10810,0,0,1.40004,-1.8,0.90203,0.0,0.0,1.0,0.0,0.0,0.0
1ssymwgq45a1pw615cg2_0004,0.10810810810810811,4,37	-1.92706,-1.6735,0.4851,-0.64063,-0.63991,-0.81509,1.16419,0.60716,1.1165,0.23157,163.41048,58.27074,307.6923,40.0,0.3,0.3,0.0,0.0,0.0,0.0,0.0,0.0,0.10810,0,0,0.7587,-2.13999,1.155,0.0,1.0,1.0,0.0,0.0,0.0
217wuprz0y4qzroowgbc_0042,0.10526315789473684,4,38	-1.92706,-1.6735,-0.71598,-0.00148,-1.24158,0.93452,2.13969,0.76513,0.80192,0.2893,157.32611,55.88911,56.64227,134.04586,0.3,0.3,0.0,0.0,0.0,0.0,0.0,0.0,0.10526,0,0,0.8762,-1.84,1.26028,0.0,0.0,1.0,0.0,0.0,0.0
22j5yozgmg0zskr9jsd7_0001,0.08571428571428572,3,35	-1.92706,-1.6735,0.02919,-0.51862,-0.71006,-0.39073,1.14012,0.34777,0.96523,0.28038,162.11731,58.86381,43.75132,217.50809,0.3,0.3,0.0,0.0,0.0,0.0,0.0,0.0,0.08571,0,0,0.59337,-1.96,1.23478,0.0,0.0,1.0,0.0,0.0,0.0
7ijzze3xxdovxfmhacw_0015,0.08571428571428572,3,35	-1.92706,-1.6735,-0.5951,-0.10283,-0.68496,-0.3051,2.0553,0.56267,1.28957,0.29536,169.0035,42.99311,306.94597,40.54486,0.3,0.3,0.0,0.0,0.0,0.0,0.0,0.0,0.08571,0,0,0.62685,-1.94,1.52521,0.0,0.0,0.0,0.0,0.0,0.0
23kf4sm4zs9ejnmil4y8_0010,0.08571428571428572,3,35	-1.92706,-1.6735,-1.80055,-0.51652,-0.89328,0.56139,1.24334,0.47714,0.95815,0.30595,170.31972,44.7361,43.63685,138.19408,0.3,0.3,0.0,0.0,0.0,0.0,0.0,0.0,0.08571,0,0,1.28332,-2.45999,0.8106,0.0,0.0,1.0,0.0,0.0,0.0
79obho9m8n2rqfpqex0_0004,0.08571428571428572,3,35	-1.92706,-1.6735,-0.60026,0.08584,-1.01444,1.06563,1.50344,0.54692,1.08589,0.30732,169.3839,44.64181,305.06244,322.68529,0.3,0.3,0.0,0.0,0.0,0.0,0.0,0.0,0.08571,0,0,0.59094,-2.19999,1.45289,0.0,0.0,1.0,0.0,0.0,0.0
7l0hvdf02lmrcnpntit_0005,0.08571428571428572,3,35	-1.92706,-1.6735,0.77188,-0.427,-0.74717,0.05009,2.03029,0.62474,0.85095,0.25754,161.75347,43.62659,314.13736,225.03794,0.3,0.3,0.0,0.0,0.0,0.0,0.0,0.0,0.08571,0,0,1.5056,-2.27999,0.89456,0.0,0.0,1.0,1.0,0.0,0.0
7l0hvdf02lmrcnpntit_0013,0.08571428571428572,3,35	-1.92706,-1.6735,-0.22596,-0.34031,-1.12915,-0.77829,1.91703,0.67265,1.15819,0.16023,167.10032,54.67296,52.93025,38.55833,0.3,0.3,0.0,0.0,0.0,0.0,0.0,0.0,0.08571,0,0,0.75286,-1.7,1.3127,0.0,0.0,1.0,1.0,0.0,0.0
7l0hvdf02lmrcnpntit_0021,0.08571428571428572,3,35	-1.92706,-1.6735,-3.0641,-0.50762,-0.66668,0.55727,1.77897,0.47747,1.00754,0.20113,154.914,42.84934,48.56962,43.52844,0.3,0.3,0.0,0.0,0.0,0.0,0.0,0.0,0.08571,0,0,1.0241,-3.73999,1.04924,0.0,0.0,1.0,0.0,0.0,0.0
7l0hvdf02lmrcnpntit_0035,0.08571428571428572,3,35	-1.92706,-1.6735,0.10126,-0.18839,-1.14338,0.16154,1.84291,0.584,0.78412,0.17126,162.72209,42.56669,50.54729,133.01078,0.3,0.3,0.0,0.0,0.0,0.0,0.0,0.0,0.08571,0,0,0.95565,-1.82,1.11643,0.0,0.0,1.0,0.0,0.0,0.0
7l0hvdf02lmrcnpntit_0046,0.08571428571428572,3,35	-1.92706,-1.6735,-1.73199,0.14716,-0.29111,-0.77829,1.34991,0.66474,0.66144,0.16829,173.34682,45.98697,311.94853,320.39335,0.3,0.3,0.0,0.0,0.0,0.0,0.0,0.0,0.08571,0,0,2.63712,-3.79999,0.57843,0.0,0.0,1.0,0.0,0.0,0.0
7knexr1k7rdeeulm0yi_0012,0.08571428571428572,3,35	-1.92706,-1.6735,1.4098,-0.03961,0.27893,-0.18488,0.84258,0.69009,1.15409,0.30192,160.08947,55.58541,318.12518,320.91129,0.3,0.3,0.0,0.0,0.0,0.0,0.0,0.0,0.08571,0,0,2.86159,-5.53999,0.50552,0.0,0.0,1.0,0.0,0.0,0.0
7knexr1k7rdeeulm0yi_0015,0.08571428571428572,3,35	-1.92706,-1.6735,-0.44405,0.00272,-0.33761,-0.18488,1.11464,0.5859,0.84603,0.29221,157.96804,45.19945,121.65286,219.00016,0.3,0.3,0.0,0.0,0.0,0.0,0.0,0.0,0.08571,0,0,2.66577,-3.41999,0.55084,0.0,0.0,1.0,0.0,0.0,0.0
7knexr1k7rdeeulm0yi_0019,0.08571428571428572,3,35	-1.92706,-1.6735,0.35981,-0.19801,-0.19225,0.15854,1.10768,0.3777,1.10583,0.19945,162.28424,57.56172,302.64718,129.08057,0.3,0.3,0.0,0.0,0.0,0.0,0.0,0.0,0.08571,0,0,1.40377,-3.73999,0.79283,0.0,0.0,1.0,0.0,0.0,0.0
23zou8u7071k4fkt58t8_0005,0.08571428571428572,3,35	-1.92706,-1.6735,0.54616,-0.30119,-0.04264,-0.16422,2.03868,0.57711,1.08312,0.18889,164.57015,48.83548,57.94056,231.9488,0.3,0.3,0.0,0.0,0.0,0.0,0.0,0.0,0.08571,0,0,1.4379,-2.73999,0.93706,0.0,0.0,1.0,1.0,0.0,0.0
217wuprz0y4qzroowgbc_0001,0.08571428571428572,3,35	-1.92706,-1.6735,0.17793,-0.14057,-0.46823,0.06848,1.79662,0.66153,0.75467,0.21699,168.53066,57.99886,41.87807,220.38105,0.3,0.3,0.0,0.0,0.0,0.0,0.0,0.0,0.08571,0,0,3.2923,-2.35999,0.54135,0.0,0.0,1.0,2.0,0.0,0.0
217wuprz0y4qzroowgbc_0002,0.08571428571428572,3,35	-1.92706,-1.6735,-1.60657,-0.25293,-0.61308,0.93452,1.19184,0.7555,0.70773,0.26679,172.23623,46.74384,316.34466,216.576,0.3,0.3,0.0,0.0,0.0,0.0,0.0,0.0,0.08571,0,0,1.46002,-2.17999,0.77618,0.0,0.0,1.0,2.0,0.0,0.0
217wuprz0y4qzroowgbc_0003,0.08571428571428572,3,35	-1.92706,-1.6735,-1.52804,-0.16434,-1.06929,0.06848,1.62884,0.30929,1.16652,0.17322,158.8171,48.9011,307.18416,229.44502,0.3,0.3,0.0,0.0,0.0,0.0,0.0,0.0,0.08571,0,0,0.81639,-2.09999,1.10011,0.0,0.0,1.0,2.0,0.0,0.0
217wuprz0y4qzroowgbc_0037,0.08571428571428572,3,35	-1.92706,-1.6735,0.7813,-0.57705,-0.85829,0.90816,2.15717,0.49068,0.99357,0.17256,162.97598,52.13343,55.70057,221.39905,0.3,0.3,0.0,0.0,0.0,0.0,0.0,0.0,0.08571,0,0,1.45353,-1.54,0.85261,0.0,0.0,1.0,0.0,0.0,0.0
7e9v144ge0jampsgv1h_0001,0.08333333333333333,3,36	-1.92706,-1.6735,1.93788,-0.75747,-0.14347,-0.48615,1.33832,0.42864,1.12701,0.16484,160.24146,58.81409,309.0505,316.60053,0.3,0.3,0.0,0.0,0.0,0.0,0.0,0.0,0.08333,0,0,0.20283,-1.92,2.98795,0.0,1.0,0.0,0.0,0.0,0.0
210eoctv2ykh8ykv3u8h_0002,0.08333333333333333,3,36	-1.92706,-1.6735,-1.7377,0.22278,-0.64563,0.04534,0.95641,0.49264,1.28143,0.27889,173.57222,56.46005,309.21172,140.31719,0.3,0.3,0.0,0.0,0.0,0.0,0.0,0.0,0.08333,0,0,0.33122,-3.21999,1.85795,0.0,1.0,1.0,1.0,0.0,0.0
22bqtkh6542blb796o54_0001,0.08333333333333333,3,36	-1.92706,-1.6735,3.61318,-0.14044,-0.13909,0.0397,1.25402,0.72693,1.28132,0.26385,168.01982,44.7778,56.87114,39.11213,0.3,0.3,0.0,0.0,0.0,0.0,0.0,0.0,0.08333,0,0,1.23801,-3.57999,0.85827,0.0,0.0,1.0,1.0,0.0,0.0
225dpmq3pztpvjmpefhp_0001,0.08333333333333333,3,36	-1.92706,-1.6735,-0.58986,-0.47485,0.07567,-0.94342,1.94736,0.68832,1.11642,0.31228,168.52665,56.6902,45.81075,142.35287,0.3,0.3,0.0,0.0,0.0,0.0,0.0,0.0,0.08333,0,0,7.24308,-2.43999,0.34536,0.0,0.0,0.0,0.0,0.0,0.0
233fazhd131u1gbv1c1j_0005,0.08333333333333333,3,36	-1.92706,-1.6735,-1.31825,0.07668,-0.08339,0.21707,1.38208,0.63365,1.03416,0.31829,160.2854,59.21821,313.3683,227.32651,0.3,0.3,0.0,0.0,0.0,0.0,0.0,0.0,0.08333,0,0,0.47338,-3.37999,1.73039,0.0,0.0,1.0,0.0,0.0,0.0
7l0hvdf02lmrcnpntit_0019,0.08333333333333333,3,36	-1.92706,-1.6735,-2.02289,-0.08378,-0.69377,0.60173,1.05584,0.4329,1.28021,0.27627,158.68647,60.64002,48.47772,306.25578,0.3,0.3,0.0,0.0,0.0,0.0,0.0,0.0,0.08333,0,0,0.53332,-4.21999,1.41516,0.0,0.0,1.0,1.0,0.0,0.0
7l0hvdf02lmrcnpntit_0038,0.08333333333333333,3,36	-1.92706,-1.6735,-1.17486,-0.34547,-0.71733,0.92878,1.70162,0.36943,1.01165,0.19805,172.75836,55.51381,44.38349,128.37606,0.3,0.3,0.0,0.0,0.0,0.0,0.0,0.0,0.08333,0,0,0.85207,-2.97999,1.19667,0.0,0.0,1.0,0.0,0.0,0.0
7l0hvdf02lmrcnpntit_0050,0.08333333333333333,3,36	-1.92706,-1.6735,-3.04642,-0.15104,-0.77934,0.60173,2.08646,0.68699,1.04913,0.15496,163.84413,58.88777,41.85585,231.06406,0.3,0.3,0.0,0.0,0.0,0.0,0.0,0.0,0.08333,0,0,1.14944,-3.67999,1.05217,0.0,0.0,1.0,0.0,0.0,0.0
7l0hvdf02lmrcnpntit_0056,0.08333333333333333,3,36	-1.92706,-1.6735,-1.80712,0.28411,-0.64836,-0.60386,1.97327,0.39033,1.24332,0.31633,154.43351,54.78123,39.63228,38.76376,0.3,0.3,0.0,0.0,0.0,0.0,0.0,0.0,0.08333,0,0,0.75775,-4.11999,1.37687,0.0,0.0,0.0,0.0,0.0,0.0
7knexr1k7rdeeulm0yi_0007,0.08333333333333333,3,36	-1.92706,-1.6735,-0.94678,-0.44209,-1.41885,-0.57007,1.95473,0.27297,0.88286,0.26691,165.37785,47.78582,55.39939,36.9269,0.3,0.3,0.0,0.0,0.0,0.0,0.0,0.0,0.08333,0,0,1.06999,-1.58,0.95272,0.0,0.0,1.0,0.0,0.0,0.0
222by5zh769y2fu01vhd_0024,0.08333333333333333,3,36	-1.92706,-1.6735,-1.08299,-0.06827,-0.69991,0.74052,2.18297,0.75274,0.94746,0.22583,155.89581,53.48104,307.98638,42.49136,0.3,0.3,0.0,0.0,0.0,0.0,0.0,0.0,0.08333,0,0,1.77728,-2.13999,0.82351,0.0,0.0,1.0,0.0,0.0,0.0
222by5zh769y2fu01vhd_0035,0.08333333333333333,3,36	-1.92706,-1.6735,2.69383,-0.05893,0.14372,-0.90967,0.87392,0.77581,1.03606,0.29396,159.26995,44.23193,43.96578,306.31094,0.3,0.3,0.0,0.0,0.0,0.0,0.0,0.0,0.08333,0,0,0.65331,-4.89999,1.26394,0.0,0.0,1.0,0.0,0.0,0.0
222by5zh769y2fu01vhd_0043,0.08333333333333333,3,36	-1.92706,-1.6735,-5.03079,-0.29373,-0.52054,0.60215,0.76236,0.55348,1.19726,0.24248,173.94877,50.48304,44.15756,308.07876,0.3,0.3,0.0,0.0,0.0,0.0,0.0,0.0,0.08333,0,0,1.12186,-4.91999,0.77606,0.0,0.0,1.0,0.0,0.0,0.0
217wuprz0y4qzroowgbc_0014,0.08333333333333333,3,36	-1.92706,-1.6735,-0.34513,-0.3428,-1.15244,0.93452,1.35731,0.5016,0.86472,0.21576,154.6378,58.14003,311.05335,319.34502,0.3,0.3,0.0,0.0,0.0,0.0,0.0,0.0,0.08333,0,0,0.99128,-1.72,0.95888,0.0,0.0,1.0,1.0,0.0,0.0
217wuprz0y4qzroowgbc_0016,0.08333333333333333,3,36	-1.92706,-1.6735,-0.31252,-0.22694,-0.82227,-0.24117,1.5413,0.51383,1.06037,0.31264,167.80144,52.13723,57.15581,224.28177,0.3,0.3,0.0,0.0,0.0,0.0,0.0,0.0,0.08333,0,0,1.26496,-2.29999,0.91267,0.0,0.0,1.0,0.0,0.0,0.0
rb4dndpmi3hjduheok2_0000,0.08333333333333333,3,36	-1.92706,-1.6735,-1.14285,0.04455,-0.75324,-0.57007,1.45653,0.67455,1.16178,0.27157,156.69187,57.64911,40.83356,318.57855,0.3,0.3,0.0,0.0,0.0,0.0,0.0,0.0,0.08333,0,0,0.47562,-3.81999,1.80746,0.0,1.0,1.0,1.0,0.0,0.0
3wsjgq9lrb1pprfje7y_0002,0.08333333333333333,3,36	-1.92706,-1.6735,0.42144,-0.07982,-0.14223,1.12676,2.05627,0.53729,1.12116,0.29908,161.48665,55.28499,57.94581,323.46934,0.3,0.3,0.0,0.0,0.0,0.0,0.0,0.0,0.08333,0,0,0.80252,-3.19999,1.38665,0.0,0.0,0.0,0.0,0.0,0.0
232te1gied8kl1l6dt50_0000,0.08108108108108109,3,37	-1.92706,-1.6735,-2.69203,0.03926,-0.99865,0.88584,1.75863,0.73092,1.16178,0.27157,156.69187,57.64911,40.83356,318.57855,0.3,0.3,0.0,0.0,0.0,0.0,0.0,0.0,0.08108,0,0,0.48218,-2.95999,1.71254,0.0,1.0,1.0,1.0,0.0,0.0
22bqtkh6542blb796o54_0004,0.08108108108108109,3,37	-1.92706,-1.6735,-0.79323,-1.31337,-1.35835,0.0397,1.44032,0.50874,1.07623,0.30365,154.97312,43.4593,49.03825,42.64406,0.3,0.3,0.0,0.0,0.0,0.0,0.0,0.0,0.08108,0,0,30.56298,-1.1,0.13027,0.0,0.0,1.0,0.0,0.0,0.0
23kf4sm4zs9ejnmil4y8_0015,0.08108108108108109,3,37	-1.92706,-1.6735,-1.82264,-0.17608,-0.91022,0.49608,0.85842,0.51887,0.92652,0.20116,169.09339,49.52889,52.87473,126.45415,0.3,0.3,0.0,0.0,0.0,0.0,0.0,0.0,0.08108,0,0,0.67216,-2.49999,1.08688,0.0,0.0,1.0,0.0,0.0,0.0
79obho9m8n2rqfpqex0_0002,0.08108108108108109,3,37	-1.92706,-1.6735,-0.26357,0.09424,-0.96828,-0.8376,1.76905,0.75503,1.15882,0.2231,155.17901,46.35794,51.67124,135.36862,0.3,0.3,0.0,0.0,0.0,0.0,0.0,0.0,0.08108,0,0,0.43275,-1.84,2.028,0.0,0.0,1.0,1.0,0.0,0.0
7l0hvdf02lmrcnpntit_0006,0.08108108108108109,3,37	-1.92706,-1.6735,-4.2448,-0.42616,-0.5347,-0.77829,1.82473,0.68727,1.08354,0.24929,165.29838,53.83964,42.33508,226.95367,0.3,0.3,0.0,0.0,0.0,0.0,0.0,0.0,0.08108,0,0,1.24555,-4.81999,0.95455,0.0,0.0,1.0,1.0,0.0,0.0
7l0hvdf02lmrcnpntit_0027,0.08108108108108109,3,37	-1.92706,-1.6735,-0.47023,-0.4895,-1.27073,-0.93453,1.53223,0.68419,0.79821,0.15079,170.04247,51.85366,44.89546,312.21848,0.3,0.3,0.0,0.0,0.0,0.0,0.0,0.0,0.08108,0,0,1.09056,-1.64,0.95858,0.0,0.0,1.0,0.0,0.0,0.0
7l0hvdf02lmrcnpntit_0048,0.08108108108108109,3,37	-1.92706,-1.6735,0.66895,0.24249,-0.49877,0.60173,1.83898,0.49984,1.28303,0.25692,160.65642,58.17403,306.29457,41.17369,0.3,0.3,0.0,0.0,0.0,0.0,0.0,0.0,0.08108,0,0,0.51229,-6.64,1.86505,0.0,0.0,1.0,0.0,0.0,0.0
222by5zh769y2fu01vhd_0008,0.08108108108108109,3,37	-1.92706,-1.6735,0.3349,-0.00423,-0.44439,0.60215,1.33013,0.6504,1.03634,0.21455,157.99639,44.13793,305.63932,51.90437,0.3,0.3,0.0,0.0,0.0,0.0,0.0,0.0,0.08108,0,0,0.43791,-3.75999,1.90553,0.0,0.0,1.0,1.0,0.0,0.0
222by5zh769y2fu01vhd_0040,0.08108108108108109,3,37	-1.92706,-1.6735,0.41769,-0.69538,-0.31942,0.60215,1.11098,0.5211,0.99909,0.31896,155.20616,56.74841,226.57167,233.44424,0.3,0.3,0.0,0.0,0.0,0.0,0.0,0.0,0.08108,0,0,1.14212,-2.41999,0.89194,0.0,0.0,1.0,0.0,0.0,0.0
217wuprz0y4qzroowgbc_0032,0.08108108108108109,3,37	-1.92706,-1.6735,-2.8078,-0.87612,-0.31399,0.72089,0.98237,0.70628,0.94119,0.27998,154.1928,47.67387,308.95447,136.88773,0.3,0.3,0.0,0.0,0.0,0.0,0.0,0.0,0.08108,0,0,1.38671,-2.81999,0.74835,0.0,0.0,1.0,0.0,0.0,0.0
7l2fkpbq202xpj2cf84_0009,0.07894736842105263,3,38	-1.92706,-1.6735,-3.08525,-0.01393,-0.30134,-0.44085,1.83294,0.7753,1.03076,0.20576,162.49212,53.75507,309.86653,308.76578,0.3,0.3,0.0,0.0,0.0,0.0,0.0,0.0,0.07894,0,0,10.31426,-4.19999,0.27591,0.0,1.0,1.0,0.0,0.0,0.0
23kf4sm4zs9ejnmil4y8_0000,0.05714285714285714,2,35	-1.92706,-1.6735,0.71347,-0.54739,0.28507,0.49608,2.00356,0.57858,1.18729,0.30541,170.79044,44.39818,50.29062,130.12547,0.3,0.3,0.0,0.0,0.0,0.0,0.0,0.0,0.05714,0,0,1.99705,-2.97999,0.75744,0.0,0.0,1.0,2.0,0.0,0.0
23kf4sm4zs9ejnmil4y8_0006,0.05714285714285714,2,35	-1.92706,-1.6735,-1.87509,-0.18911,-1.10199,0.49608,2.07907,0.57318,1.13706,0.22203,165.14795,42.02173,54.62796,313.20344,0.3,0.3,0.0,0.0,0.0,0.0,0.0,0.0,0.05714,0,0,0.88201,-2.43999,1.21074,0.0,0.0,1.0,1.0,0.0,0.0
7l0hvdf02lmrcnpntit_0058,0.05714285714285714,2,35	-1.92706,-1.6735,-0.80747,-0.20095,-0.47144,0.19392,0.91338,0.54247,1.24326,0.17216,167.46198,42.59837,315.01103,50.07289,0.3,0.3,0.0,0.0,0.0,0.0,0.0,0.0,0.05714,0,0,0.74854,-2.55999,1.10107,0.0,0.0,0.0,0.0,0.0,0.0
7l0hvdf02lmrcnpntit_0059,0.05714285714285714,2,35	-1.92706,-1.6735,-0.60073,-0.5148,-0.68331,-0.05892,1.599,0.54181,1.15221,0.32069,169.72373,49.43672,57.50236,44.87436,0.3,0.3,0.0,0.0,0.0,0.0,0.0,0.0,0.05714,0,0,1.01068,-2.27999,1.06,0.0,0.0,0.0,0.0,0.0,0.0
222by5zh769y2fu01vhd_0012,0.05714285714285714,2,35	-1.92706,-1.6735,-1.48889,-0.48123,-0.77454,0.60215,1.10778,0.69143,0.74534,0.18023,173.25677,50.64144,51.75922,231.78898,0.3,0.3,0.0,0.0,0.0,0.0,0.0,0.0,0.05714,0,0,1.10477,-2.63999,0.9243,0.0,0.0,1.0,1.0,0.0,0.0
222by5zh769y2fu01vhd_0038,0.05714285714285714,2,35	-1.92706,-1.6735,-3.13441,-0.67013,-0.70141,-0.90967,1.46356,0.68361,1.24026,0.19998,158.95741,45.15908,38.93595,229.43133,0.3,0.3,0.0,0.0,0.0,0.0,0.0,0.0,0.05714,0,0,1.34958,-3.03999,0.83639,0.0,0.0,1.0,0.0,0.0,0.0
7e9v144ge0jampsgv1h_0000,0.05555555555555555,2,36	-1.92706,-1.6735,-1.27447,-0.07525,0.47022,-0.48615,2.183,0.27582,0.84838,0.25789,173.10995,57.25745,229.61903,42.10084,0.3,0.3,0.0,0.0,0.0,0.0,0.0,0.0,0.05555,0,0,0.24455,0.0,2.8674,0.0,0.0,0.0,0.0,0.0,0.0
22j5yozgmg0zskr9jsd7_0002,0.05555555555555555,2,36	-1.92706,-1.6735,-0.64333,-0.62486,-0.68591,-0.39073,1.19949,0.60182,1.15006,0.22861,157.46799,58.7278,48.22754,310.39435,0.3,0.3,0.0,0.0,0.0,0.0,0.0,0.0,0.05555,0,0,0.37657,-1.86,1.77213,0.0,0.0,1.0,0.0,0.0,0.0
23kf4sm4zs9ejnmil4y8_0011,0.05555555555555555,2,36	-1.92706,-1.6735,-0.0151,-0.03047,-1.00438,0.56139,1.7306,0.64943,1.15989,0.23457,155.48612,43.9707,318.35566,134.44357,0.3,0.3,0.0,0.0,0.0,0.0,0.0,0.0,0.05555,0,0,0.48897,-1.8,1.71587,0.0,0.0,1.0,0.0,0.0,0.0
7l0hvdf02lmrcnpntit_0011,0.05555555555555555,2,36	-1.92706,-1.6735,0.62493,0.31749,-0.27721,-0.77829,1.31662,0.77604,1.00242,0.19058,163.96067,59.58972,315.62082,139.25713,0.3,0.3,0.0,0.0,0.0,0.0,0.0,0.0,0.05555,0,0,0.9243,-6.24,1.15417,0.0,0.0,1.0,1.0,0.0,0.0
7l0hvdf02lmrcnpntit_0045,0.05555555555555555,2,36	-1.92706,-1.6735,0.51171,0.06866,-0.30035,-0.77829,1.56864,0.76811,1.28793,0.20353,161.32949,45.84759,44.77213,128.42621,0.3,0.3,0.0,0.0,0.0,0.0,0.0,0.0,0.05555,0,0,1.80419,-3.05999,0.77904,0.0,0.0,1.0,0.0,0.0,0.0
7l0hvdf02lmrcnpntit_0047,0.05555555555555555,2,36	-1.92706,-1.6735,-2.58354,0.24363,-0.51896,-0.77829,1.75593,0.42835,1.29372,0.16175,158.7664,48.58415,44.0599,135.17975,0.3,0.3,0.0,0.0,0.0,0.0,0.0,0.0,0.05555,0,0,0.78589,-5.88,1.29784,0.0,0.0,1.0,0.0,0.0,0.0
7l0hvdf02lmrcnpntit_0055,0.05555555555555555,2,36	-1.92706,-1.6735,-1.27919,-0.24029,-1.05317,-1.1203,1.7802,0.75503,0.67654,0.33478,162.60898,47.77365,47.03899,309.07729,0.3,0.3,0.0,0.0,0.0,0.0,0.0,0.0,0.05555,0,0,1.44351,-2.13999,0.87747,0.0,0.0,0.0,0.0,0.0,0.0
222by5zh769y2fu01vhd_0002,0.05555555555555555,2,36	-1.92706,-1.6735,0.59815,0.23146,-0.52697,-0.66016,1.98081,0.77222,1.06639,0.27772,161.82172,44.83155,52.29855,307.16188,0.3,0.3,0.0,0.0,0.0,0.0,0.0,0.0,0.05555,0,0,2.1089,-2.93999,0.74628,0.0,0.0,1.0,2.0,0.0,0.0
222by5zh769y2fu01vhd_0007,0.05555555555555555,2,36	-1.92706,-1.6735,-0.25236,0.51052,-0.44676,-0.66016,1.7823,0.74693,0.98583,0.27039,156.70401,53.55831,304.8676,309.82287,0.3,0.3,0.0,0.0,0.0,0.0,0.0,0.0,0.05555,0,0,1.04397,-5.01999,1.15166,0.0,0.0,1.0,1.0,0.0,0.0
222by5zh769y2fu01vhd_0013,0.05555555555555555,2,36	-1.92706,-1.6735,-1.13235,-0.04842,-1.09206,0.60215,1.47921,0.7368,0.8141,0.32077,165.32689,60.89429,321.11163,128.76083,0.3,0.3,0.0,0.0,0.0,0.0,0.0,0.0,0.05555,0,0,0.51577,-1.66,1.48061,0.0,0.0,1.0,1.0,0.0,0.0
222by5zh769y2fu01vhd_0032,0.05555555555555555,2,36	-1.92706,-1.6735,-0.60019,-0.39972,-0.82017,0.03703,1.75099,0.7736,0.71334,0.16184,170.03696,48.64072,320.96054,232.88506,0.3,0.3,0.0,0.0,0.0,0.0,0.0,0.0,0.05555,0,0,4.60248,-1.74,0.4338,0.0,0.0,1.0,0.0,0.0,0.0
798vaz8s1mqd851fh73_0001,0.05555555555555555,2,36	-1.92706,-1.6735,-3.56211,-0.23328,-0.92914,-0.11008,2.06903,0.56796,1.23241,0.19594,164.10883,42.86814,40.7267,137.91187,0.3,0.3,0.0,0.0,0.0,0.0,0.0,0.0,0.05555,0,0,0.80155,-3.19999,1.23676,0.0,0.0,1.0,1.0,0.0,0.0
23zou8u7071k4fkt58t8_0011,0.05555555555555555,2,36	-1.92706,-1.6735,-3.19866,-0.53175,-0.82042,-0.16422,1.18531,0.28936,1.26133,0.28748,168.31637,55.6418,57.56386,320.09845,0.3,0.3,0.0,0.0,0.0,0.0,0.0,0.0,0.05555,0,0,1.55136,-2.75999,0.65087,0.0,0.0,1.0,0.0,0.0,0.0
217wuprz0y4qzroowgbc_0023,0.05555555555555555,2,36	-1.92706,-1.6735,-0.74358,-0.46031,-1.26778,-0.64684,0.77603,0.62896,0.83571,0.23908,155.15692,46.85608,55.89061,131.24437,0.3,0.3,0.0,0.0,0.0,0.0,0.0,0.0,0.05555,0,0,0.4417,-1.68,1.34188,0.0,0.0,1.0,0.0,0.0,0.0
217wuprz0y4qzroowgbc_0029,0.05555555555555555,2,36	-1.92706,-1.6735,-5.82579,-0.74405,-0.56503,0.06848,0.87006,0.70198,1.21981,0.20272,172.04053,42.49522,44.81443,46.90406,0.3,0.3,0.0,0.0,0.0,0.0,0.0,0.0,0.05555,0,0,0.46977,-3.97999,1.26933,0.0,0.0,1.0,0.0,0.0,0.0
217wuprz0y4qzroowgbc_0043,0.05555555555555555,2,36	-1.92706,-1.6735,-0.1995,-0.09409,-1.05552,0.93452,1.23481,0.5609,1.19962,0.25265,169.91185,59.99089,313.45129,134.96078,0.3,0.3,0.0,0.0,0.0,0.0,0.0,0.0,0.05555,0,0,0.78125,-2.11999,1.14761,0.0,0.0,1.0,0.0,0.0,0.0
217wuprz0y4qzroowgbc_0044,0.05555555555555555,2,36	-1.92706,-1.6735,-0.12407,-0.43874,0.20424,0.93452,0.89878,0.77578,1.24191,0.16628,163.24227,58.61087,308.08557,134.79374,0.3,0.3,0.0,0.0,0.0,0.0,0.0,0.0,0.05555,0,0,1.3296,-3.53999,0.84228,0.0,0.0,1.0,0.0,0.0,0.0
22j5yozgmg0zskr9jsd7_0009,0.05405405405405406,2,37	-1.92706,-1.6735,-1.21772,-0.69242,-0.07201,1.09028,2.00637,0.5242,0.95206,0.19891,167.39357,57.57033,48.39318,141.33758,0.3,0.3,0.0,0.0,0.0,0.0,0.0,0.0,0.05405,0,0,2.28295,-2.75999,0.68341,0.0,0.0,0.0,0.0,0.0,0.0
23kf4sm4zs9ejnmil4y8_0005,0.05405405405405406,2,37	-1.92706,-1.6735,-2.35025,-0.22121,-0.47274,0.49608,1.95552,0.52977,0.88498,0.21162,157.47749,53.30741,42.4106,306.69107,0.3,0.3,0.0,0.0,0.0,0.0,0.0,0.0,0.05405,0,0,3.22678,-3.77999,0.54371,0.0,0.0,1.0,1.0,0.0,0.0
7l0hvdf02lmrcnpntit_0015,0.05405405405405406,2,37	-1.92706,-1.6735,0.01246,-0.46183,-0.48378,0.05009,1.69369,0.30932,0.87828,0.32953,162.8856,60.57896,311.60619,221.89148,0.3,0.3,0.0,0.0,0.0,0.0,0.0,0.0,0.05405,0,0,1.16875,-2.31999,0.95662,0.0,0.0,1.0,1.0,0.0,0.0
7l0hvdf02lmrcnpntit_0025,0.05405405405405406,2,37	-1.92706,-1.6735,-0.19338,-0.7425,-0.98084,-0.93453,1.99668,0.76282,0.85602,0.26311,164.51314,45.54156,49.37073,222.00297,0.3,0.3,0.0,0.0,0.0,0.0,0.0,0.0,0.05405,0,0,1.14291,-1.54,1.01557,0.0,0.0,1.0,0.0,0.0,0.0
3vzykw66uhzlhmcxwno_0002,0.05263157894736842,2,38	-1.92706,-1.6735,2.01548,0.19751,-0.14805,-0.30129,1.37834,0.65651,1.01256,0.19236,157.28208,55.4038,42.68606,135.79371,0.3,0.3,0.0,0.0,0.0,0.0,0.0,0.0,0.05263,0,0,1.21867,-4.35999,0.94128,0.0,0.0,1.0,0.0,0.0,0.0
7l0hvdf02lmrcnpntit_0051,0.05263157894736842,2,38	-1.92706,-1.6735,-2.53714,-0.00422,-0.70546,0.60173,1.09008,0.58778,0.92349,0.33197,160.6004,52.83211,39.07696,48.13182,0.3,0.3,0.0,0.0,0.0,0.0,0.0,0.0,0.05263,0,0,0.5631,-4.13999,1.39248,0.0,0.0,1.0,0.0,0.0,0.0
222by5zh769y2fu01vhd_0022,0.05263157894736842,2,38	-1.92706,-1.6735,-2.65722,-0.02126,-0.63879,0.74052,1.32968,0.36544,1.28591,0.30054,168.91314,51.57654,318.67922,130.0118,0.3,0.3,0.0,0.0,0.0,0.0,0.0,0.0,0.05263,0,0,0.87499,-4.07999,1.06625,0.0,0.0,1.0,0.0,0.0,0.0
7ijzze3xxdovxfmhacw_0005,0.02857142857142857,1,35	-1.92706,-1.6735,-0.02055,-0.43507,-1.26137,-0.4318,2.04025,0.71895,1.14823,0.20387,164.14113,49.8281,41.78819,220.03202,0.3,0.3,0.0,0.0,0.0,0.0,0.0,0.0,0.02857,0,0,1.42835,-1.54,0.88793,0.0,0.0,1.0,0.0,0.0,0.0
7ijzze3xxdovxfmhacw_0013,0.02857142857142857,1,35	-1.92706,-1.6735,0.27133,-0.13231,-0.45678,0.31911,1.62675,0.35067,1.21436,0.33227,158.87956,52.30953,301.89485,140.38855,0.3,0.3,0.0,0.0,0.0,0.0,0.0,0.0,0.02857,0,0,0.83756,-3.25999,1.22557,0.0,0.0,0.0,0.0,0.0,0.0
7ijzze3xxdovxfmhacw_0014,0.02857142857142857,1,35	-1.92706,-1.6735,-0.03513,0.0182,-0.44085,-0.55648,1.34296,0.47402,0.8905,0.29702,166.87971,57.34774,48.00942,312.43408,0.3,0.3,0.0,0.0,0.0,0.0,0.0,0.0,0.02857,0,0,1.38978,-3.29999,0.85157,0.0,0.0,0.0,0.0,0.0,0.0
7l2uttlv9t0xbqqxj2q_0000,0.02857142857142857,1,35	-1.92706,-1.6735,-0.07787,0.21696,0.12629,1.00408,1.5308,0.64239,0.92776,0.28802,161.97583,59.72439,306.87487,220.52852,0.3,0.3,0.0,0.0,0.0,0.0,0.0,0.0,0.02857,0,0,0.81358,-6.98,1.28182,0.0,0.0,0.0,0.0,0.0,0.0
7l0hvdf02lmrcnpntit_0007,0.02857142857142857,1,35	-1.92706,-1.6735,-1.72054,-0.36374,-0.64544,0.60173,1.01592,0.39277,0.99337,0.20557,166.37555,56.52057,44.87265,305.8193,0.3,0.3,0.0,0.0,0.0,0.0,0.0,0.0,0.02857,0,0,0.59314,-3.61999,1.28943,0.0,0.0,1.0,1.0,0.0,0.0
7l0hvdf02lmrcnpntit_0057,0.02857142857142857,1,35	-1.92706,-1.6735,-3.65869,0.10702,-0.41652,0.82944,1.77928,0.73701,1.13326,0.32157,154.21991,50.52563,319.55019,228.55216,0.3,0.3,0.0,0.0,0.0,0.0,0.0,0.0,0.02857,0,0,1.61618,-4.65999,0.82083,0.0,0.0,0.0,0.0,0.0,0.0
222by5zh769y2fu01vhd_0000,0.02857142857142857,1,35	-1.92706,-1.6735,-0.70988,-0.04693,-0.24842,0.60215,1.12803,0.77424,0.89503,0.19285,172.93576,44.56202,320.72676,47.49204,0.3,0.3,0.0,0.0,0.0,0.0,0.0,0.0,0.02857,0,0,2.39631,-2.97999,0.60449,0.0,0.0,1.0,2.0,0.0,0.0
222by5zh769y2fu01vhd_0037,0.02857142857142857,1,35	-1.92706,-1.6735,0.36309,-0.07698,-0.35802,-0.90967,1.91489,0.28475,0.84771,0.1915,165.70228,51.15077,52.00925,135.97593,0.3,0.3,0.0,0.0,0.0,0.0,0.0,0.0,0.02857,0,0,1.71159,-2.87999,0.79622,0.0,0.0,1.0,0.0,0.0,0.0
23zou8u7071k4fkt58t8_0007,0.02857142857142857,1,35	-1.92706,-1.6735,-2.01026,-0.3051,-0.3242,0.12751,0.85163,0.74146,1.11341,0.33046,172.38459,44.60882,319.84935,217.41774,0.3,0.3,0.0,0.0,0.0,0.0,0.0,0.0,0.02857,0,0,1.41289,-2.57999,0.73846,0.0,0.0,1.0,0.0,0.0,0.0
217wuprz0y4qzroowgbc_0024,0.02857142857142857,1,35	-1.92706,-1.6735,-7.52344,-0.00821,0.07836,-0.64684,1.51542,0.72982,0.95509,0.27151,165.04745,41.97148,314.55367,232.03833,0.3,0.3,0.0,0.0,0.0,0.0,0.0,0.0,0.02857,0,0,0.38643,-6.52,1.79049,0.0,0.0,1.0,0.0,0.0,0.0
217wuprz0y4qzroowgbc_0031,0.02857142857142857,1,35	-1.92706,-1.6735,-3.19736,-0.33413,-0.83161,0.72089,1.77095,0.40005,0.9083,0.29847,156.69502,41.84227,309.62328,222.51142,0.3,0.3,0.0,0.0,0.0,0.0,0.0,0.0,0.02857,0,0,1.98068,-2.51999,0.64693,0.0,0.0,1.0,0.0,0.0,0.0
217wuprz0y4qzroowgbc_0035,0.02857142857142857,1,35	-1.92706,-1.6735,0.8768,-0.24055,-0.42748,0.72089,1.14483,0.51043,1.09171,0.19435,158.74574,58.62999,311.75687,125.99064,0.3,0.3,0.0,0.0,0.0,0.0,0.0,0.0,0.02857,0,0,15.79875,-2.55999,0.19247,0.0,0.0,1.0,0.0,0.0,0.0
3wsjgq9lrb1pprfje7y_0000,0.02857142857142857,1,35	-1.92706,-1.6735,1.81827,-0.28957,-0.35907,-0.13547,2.14523,0.75445,1.17662,0.18616,155.98617,58.80462,52.10346,42.54802,0.3,0.3,0.0,0.0,0.0,0.0,0.0,0.0,0.02857,0,0,2.07684,-2.13999,0.72578,0.0,0.0,0.0,0.0,0.0,0.0
1ssymwgq45a1pw615cg2_0005,0.02857142857142857,1,35	-1.92706,-1.6735,2.59829,-0.41693,-0.64532,-0.57007,1.78357,0.33179,1.1165,0.23157,163.41048,58.27074,307.6923,40.0,0.3,0.3,0.0,0.0,0.0,0.0,0.0,0.0,0.02857,0,0,0.92531,-3.95999,1.12372,0.0,1.0,1.0,0.0,0.0,0.0
232te1gied8kl1l6dt50_0003,0.027777777777777776,1,36	-1.92706,-1.6735,-3.68361,-0.4973,-0.61457,0.88584,1.16807,0.31861,0.81617,0.28591,165.58415,43.99876,48.62782,51.63767,0.3,0.3,0.0,0.0,0.0,0.0,0.0,0.0,0.02777,0,0,1.93392,-3.47999,0.58885,0.0,0.0,1.0,0.0,0.0,0.0
5xnnvs6ykzlb0wjodkg_0000,0.027777777777777776,1,36	-1.92706,-1.6735,1.31124,0.16018,-0.27814,-0.46201,1.91609,0.55313,1.02862,0.15879,155.89443,45.76781,45.58532,50.51115,0.3,0.3,0.0,0.0,0.0,0.0,0.0,0.0,0.02777,0,0,1.96518,-3.27999,0.74933,0.0,0.0,0.0,0.0,0.0,0.0
22j5yozgmg0zskr9jsd7_0010,0.027777777777777776,1,36	-1.92706,-1.6735,-0.48148,-0.5611,-0.50737,0.00293,0.86796,0.73934,1.07528,0.20308,160.48746,44.01158,310.77373,54.78651,0.3,0.3,0.0,0.0,0.0,0.0,0.0,0.0,0.02777,0,0,0.87244,-2.0,0.99863,0.0,0.0,0.0,0.0,0.0,0.0
210eoctv2ykh8ykv3u8h_0018,0.027777777777777776,1,36	-1.92706,-1.6735,1.15562,-0.28691,-0.11515,-0.5823,1.56257,0.68329,0.71523,0.16413,160.43808,41.11866,45.85856,322.68642,0.3,0.3,0.0,0.0,0.0,0.0,0.0,0.0,0.02777,0,0,1.50321,-2.61999,0.84347,0.0,0.0,1.0,0.0,0.0,0.0
22bqtkh6542blb796o54_0010,0.027777777777777776,1,36	-1.92706,-1.6735,-1.05943,-0.42154,-1.42993,-0.04076,0.78155,0.60972,1.03304,0.29356,159.01675,48.8318,42.24152,305.05903,0.3,0.3,0.0,0.0,0.0,0.0,0.0,0.0,0.02777,0,0,0.34739,-1.58,1.4876,0.0,0.0,0.0,0.0,0.0,0.0
79obho9m8n2rqfpqex0_0007,0.027777777777777776,1,36	-1.92706,-1.6735,-0.41917,-0.33398,-0.73107,-0.8376,1.57871,0.62845,1.28836,0.15814,156.69682,42.25176,46.24796,217.95072,0.3,0.3,0.0,0.0,0.0,0.0,0.0,0.0,0.02777,0,0,0.86865,-2.33999,1.18709,0.0,0.0,1.0,0.0,0.0,0.0
7iu94l0d1ahudyx0yim_0002,0.027777777777777776,1,36	-1.92706,-1.6735,-1.76885,0.12775,-0.25362,0.78076,1.68747,0.60681,1.16143,0.28978,170.29922,43.66029,46.98678,35.99236,0.3,0.3,0.0,0.0,0.0,0.0,0.0,0.0,0.02777,0,0,3.91912,-5.07999,0.47506,0.0,0.0,0.0,0.0,0.0,0.0
7l0hvdf02lmrcnpntit_0012,0.027777777777777776,1,36	-1.92706,-1.6735,-0.15241,-0.21024,-0.811,-0.77829,2.16567,0.77829,1.23769,0.24294,170.49442,60.53383,52.40559,323.19719,0.3,0.3,0.0,0.0,0.0,0.0,0.0,0.0,0.02777,0,0,1.51945,-2.09999,0.92351,0.0,0.0,1.0,1.0,0.0,0.0
7l0hvdf02lmrcnpntit_0022,0.027777777777777776,1,36	-1.92706,-1.6735,-0.03775,-0.2116,0.22086,0.55727,1.92237,0.67186,1.13179,0.26372,169.72174,57.43984,320.3414,313.58348,0.3,0.3,0.0,0.0,0.0,0.0,0.0,0.0,0.02777,0,0,1.51395,-3.77999,0.91389,0.0,0.0,1.0,0.0,0.0,0.0
7l0hvdf02lmrcnpntit_0034,0.027777777777777776,1,36	-1.92706,-1.6735,0.4079,-0.38449,-0.70037,0.16154,1.02767,0.6089,0.96783,0.22486,172.25154,57.2385,48.86629,48.15903,0.3,0.3,0.0,0.0,0.0,0.0,0.0,0.0,0.02777,0,0,2.31659,-2.05999,0.56853,0.0,0.0,1.0,0.0,0.0,0.0
7l0hvdf02lmrcnpntit_0041,0.027777777777777776,1,36	-1.92706,-1.6735,0.47483,-0.3772,-0.63334,0.92878,1.97626,0.64666,1.01228,0.16103,154.3622,57.89861,312.27517,131.14154,0.3,0.3,0.0,0.0,0.0,0.0,0.0,0.0,0.02777,0,0,0.67146,-2.35999,1.51009,0.0,0.0,1.0,0.0,0.0,0.0
7knexr1k7rdeeulm0yi_0004,0.027777777777777776,1,36	-1.92706,-1.6735,-0.06576,-0.32977,-1.07529,0.15854,1.44439,0.74208,0.89421,0.27621,155.90477,49.39636,312.56124,137.3207,0.3,0.3,0.0,0.0,0.0,0.0,0.0,0.0,0.02777,0,0,0.62709,-1.64,1.34971,0.0,0.0,1.0,1.0,0.0,0.0
7knexr1k7rdeeulm0yi_0011,0.027777777777777776,1,36	-1.92706,-1.6735,-0.60246,-0.48011,-0.52012,-0.57007,1.88472,0.28554,0.70423,0.20929,165.71237,59.23413,315.52871,140.12279,0.3,0.3,0.0,0.0,0.0,0.0,0.0,0.0,0.02777,0,0,1.4947,-2.0,0.82122,0.0,0.0,1.0,0.0,0.0,0.0
222by5zh769y2fu01vhd_0011,0.027777777777777776,1,36	-1.92706,-1.6735,-4.19062,-0.07937,-0.59242,-0.66016,1.69796,0.47987,1.18462,0.29204,158.71541,59.94176,52.67334,220.61333,0.3,0.3,0.0,0.0,0.0,0.0,0.0,0.0,0.02777,0,0,0.90963,-5.15999,1.11574,0.0,0.0,1.0,1.0,0.0,0.0
222by5zh769y2fu01vhd_0016,0.027777777777777776,1,36	-1.92706,-1.6735,0.97778,0.02984,0.12258,-1.00245,1.89807,0.49361,1.30973,0.27385,162.2438,42.44666,47.71456,222.75692,0.3,0.3,0.0,0.0,0.0,0.0,0.0,0.0,0.02777,0,0,109.30495,-3.57999,0.07615,0.0,0.0,1.0,0.0,0.0,0.0
222by5zh769y2fu01vhd_0017,0.027777777777777776,1,36	-1.92706,-1.6735,0.21465,0.00906,-1.30574,-1.00245,2.04687,0.75794,0.98109,0.15345,163.32726,60.90644,40.22024,225.29134,0.3,0.3,0.0,0.0,0.0,0.0,0.0,0.0,0.02777,0,0,0.51813,-1.46,1.68177,0.0,0.0,1.0,0.0,0.0,0.0
222by5zh769y2fu01vhd_0042,0.027777777777777776,1,36	-1.92706,-1.6735,-1.6915,0.0536,-0.84721,0.60215,1.71501,0.25892,1.22196,0.26339,172.58048,42.98148,303.88716,233.44481,0.3,0.3,0.0,0.0,0.0,0.0,0.0,0.0,0.02777,0,0,0.64907,-2.57999,1.33304,0.0,0.0,1.0,0.0,0.0,0.0
222by5zh769y2fu01vhd_0044,0.027777777777777776,1,36	-1.92706,-1.6735,-1.04793,-0.26011,-0.39815,0.60215,1.90203,0.57665,0.79657,0.23191,161.4936,52.6194,303.79678,44.47662,0.3,0.3,0.0,0.0,0.0,0.0,0.0,0.0,0.02777,0,0,3.28613,-2.19999,0.53507,0.0,0.0,1.0,0.0,0.0,0.0
217wuprz0y4qzroowgbc_0000,0.027777777777777776,1,36	-1.92706,-1.6735,-1.11694,-0.58255,-1.18541,0.93452,1.3188,0.57295,0.67713,0.18323,156.9231,58.70038,317.32109,321.71896,0.3,0.3,0.0,0.0,0.0,0.0,0.0,0.0,0.02777,0,0,1.00593,-1.42,0.87879,0.0,0.0,1.0,2.0,0.0,0.0
217wuprz0y4qzroowgbc_0005,0.027777777777777776,1,36	-1.92706,-1.6735,-2.51867,-0.29713,-1.13388,0.93452,1.80719,0.41273,1.20349,0.26882,171.54073,43.67038,56.04914,41.04548,0.3,0.3,0.0,0.0,0.0,0.0,0.0,0.0,0.02777,0,0,0.31022,-2.73999,2.20894,0.0,0.0,1.0,1.0,0.0,0.0
217wuprz0y4qzroowgbc_0034,0.027777777777777776,1,36	-1.92706,-1.6735,3.54681,0.20283,0.1876,0.72089,1.99528,0.69688,1.13721,0.28472,159.84716,53.29623,51.24774,221.58088,0.3,0.3,0.0,0.0,0.0,0.0,0.0,0.0,0.02777,0,0,1.34383,-6.6,0.96241,0.0,0.0,1.0,0.0,0.0,0.0
217wuprz0y4qzroowgbc_0039,0.027777777777777776,1,36	-1.92706,-1.6735,-2.01712,-0.23057,-0.87431,0.90816,1.90351,0.66144,1.05109,0.28076,163.58334,56.69465,316.42847,136.00496,0.3,0.3,0.0,0.0,0.0,0.0,0.0,0.0,0.02777,0,0,2.00908,-2.09999,0.69892,0.0,0.0,1.0,0.0,0.0,0.0
232te1gied8kl1l6dt50_0002,0.02702702702702703,1,37	-1.92706,-1.6735,-2.36444,-0.68959,-0.7862,0.88584,1.35007,0.64137,1.20941,0.17758,154.40255,42.4833,39.21887,306.19856,0.3,0.3,0.0,0.0,0.0,0.0,0.0,0.0,0.02702,0,0,0.36951,-3.07999,1.91304,0.0,0.0,1.0,0.0,0.0,0.0
23kf4sm4zs9ejnmil4y8_0009,0.02702702702702703,1,37	-1.92706,-1.6735,0.92154,-0.4209,-0.74655,0.56139,1.74451,0.40606,1.19886,0.16356,160.48746,45.23189,316.68785,322.10176,0.3,0.3,0.0,0.0,0.0,0.0,0.0,0.0,0.02702,0,0,1.92266,-2.33999,0.7115,0.0,0.0,1.0,0.0,0.0,0.0
rbm81gbzkzstbeeibr_0000,0.02702702702702703,1,37	-1.92706,-1.6735,-1.96141,-0.28328,-0.62568,0.12423,0.91322,0.61348,0.93067,0.23415,158.15075,45.76741,315.15586,218.9326,0.3,0.3,0.0,0.0,0.0,0.0,0.0,0.0,0.02702,0,0,2.91808,-2.49999,0.47491,0.0,0.0,0.0,0.0,0.0,0.0
23lwiaaqrkx6egl0pxor_0001,0.02702702702702703,1,37	-1.92706,-1.6735,2.00695,0.15424,-0.32914,-1.05681,1.78311,0.66931,1.24408,0.26958,164.92604,60.89239,39.38849,218.37648,0.3,0.3,0.0,0.0,0.0,0.0,0.0,0.0,0.02702,0,0,1.90691,-3.49999,0.75058,0.0,1.0,1.0,1.0,0.0,0.0
7l2fkpbq202xpj2cf84_0007,0.02702702702702703,1,37	-1.92706,-1.6735,-1.44099,0.49013,-0.26901,-0.44085,2.04758,0.77561,0.79815,0.21611,162.49212,53.75507,309.86653,308.76578,0.3,0.3,0.0,0.0,0.0,0.0,0.0,0.0,0.02702,0,0,2.20532,-4.81999,0.72725,0.0,1.0,1.0,1.0,0.0,0.0
222by5zh769y2fu01vhd_0003,0.02702702702702703,1,37	-1.92706,-1.6735,-3.03105,0.02673,-1.00432,0.60215,1.82934,0.74866,1.29419,0.29715,166.4375,57.9375,55.90062,317.51552,0.3,0.3,0.0,0.0,0.0,0.0,0.0,0.0,0.02702,0,0,0.45785,-3.03999,1.77057,0.0,1.0,1.0,2.0,0.0,0.0
222by5zh769y2fu01vhd_0006,0.02702702702702703,1,37	-1.92706,-1.6735,-4.14106,-0.26366,-0.59898,0.60215,2.10827,0.6976,0.93506,0.1585,169.0955,50.10268,39.85862,232.9669,0.3,0.3,0.0,0.0,0.0,0.0,0.0,0.0,0.02702,0,0,1.84521,-4.37999,0.77423,0.0,0.0,1.0,1.0,0.0,0.0
222by5zh769y2fu01vhd_0018,0.02702702702702703,1,37	-1.92706,-1.6735,0.11329,0.12128,-0.90554,-1.00245,2.16775,0.26598,1.13949,0.19208,172.20718,49.11953,313.31824,221.00615,0.3,0.3,0.0,0.0,0.0,0.0,0.0,0.0,0.02702,0,0,0.59815,-2.49999,1.63099,0.0,0.0,1.0,0.0,0.0,0.0
217wuprz0y4qzroowgbc_0012,0.02702702702702703,1,37	-1.92706,-1.6735,-1.54328,-0.11879,-1.26905,0.06848,1.42945,0.52232,1.31334,0.25864,169.48177,44.96515,311.37024,320.79951,0.3,0.3,0.0,0.0,0.0,0.0,0.0,0.0,0.02702,0,0,0.50848,-1.86,1.41616,0.0,0.0,1.0,1.0,0.0,0.0
217wuprz0y4qzroowgbc_0015,0.02702702702702703,1,37	-1.92706,-1.6735,-1.6647,0.09686,0.07718,0.93452,1.38977,0.75983,1.07496,0.26449,171.02118,54.35268,310.26954,220.62225,0.3,0.3,0.0,0.0,0.0,0.0,0.0,0.0,0.02702,0,0,1.26026,-4.25999,0.94329,0.0,0.0,1.0,1.0,0.0,0.0
79obho9m8n2rqfpqex0_0006,0.0,0,37	-1.92706,-1.6735,-1.34448,-0.20977,-0.77147,1.06563,1.22887,0.38784,1.13353,0.31346,163.95418,53.18603,320.25769,305.34129,0.3,0.3,0.0,0.0,0.0,0.0,0.0,0.0,0.0,0,0,0.88608,-3.07999,1.05313,0.0,0.0,1.0,0.0,0.0,0.0
7l0hvdf02lmrcnpntit_0016,0.0,0,37	-1.92706,-1.6735,-2.75678,-5.74471,-0.86936,0.05009,1.41776,0.64133,1.02666,0.28997,154.83966,53.98286,48.92536,45.80171,0.3,0.3,0.0,0.0,0.0,0.0,0.0,0.0,0.0,0,0,0.49178,-3.43999,1.5885,0.0,0.0,1.0,1.0,0.0,0.0
222by5zh769y2fu01vhd_0029,0.0,0,37	-1.92706,-1.6735,1.3807,0.19576,-0.25715,-0.66016,1.05458,0.53123,1.25024,0.2363,166.97582,41.19479,55.04318,35.29807,0.3,0.3,0.0,0.0,0.0,0.0,0.0,0.0,0.0,0,0,0.35041,-3.39999,1.97333,0.0,0.0,1.0,0.0,0.0,0.0
217wuprz0y4qzroowgbc_0038,0.0,0,37	-1.92706,-1.6735,-0.92733,-0.17229,-0.89924,0.90816,0.77389,0.41377,1.0103,0.27116,172.18243,55.2791,319.85098,230.93324,0.3,0.3,0.0,0.0,0.0,0.0,0.0,0.0,0.0,0,0,0.59765,-2.57999,1.1595,0.0,0.0,1.0,0.0,0.0,0.0
210eoctv2ykh8ykv3u8h_0000,0.0,0,36	-1.92706,-1.6735,-1.7377,0.22278,-0.64563,0.04534,0.95641,0.49264,1.28143,0.27889,173.57222,56.46005,309.21172,140.31719,0.3,0.3,0.0,0.0,0.0,0.0,0.0,0.0,0.0,0,0,0.33122,-3.21999,1.85795,0.0,1.0,1.0,1.0,0.0,0.0
210eoctv2ykh8ykv3u8h_0014,0.0,0,36	-1.92706,-1.6735,-2.69203,0.03926,-0.99865,0.04534,2.14894,0.67286,1.16178,0.27157,156.69187,57.64911,40.83356,318.57855,0.3,0.3,0.0,0.0,0.0,0.0,0.0,0.0,0.0,0,0,0.58821,-2.95999,1.59472,0.0,1.0,1.0,0.0,0.0,0.0
210eoctv2ykh8ykv3u8h_0015,0.0,0,36	-1.92706,-1.6735,-1.7377,0.22278,-0.64563,0.04534,0.95641,0.49264,1.28143,0.27889,173.57222,56.46005,309.21172,140.31719,0.3,0.3,0.0,0.0,0.0,0.0,0.0,0.0,0.0,0,0,0.33122,-3.21999,1.85795,0.0,1.0,1.0,0.0,0.0,0.0
22bqtkh6542blb796o54_0005,0.0,0,36	-1.92706,-1.6735,-0.66427,-1.0614,-0.52548,0.0397,1.68885,0.58142,1.2011,0.31377,161.91081,44.98692,39.97484,305.71072,0.3,0.3,0.0,0.0,0.0,0.0,0.0,0.0,0.0,0,0,2.7807,-1.7,0.55875,0.0,0.0,1.0,0.0,0.0,0.0
225dpmq3pztpvjmpefhp_0000,0.0,0,36	-1.92706,-1.6735,-1.42509,-0.76314,-1.13397,-0.97915,1.86963,0.56682,1.17115,0.27528,172.98287,58.42913,50.39149,136.28253,0.3,0.3,0.0,0.0,0.0,0.0,0.0,0.0,0.0,0,0,0.44901,-1.82,1.72514,0.0,0.0,0.0,0.0,0.0,0.0
7ijzze3xxdovxfmhacw_0009,0.0,0,36	-1.92706,-1.6735,-1.61208,-0.49041,-0.56145,0.57734,1.71084,0.44474,0.93312,0.27798,157.05762,45.05122,44.95072,222.02371,0.3,0.3,0.0,0.0,0.0,0.0,0.0,0.0,0.0,0,0,0.94509,-3.33999,1.13242,0.0,0.0,1.0,0.0,0.0,0.0
23kf4sm4zs9ejnmil4y8_0014,0.0,0,36	-1.92706,-1.6735,-2.03622,-0.02674,-0.62328,0.49608,1.45327,0.66678,0.8206,0.28611,157.30152,59.63274,319.05922,127.25577,0.3,0.3,0.0,0.0,0.0,0.0,0.0,0.0,0.0,0,0,1.162,-2.69999,0.93843,0.0,0.0,1.0,0.0,0.0,0.0
23kf4sm4zs9ejnmil4y8_0016,0.0,0,36	-1.92706,-1.6735,-1.38042,-0.25084,-0.66837,0.49608,0.9442,0.279,1.30996,0.20358,170.98751,44.11962,321.27614,322.79795,0.3,0.3,0.0,0.0,0.0,0.0,0.0,0.0,0.0,0,0,0.8784,-2.35999,0.89674,0.0,0.0,1.0,0.0,0.0,0.0
79obho9m8n2rqfpqex0_0000,0.0,0,36	-1.92706,-1.6735,-0.2399,0.32667,-0.64371,-0.8376,1.94263,0.54826,0.95485,0.16054,168.42128,52.31757,54.42028,52.70934,0.3,0.3,0.0,0.0,0.0,0.0,0.0,0.0,0.0,0,0,1.13459,-3.43999,1.09112,0.0,0.0,1.0,1.0,0.0,0.0
qaw7i59134pk6cvmci_0002,0.0,0,36	-1.92706,-1.6735,0.39532,-0.20335,-0.30735,-0.75224,0.80749,0.6039,1.24366,0.22084,168.66297,55.69555,56.50929,49.95322,0.3,0.3,0.0,0.0,0.0,0.0,0.0,0.0,0.0,0,0,1.54772,-2.95999,0.71487,0.0,0.0,0.0,0.0,0.0,0.0
7l0hvdf02lmrcnpntit_0002,0.0,0,36	-1.92706,-1.6735,-0.30795,-0.13878,-0.42352,0.05009,1.51045,0.57516,1.16428,0.20274,157.44502,53.40226,314.64786,232.77104,0.3,0.3,0.0,0.0,0.0,0.0,0.0,0.0,0.0,0,0,1.55297,-2.67999,0.82026,0.0,0.0,1.0,2.0,0.0,0.0
7l0hvdf02lmrcnpntit_0020,0.0,0,36	-1.92706,-1.6735,2.50212,-0.06013,-0.58634,0.55727,1.16231,0.61629,0.94324,0.1966,157.2186,49.77598,308.94905,305.01251,0.3,0.3,0.0,0.0,0.0,0.0,0.0,0.0,0.0,0,0,0.52337,-5.85999,1.53719,0.0,0.0,1.0,0.0,0.0,0.0
7l0hvdf02lmrcnpntit_0033,0.0,0,36	-1.92706,-1.6735,-3.29515,0.08349,-0.50564,0.16154,1.03095,0.73296,1.0341,0.32858,169.5373,54.14016,50.6507,225.01996,0.3,0.3,0.0,0.0,0.0,0.0,0.0,0.0,0.0,0,0,0.72844,-4.59999,1.18544,0.0,0.0,1.0,0.0,0.0,0.0
7l0hvdf02lmrcnpntit_0039,0.0,0,36	-1.92706,-1.6735,-2.65643,0.05297,-0.68739,0.92878,1.87135,0.40954,1.17248,0.32626,161.21984,47.34024,314.73794,312.58003,0.3,0.3,0.0,0.0,0.0,0.0,0.0,0.0,0.0,0,0,0.93415,-3.29999,1.11638,0.0,0.0,1.0,0.0,0.0,0.0
7l0hvdf02lmrcnpntit_0042,0.0,0,36	-1.92706,-1.6735,-0.28755,-0.50206,0.29671,0.92878,1.55048,0.33065,1.20731,0.16117,158.50931,43.48519,52.3583,308.04356,0.3,0.3,0.0,0.0,0.0,0.0,0.0,0.0,0.0,0,0,1.32715,-3.75999,0.89791,0.0,0.0,1.0,0.0,0.0,0.0
7knexr1k7rdeeulm0yi_0014,0.0,0,36	-1.92706,-1.6735,-0.15395,-0.76202,-0.95645,-0.18488,1.38885,0.50967,1.30153,0.19761,170.59226,43.75686,56.01024,44.42628,0.3,0.3,0.0,0.0,0.0,0.0,0.0,0.0,0.0,0,0,0.80055,-1.58,1.07792,0.0,0.0,1.0,0.0,0.0,0.0
7knexr1k7rdeeulm0yi_0016,0.0,0,36	-1.92706,-1.6735,3.47335,-0.14597,-0.11143,-0.18488,1.22438,0.50617,1.30104,0.28154,165.73922,57.10129,321.13932,125.56538,0.3,0.3,0.0,0.0,0.0,0.0,0.0,0.0,0.0,0,0,59.13106,-4.81999,0.09485,0.0,0.0,1.0,0.0,0.0,0.0
222by5zh769y2fu01vhd_0023,0.0,0,36	-1.92706,-1.6735,-1.89411,-0.36896,-1.02105,0.74052,0.90506,0.71376,1.16967,0.31096,159.44245,45.04243,306.68643,316.54635,0.3,0.3,0.0,0.0,0.0,0.0,0.0,0.0,0.0,0,0,1.15493,-2.07999,0.80392,0.0,0.0,1.0,0.0,0.0,0.0
222by5zh769y2fu01vhd_0036,0.0,0,36	-1.92706,-1.6735,0.20008,-0.20334,-1.02394,-0.90967,1.84382,0.64727,0.81126,0.18644,168.23592,49.22947,46.63219,216.839,0.3,0.3,0.0,0.0,0.0,0.0,0.0,0.0,0.0,0,0,2.0332,-1.9,0.71463,0.0,0.0,1.0,0.0,0.0,0.0
222by5zh769y2fu01vhd_0041,0.0,0,36	-1.92706,-1.6735,0.102,-0.53388,0.20134,0.60215,1.45635,0.67492,1.16248,0.20391,162.79569,43.08428,301.75513,46.37022,0.3,0.3,0.0,0.0,0.0,0.0,0.0,0.0,0.0,0,0,1.86093,-3.01999,0.742,0.0,0.0,1.0,0.0,0.0,0.0
217wuprz0y4qzroowgbc_0010,0.0,0,36	-1.92706,-1.6735,-3.25083,-0.24392,-0.80626,0.93452,1.54759,0.40728,1.11222,0.19987,167.74643,55.0677,313.52506,48.21508,0.3,0.3,0.0,0.0,0.0,0.0,0.0,0.0,0.0,0,0,0.72989,-3.67999,1.20943,0.0,0.0,1.0,1.0,0.0,0.0
217wuprz0y4qzroowgbc_0036,0.0,0,36	-1.92706,-1.6735,-2.98135,-0.08758,-0.78055,0.90816,1.57725,0.60384,1.22492,0.15659,171.57853,56.30872,54.97767,127.90261,0.3,0.3,0.0,0.0,0.0,0.0,0.0,0.0,0.0,0,0,0.82506,-3.59999,1.17752,0.0,0.0,1.0,0.0,0.0,0.0
217wuprz0y4qzroowgbc_0041,0.0,0,36	-1.92706,-1.6735,-1.96691,0.19619,-0.11452,0.93452,1.94858,0.68578,1.23118,0.30834,168.15095,41.98778,303.88061,131.86248,0.3,0.3,0.0,0.0,0.0,0.0,0.0,0.0,0.0,0,0,1.20117,-3.79999,1.04002,0.0,0.0,1.0,0.0,0.0,0.0
217wuprz0y4qzroowgbc_0045,0.0,0,36	-1.92706,-1.6735,-3.43444,-0.27329,0.11444,0.93452,2.10345,0.40651,1.17786,0.30494,167.64851,41.56555,311.09092,324.38117,0.3,0.3,0.0,0.0,0.0,0.0,0.0,0.0,0.0,0,0,1.2644,-3.77999,0.94871,0.0,0.0,1.0,0.0,0.0,0.0
1ssymwgq45a1pw615cg2_0007,0.0,0,36	-1.92706,-1.6735,1.64102,-0.30657,-0.82075,-0.57007,1.27055,0.72249,1.066,0.23239,163.41048,58.27074,307.6923,40.0,0.3,0.3,0.0,0.0,0.0,0.0,0.0,0.0,0.0,0,0,0.64282,-3.07999,1.36864,0.0,1.0,1.0,0.0,0.0,0.0
232te1gied8kl1l6dt50_0001,0.0,0,35	-1.92706,-1.6735,-1.62565,0.30515,-0.50101,0.88584,2.04346,0.52763,1.05203,0.21048,155.06811,58.99553,41.50352,47.65555,0.3,0.3,0.0,0.0,0.0,0.0,0.0,0.0,0.0,0,0,0.76749,-7.68,1.4173,0.0,0.0,1.0,0.0,0.0,0.0
22j5yozgmg0zskr9jsd7_0008,0.0,0,35	-1.92706,-1.6735,2.64894,-0.1152,0.0905,-0.309,1.05692,0.71286,1.00912,0.20472,159.40354,45.38324,55.57023,51.4587,0.3,0.3,0.0,0.0,0.0,0.0,0.0,0.0,0.0,0,0,0.6503,-4.05999,1.28566,0.0,0.0,0.0,0.0,0.0,0.0
210eoctv2ykh8ykv3u8h_0005,0.0,0,35	-1.92706,-1.6735,-1.63975,0.22278,-0.64563,0.04534,0.95641,0.49264,1.28143,0.27889,173.375,57.5625,310.80745,31.30434,0.3,0.3,0.0,0.0,0.0,0.0,0.0,0.0,0.0,0,0,0.29779,-2.65999,1.94814,0.0,1.0,1.0,1.0,0.0,0.0
210eoctv2ykh8ykv3u8h_0019,0.0,0,35	-1.92706,-1.6735,-1.94123,-0.01453,-0.42577,-0.5823,1.36745,0.49275,0.65333,0.33407,172.77767,54.54737,52.43734,51.98709,0.3,0.3,0.0,0.0,0.0,0.0,0.0,0.0,0.0,0,0,3.74069,-3.41999,0.45361,0.0,0.0,1.0,0.0,0.0,0.0
3vzykw66uhzlhmcxwno_0003,0.0,0,35	-1.92706,-1.6735,-0.06508,-0.57283,-0.95308,-0.30129,0.94763,0.74879,1.07534,0.30185,164.66006,59.25619,56.37117,234.21693,0.3,0.3,0.0,0.0,0.0,0.0,0.0,0.0,0.0,0,0,1.4243,-1.76,0.74692,0.0,0.0,1.0,0.0,0.0,0.0
22bqtkh6542blb796o54_0003,0.0,0,35	-1.92706,-1.6735,0.46885,-0.25523,0.58138,0.0397,1.44772,0.58662,1.01494,0.22724,161.94657,47.37847,57.39651,231.67117,0.3,0.3,0.0,0.0,0.0,0.0,0.0,0.0,0.0,0,0,0.56047,-6.96,1.6038,0.0,0.0,1.0,0.0,0.0,0.0
22bqtkh6542blb796o54_0009,0.0,0,35	-1.92706,-1.6735,0.04301,-0.65972,-0.9136,0.3864,0.98971,0.68944,1.00889,0.29136,169.71491,54.05044,307.27708,36.26515,0.3,0.3,0.0,0.0,0.0,0.0,0.0,0.0,0.0,0,0,0.52445,-1.56,1.30934,0.0,0.0,0.0,0.0,0.0,0.0
7ijzze3xxdovxfmhacw_0008,0.0,0,35	-1.92706,-1.6735,-1.90807,-0.10012,-0.61141,0.57734,1.54265,0.67926,0.78546,0.28449,156.94803,46.85742,316.31614,317.3484,0.3,0.3,0.0,0.0,0.0,0.0,0.0,0.0,0.0,0,0,3.17236,-2.83999,0.52503,0.0,0.0,1.0,0.0,0.0,0.0
23kf4sm4zs9ejnmil4y8_0017,0.0,0,35	-1.92706,-1.6735,-2.85822,-0.58324,-1.0982,0.49608,1.57939,0.66557,1.03092,0.32145,158.74239,48.53829,56.90095,321.83273,0.3,0.3,0.0,0.0,0.0,0.0,0.0,0.0,0.0,0,0,0.4982,-2.63999,1.5338,0.0,0.0,1.0,0.0,0.0,0.0
79obho9m8n2rqfpqex0_0001,0.0,0,35	-1.92706,-1.6735,0.16381,0.46499,-0.56429,1.06563,1.96959,0.77339,1.06051,0.24353,161.43358,41.83755,313.6381,131.131,0.3,0.3,0.0,0.0,0.0,0.0,0.0,0.0,0.0,0,0,0.73166,-4.21999,1.50471,0.0,0.0,1.0,1.0,0.0,0.0
79obho9m8n2rqfpqex0_0008,0.0,0,35	-1.92706,-1.6735,0.29921,-0.06756,-1.20354,-0.8376,1.96629,0.54449,0.93496,0.21973,154.73657,50.97527,308.94826,133.37295,0.3,0.3,0.0,0.0,0.0,0.0,0.0,0.0,0.0,0,0,0.72298,-1.9,1.36499,0.0,0.0,1.0,0.0,0.0,0.0
7l2uttlv9t0xbqqxj2q_0001,0.0,0,35	-1.92706,-1.6735,0.26838,0.2909,0.15094,-0.30922,2.04949,0.63852,1.01908,0.16107,155.09621,55.42171,233.88244,215.32153,0.3,0.3,0.0,0.0,0.0,0.0,0.0,0.0,0.0,0,0,1.32541,-7.2,0.99833,0.0,0.0,0.0,0.0,0.0,0.0
7iu94l0d1ahudyx0yim_0001,0.0,0,35	-1.92706,-1.6735,-0.19834,0.18211,-0.72458,-0.64807,1.8324,0.47361,1.12157,0.23658,171.99118,45.99111,54.65944,226.19755,0.3,0.3,0.0,0.0,0.0,0.0,0.0,0.0,0.0,0,0,1.11482,-3.07999,1.06901,0.0,0.0,0.0,0.0,0.0,0.0
23lwiaaqrkx6egl0pxor_0000,0.0,0,35	-1.92706,-1.6735,2.00695,0.15424,-0.32914,-1.05681,1.78311,0.66931,1.25993,0.28681,164.92604,60.89239,39.38849,218.37648,0.3,0.3,0.0,0.0,0.0,0.0,0.0,0.0,0.0,0,0,1.90691,-3.49999,0.75058,0.0,0.0,1.0,1.0,0.0,0.0
23lwiaaqrkx6egl0pxor_0002,0.0,0,35	-1.92706,-1.6735,2.00695,0.15424,-0.32914,-1.05681,1.92911,0.74096,1.25993,0.28681,164.92604,60.89239,39.38849,218.37648,0.3,0.3,0.0,0.0,0.0,0.0,0.0,0.0,0.0,0,0,2.24249,-3.35999,0.69675,0.0,1.0,1.0,0.0,0.0,0.0
23lwiaaqrkx6egl0pxor_0003,0.0,0,35	-1.92706,-1.6735,0.05346,-0.33719,-1.05104,-1.05681,1.99966,0.69015,0.73159,0.26182,163.67753,46.68028,47.8022,129.54775,0.3,0.3,0.0,0.0,0.0,0.0,0.0,0.0,0.0,0,0,2.93511,-1.7,0.58059,0.0,0.0,1.0,0.0,0.0,0.0
7knexr1k7rdeeulm0yi_0008,0.0,0,35	-1.92706,-1.6735,-0.4176,-0.44675,-0.46282,-0.57007,1.36748,0.51375,1.26807,0.2981,154.17061,53.69844,40.31585,225.45342,0.3,0.3,0.0,0.0,0.0,0.0,0.0,0.0,0.0,0,0,0.41339,-2.25999,1.81468,0.0,0.0,1.0,0.0,0.0,0.0
7knexr1k7rdeeulm0yi_0017,0.0,0,35	-1.92706,-1.6735,-0.7688,-0.4751,-0.94839,0.15854,1.23719,0.34211,0.9505,0.1788,166.58793,47.79027,306.67563,311.66205,0.3,0.3,0.0,0.0,0.0,0.0,0.0,0.0,0.0,0,0,1.27868,-1.76,0.76558,0.0,0.0,1.0,0.0,0.0,0.0
7knexr1k7rdeeulm0yi_0018,0.0,0,35	-1.92706,-1.6735,-0.18675,-0.35822,-1.38957,0.15854,1.8714,0.74736,1.25927,0.24749,170.59091,43.15565,305.89915,216.88808,0.3,0.3,0.0,0.0,0.0,0.0,0.0,0.0,0.0,0,0,0.48036,-1.18,1.57995,0.0,0.0,1.0,0.0,0.0,0.0
222by5zh769y2fu01vhd_0001,0.0,0,35	-1.92706,-1.6735,-1.7377,0.00178,-0.7502,0.60215,0.87458,0.57012,1.3493,0.29462,173.9375,56.46005,333.1677,140.31719,0.3,0.3,0.0,0.0,0.0,0.0,0.0,0.0,0.0,0,0,0.57235,-2.85999,1.26603,0.0,1.0,1.0,2.0,0.0,0.0
23zou8u7071k4fkt58t8_0012,0.0,0,35	-1.92706,-1.6735,-5.75934,-0.48373,-0.3685,-0.16422,2.12171,0.61006,1.03369,0.28535,171.014,42.46077,49.84588,131.10566,0.3,0.3,0.0,0.0,0.0,0.0,0.0,0.0,0.0,0,0,3.55991,-4.67999,0.50203,0.0,0.0,1.0,0.0,0.0,0.0
217wuprz0y4qzroowgbc_0004,0.0,0,35	-1.92706,-1.6735,-1.82021,0.04406,-0.64803,0.93452,1.11235,0.26364,1.06951,0.16732,157.73628,45.74597,306.92039,220.91103,0.3,0.3,0.0,0.0,0.0,0.0,0.0,0.0,0.0,0,0,0.42577,-2.73999,1.48021,0.0,0.0,1.0,2.0,0.0,0.0
217wuprz0y4qzroowgbc_0009,0.0,0,35	-1.92706,-1.6735,-0.81591,0.08439,-0.43914,0.93452,0.90305,0.59212,1.29348,0.15992,171.33565,52.91312,41.76333,222.29612,0.3,0.3,0.0,0.0,0.0,0.0,0.0,0.0,0.0,0,0,0.92889,-4.39999,1.02342,0.0,0.0,1.0,1.0,0.0,0.0
217wuprz0y4qzroowgbc_0040,0.0,0,35	-1.92706,-1.6735,-2.01212,-0.50788,-0.98061,0.90816,2.00834,0.69361,1.06645,0.2069,155.16647,48.79522,57.4887,135.13911,0.3,0.3,0.0,0.0,0.0,0.0,0.0,0.0,0.0,0,0,2.51609,-2.11999,0.62466,0.0,0.0,1.0,0.0,0.0,0.0
