70ggbfwb0t2vkkzzcvm_0000,0.6944444444444444,25,36	0.66665,-2.12701,0.6768,-0.15954,-0.50545,0.30749,0.20978,0.14034,0.6169,0.45781,13.42741,93.42741,177.12,355.68,0.3,0.3,0.0,0.0,0.0,0.0,0.0,0.0,0.69444,0,0,0.34613,-3.03999,1.043,0.0,1.0,0.0,2.0,0.0,0.0
1ojl900o710i5ioq7g7w_0000,0.6578947368421053,25,38	0.66665,-2.12701,0.77772,-0.16221,-0.62667,0.37693,0.216,0.19069,0.59406,0.58611,3.9375,102.94505,149.81366,24.49409,0.3,0.3,0.0,0.0,0.0,0.0,0.0,0.0,0.65789,0,0,0.57178,-2.93999,0.81567,0.0,1.0,1.0,1.0,0.0,0.0
6a0619zuos500vcortp_0007,0.6578947368421053,25,38	0.66665,-2.12701,2.54834,-0.09226,-0.11773,0.51789,0.18983,0.20022,0.8875,0.54988,353.96365,100.23487,169.72682,163.5867,0.3,0.3,0.0,0.0,0.0,0.0,0.0,0.0,0.65789,0,0,0.25684,-5.33999,1.30481,0.0,0.0,0.0,0.0,0.0,0.0
1o7w2ksp1el6493rcjqm_0011,0.631578947368421,24,38	0.66665,-2.12701,1.61528,-0.25658,-0.44514,0.20647,0.17992,0.1544,0.81482,0.75573,15.0,87.5,203.47826,22.36024,0.3,0.3,0.0,0.0,0.0,0.0,0.0,0.0,0.63157,0,0,0.19453,-4.05999,1.45391,0.0,1.0,1.0,0.0,0.0,0.0
60rpgidpfah5gs2zw41_0003,0.6111111111111112,22,36	0.66665,-2.12701,2.84809,-0.00876,-0.14202,0.60986,0.05038,0.1431,0.84784,0.6534,359.31833,98.34779,190.27234,170.43429,0.3,0.3,0.0,0.0,0.0,0.0,0.0,0.0,0.61111,0,0,0.18633,-5.81999,1.15241,0.0,0.0,1.0,2.0,0.0,0.0
1q65v9rob7udrcp0w5ln_0000,0.5833333333333334,21,36	0.66665,-2.12701,1.59701,-0.12103,-0.21637,0.27154,0.06875,0.09458,0.88386,0.7262,9.60417,94.62216,200.22738,332.48309,0.3,0.3,0.0,0.0,0.0,0.0,0.0,0.0,0.58333,0,0,0.1363,-4.91999,1.3665,0.0,1.0,1.0,1.0,0.0,0.0
1o7w2ksp1el6493rcjqm_0008,0.5789473684210527,22,38	0.66665,-2.12701,1.61528,-0.23888,-0.35611,0.20647,0.17992,0.1544,0.76097,0.73505,15.0,87.5,203.47826,22.36024,0.3,0.3,0.0,0.0,0.0,0.0,0.0,0.0,0.57894,0,0,0.22294,-4.65999,1.38651,0.0,1.0,1.0,0.0,0.0,0.0
1o7w2ksp1el6493rcjqm_0001,0.5631067961165048,58,103	0.66665,-2.12701,1.61528,-0.18579,-0.23147,0.20647,0.19195,0.1555,0.81482,0.75573,15.0,87.5,203.47826,22.36024,0.3,0.3,0.0,0.0,0.0,0.0,0.0,0.0,0.56310,0,0,0.35895,-5.65999,1.10062,0.0,1.0,1.0,1.0,0.0,0.0
1ojl900o710i5ioq7g7w_0003,0.5405405405405406,20,37	0.66665,-2.12701,0.77772,-0.16221,-0.62667,0.37693,0.216,0.19069,0.59406,0.58611,356.48,102.94505,169.67158,24.49409,0.3,0.3,0.0,0.0,0.0,0.0,0.0,0.0,0.54054,0,0,0.57178,-2.93999,0.81567,0.0,1.0,1.0,0.0,0.0,0.0
1o7w2ksp1el6493rcjqm_0005,0.5333333333333333,56,105	0.66665,-2.12701,1.61528,-0.29197,-0.40953,0.20647,0.18101,0.19619,0.81482,0.75573,15.0,87.5,203.47826,22.36024,0.3,0.3,0.0,0.0,0.0,0.0,0.0,0.0,0.53333,0,0,0.18226,-4.05999,1.57553,0.0,1.0,1.0,1.0,0.0,0.0
1oafn22s47cc7g1etppt_0000,0.5277777777777778,19,36	0.66665,-2.12701,1.99319,-0.13714,-0.31391,0.54523,0.13881,0.18673,0.67126,0.48211,3.64708,89.78981,176.65894,15.42618,0.3,0.3,0.0,0.0,0.0,0.0,0.0,0.0,0.52777,0,0,0.30774,-4.21999,1.07042,0.0,0.0,1.0,1.0,0.0,0.0
1o7w2ksp1el6493rcjqm_0000,0.5277777777777778,19,36	0.66665,-2.12701,1.61528,-0.20349,-0.28489,0.20647,0.17336,0.1599,0.76097,0.73505,15.0,87.5,203.47826,22.36024,0.3,0.3,0.0,0.0,0.0,0.0,0.0,0.0,0.52777,0,0,0.28952,-5.23999,1.21344,0.0,1.0,1.0,1.0,0.0,0.0
1ojl900o710i5ioq7g7w_0004,0.5277777777777778,19,36	0.66665,-2.12701,1.13668,-0.16221,-0.62667,0.37693,0.216,0.19069,0.59406,0.58611,3.9375,102.94505,149.81366,24.49409,0.3,0.3,0.0,0.0,0.0,0.0,0.0,0.0,0.52777,0,0,0.40456,-3.21999,1.00182,0.0,1.0,1.0,0.0,0.0,0.0
1o7w2ksp1el6493rcjqm_0010,0.5263157894736842,20,38	0.66665,-2.12701,1.61528,-0.23888,-0.35611,0.20647,0.17992,0.1544,0.81482,0.75573,15.0,87.5,203.47826,22.36024,0.3,0.3,0.0,0.0,0.0,0.0,0.0,0.0,0.52631,0,0,0.22294,-4.65999,1.38651,0.0,1.0,1.0,0.0,0.0,0.0
70ggbfwb0t2vkkzzcvm_0004,0.5,18,36	0.66665,-2.12701,2.70219,-0.06112,-0.41453,0.30749,0.2132,0.20057,0.70497,0.41816,2.49535,92.68191,198.56086,338.83631,0.3,0.3,0.0,0.0,0.0,0.0,0.0,0.0,0.5,0,0,0.74539,-5.29999,0.71109,0.0,0.0,1.0,0.0,0.0,0.0
1o7w2ksp1el6493rcjqm_0012,0.5,18,36	0.66665,-2.12701,1.61528,-0.25658,-0.44514,0.20647,0.17992,0.1544,0.81482,0.75573,11.0625,87.5,201.24223,22.36024,0.3,0.3,0.0,0.0,0.0,0.0,0.0,0.0,0.5,0,0,0.19453,-4.05999,1.45391,0.0,1.0,1.0,0.0,0.0,0.0
1o7w2ksp1el6493rcjqm_0002,0.47619047619047616,50,105	0.66665,-2.12701,1.61528,-0.20349,-0.28489,0.20647,0.17336,0.1599,0.76097,0.73505,15.0,87.5,203.47826,22.36024,0.3,0.3,0.0,0.0,0.0,0.0,0.0,0.0,0.47619,0,0,0.28952,-5.23999,1.21344,0.0,1.0,1.0,1.0,0.0,0.0
1o7w2ksp1el6493rcjqm_0006,0.47368421052631576,18,38	0.66665,-2.12701,1.90863,-0.1681,-0.28489,0.20647,0.19195,0.1786,0.76636,0.71022,351.199,93.8281,196.40021,14.53633,0.3,0.3,0.0,0.0,0.0,0.0,0.0,0.0,0.47368,0,0,0.16595,-3.13999,1.49768,0.0,1.0,1.0,0.0,0.0,0.0
1ojl900o710i5ioq7g7w_0011,0.4594594594594595,17,37	0.66665,-2.12701,2.57249,-0.00884,-0.53417,0.37693,0.1034,0.15,0.67483,0.66058,12.375,98.375,219.13043,360.0,0.3,0.3,0.0,0.0,0.0,0.0,0.0,0.0,0.45945,0,0,0.74783,-4.03999,0.55056,0.0,1.0,0.0,0.0,0.0,0.0
70ggbfwb0t2vkkzzcvm_0001,0.45714285714285713,16,35	0.66665,-2.12701,1.39729,-0.12235,-0.62238,0.30749,0.21346,0.11016,0.69506,0.47596,6.39986,99.42535,167.70177,25.55708,0.3,0.3,0.0,0.0,0.0,0.0,0.0,0.0,0.45714,0,0,0.40338,-3.41999,0.9082,0.0,0.0,1.0,1.0,0.0,0.0
6095fqwusktw59vgw9q_0003,0.4444444444444444,16,36	0.66665,-2.12701,-0.11271,0.55376,-1.3772,-0.28964,0.17737,0.17807,0.95639,0.42401,351.59208,88.15648,159.48375,349.05432,0.3,0.3,0.0,0.0,0.0,0.0,0.0,0.0,0.44444,0,0,3.70448,-1.36,0.22238,0.0,0.0,1.0,0.0,0.0,0.0
1ojl900o710i5ioq7g7w_0006,0.4444444444444444,16,36	0.66665,-2.12701,0.91757,-0.16221,-0.62667,0.37693,0.16192,0.199,0.67248,0.55403,356.48,102.94505,169.67158,24.49409,0.3,0.3,0.0,0.0,0.0,0.0,0.0,0.0,0.44444,0,0,0.16918,-2.77999,1.55736,0.0,0.0,1.0,0.0,0.0,0.0
1ojl900o710i5ioq7g7w_0010,0.4444444444444444,16,36	0.66665,-2.12701,2.57249,-0.00884,-0.53417,0.37693,0.16352,0.15,0.67483,0.66058,12.375,98.375,219.13043,360.0,0.3,0.3,0.0,0.0,0.0,0.0,0.0,0.0,0.44444,0,0,1.00187,-3.95999,0.50967,0.0,1.0,0.0,0.0,0.0,0.0
1o7w2ksp1el6493rcjqm_0003,0.4326923076923077,45,104	0.66665,-2.12701,1.61528,-0.23888,-0.37392,0.20647,0.17992,0.1544,0.76097,0.73505,15.0,87.5,203.47826,22.36024,0.3,0.3,0.0,0.0,0.0,0.0,0.0,0.0,0.43269,0,0,0.22227,-4.55999,1.38157,0.0,1.0,1.0,1.0,0.0,0.0
5zqakdu4mx9e5pc19rs_0002,0.43243243243243246,16,37	0.66665,-2.12701,0.82598,-0.36309,-0.37865,0.08509,0.2144,0.16335,1.00353,0.51271,357.23268,104.43213,171.42962,153.23687,0.3,0.3,0.0,0.0,0.0,0.0,0.0,0.0,0.43243,0,0,0.14838,-2.63999,1.74314,0.0,1.0,0.0,0.0,0.0,0.0
60sjg0x40yp11znz4u1_0010,0.4230769230769231,44,104	0.66665,-2.12701,2.20816,-0.04811,-0.4307,0.13021,0.20069,0.18636,0.57572,0.68072,6.41603,89.19173,176.55523,13.0205,0.3,0.3,0.0,0.0,0.0,0.0,0.0,0.0,0.42307,0,0,0.94957,-3.69999,0.57683,0.0,0.0,1.0,0.0,0.0,0.0
60rpgidpfah5gs2zw41_0001,0.4166666666666667,15,36	0.66665,-2.12701,2.00257,-0.09219,-0.44433,0.60986,0.13253,0.1346,0.77304,0.4288,359.22372,86.49439,187.92458,333.95974,0.3,0.3,0.0,0.0,0.0,0.0,0.0,0.0,0.41666,0,0,0.43779,-3.87999,0.78498,0.0,0.0,1.0,3.0,0.0,0.0
1nsien42ekb8cgq2k2uj_0002,0.4166666666666667,15,36	0.66665,-2.12701,1.37336,-0.11209,-0.44218,0.32543,0.13505,0.16997,0.71976,0.57019,357.70709,102.89191,196.71815,26.91354,0.3,0.3,0.0,0.0,0.0,0.0,0.0,0.0,0.41666,0,0,0.24498,-2.95999,1.12298,0.0,0.0,1.0,1.0,0.0,0.0
1o7w2ksp1el6493rcjqm_0004,0.4166666666666667,15,36	0.66665,-2.12701,1.90863,-0.1681,-0.28489,0.20647,0.18131,0.17805,0.76636,0.71022,351.199,93.8281,196.40021,14.53633,0.3,0.3,0.0,0.0,0.0,0.0,0.0,0.0,0.41666,0,0,0.15991,-3.13999,1.50586,0.0,1.0,1.0,1.0,0.0,0.0
60sjg0x40yp11znz4u1_0005,0.40540540540540543,15,37	0.66665,-2.12701,1.21798,-0.167,-0.26524,0.13021,0.07277,0.216,0.98829,0.44251,351.34977,101.33358,163.02239,331.85445,0.3,0.3,0.0,0.0,0.0,0.0,0.0,0.0,0.40540,0,0,0.21803,-4.11999,1.29867,0.0,1.0,1.0,1.0,0.0,0.0
1q65v9rob7udrcp0w5ln_0005,0.4,14,35	0.66665,-2.12701,1.59701,-0.09621,-0.43184,0.27154,0.14467,0.11797,0.73209,0.51663,9.60417,94.62216,200.22738,332.48309,0.3,0.3,0.0,0.0,0.0,0.0,0.0,0.0,0.4,0,0,0.50369,-3.97999,0.74943,0.0,1.0,1.0,0.0,0.0,0.0
60rpgidpfah5gs2zw41_0018,0.39473684210526316,15,38	0.66665,-2.12701,1.1181,0.2994,-0.83949,0.04285,0.08838,0.1751,0.84154,0.49255,358.37722,87.8368,177.98056,197.59962,0.3,0.3,0.0,0.0,0.0,0.0,0.0,0.0,0.39473,0,0,0.30713,-2.47999,0.88038,0.0,0.0,1.0,1.0,0.0,0.0
68g6ozt3pa9xpfy2iwk_0001,0.39473684210526316,15,38	0.66665,-2.12701,-1.09459,-0.36178,-0.31442,-0.43859,0.18883,0.185,0.6705,0.54573,353.26017,88.93408,181.17247,10.58835,0.3,0.3,0.0,0.0,0.0,0.0,0.0,0.0,0.39473,0,0,0.14174,-3.19999,1.8184,0.0,0.0,0.0,0.0,0.0,0.0
64qwb84ckvjw9ypmm23_0001,0.3888888888888889,14,36	0.66665,-2.12701,1.63842,-0.1325,-0.01637,0.56104,0.21087,0.19031,0.96094,0.4413,4.13491,103.81476,177.37082,158.18436,0.3,0.3,0.0,0.0,0.0,0.0,0.0,0.0,0.38888,0,0,0.18277,-5.63999,1.68336,0.0,1.0,1.0,1.0,0.0,0.0
1o7w2ksp1el6493rcjqm_0009,0.3888888888888889,14,36	0.66665,-2.12701,1.61528,-0.23888,-0.35611,0.20647,0.17992,0.1544,0.81482,0.74332,15.0,87.5,203.47826,22.36024,0.3,0.3,0.0,0.0,0.0,0.0,0.0,0.0,0.38888,0,0,0.22294,-4.65999,1.38651,0.0,1.0,1.0,0.0,0.0,0.0
1q65v9rob7udrcp0w5ln_0006,0.3888888888888889,14,36	0.66665,-2.12701,1.59701,-0.12103,-0.21637,0.27154,0.17803,0.11017,0.61757,0.4413,9.60417,94.62216,200.22738,332.48309,0.3,0.3,0.0,0.0,0.0,0.0,0.0,0.0,0.38888,0,0,0.29863,-4.99999,1.12206,0.0,1.0,1.0,0.0,0.0,0.0
1ojl900o710i5ioq7g7w_0009,0.3888888888888889,14,36	0.66665,-2.12701,2.57249,-0.00884,-0.53417,0.37693,0.16352,0.15,0.67483,0.66058,12.1875,99.6875,216.8944,292.91925,0.3,0.3,0.0,0.0,0.0,0.0,0.0,0.0,0.38888,0,0,1.00187,-3.95999,0.50967,0.0,1.0,0.0,0.0,0.0,0.0
60sjg0x40yp11znz4u1_0008,0.3888888888888889,14,36	0.66665,-2.12701,2.19208,-0.08841,-0.2063,0.13021,0.04,0.216,0.97248,0.62848,12.72413,101.33358,213.51724,331.85445,0.3,0.3,0.0,0.0,0.0,0.0,0.0,0.0,0.38888,0,0,0.23456,-4.97999,1.14572,0.0,1.0,1.0,0.0,0.0,0.0
6095fqwusktw59vgw9q_0005,0.3783783783783784,14,37	0.66665,-2.12701,0.16957,0.53428,-1.30636,0.36972,0.04303,0.17155,0.77344,0.56836,357.35828,85.79659,191.7734,334.18512,0.3,0.3,0.0,0.0,0.0,0.0,0.0,0.0,0.37837,0,0,1.60509,-1.44,0.28026,0.0,0.0,1.0,0.0,0.0,0.0
6bd5s66xhqukfo8ebs4_0001,0.3783783783783784,14,37	0.66665,-2.12701,2.43797,-0.01403,-0.51226,0.40557,0.09566,0.12806,0.80833,0.66514,355.4351,101.59709,196.30687,195.60754,0.3,0.3,0.0,0.0,0.0,0.0,0.0,0.0,0.37837,0,0,0.6586,-4.19999,0.57264,0.0,0.0,1.0,0.0,0.0,0.0
6bd5s66xhqukfo8ebs4_0004,0.3783783783783784,14,37	0.66665,-2.12701,1.63842,-0.14291,-0.32385,0.40557,0.21087,0.19031,0.97502,0.41401,4.13491,103.81476,177.37081,338.18435,0.3,0.3,0.0,0.0,0.0,0.0,0.0,0.0,0.37837,0,0,0.53021,-4.25999,0.87699,0.0,1.0,1.0,0.0,0.0,0.0
1o7w2ksp1el6493rcjqm_0015,0.375,39,104	0.66665,-2.12701,1.90863,-0.11518,-0.29245,0.20647,0.18131,0.17805,0.69319,0.45711,351.199,93.8281,196.40021,14.53633,0.3,0.3,0.0,0.0,0.0,0.0,0.0,0.0,0.375,0,0,0.1924,-3.21999,1.36409,0.0,0.0,1.0,0.0,0.0,0.0
60rpgidpfah5gs2zw41_0002,0.37142857142857144,13,35	0.66665,-2.12701,2.22274,-0.05556,-0.50105,0.60986,0.1734,0.15767,0.59447,0.36454,7.3403,100.2459,192.48889,12.53392,0.3,0.3,0.0,0.0,0.0,0.0,0.0,0.0,0.37142,0,0,0.47301,-3.17999,0.76117,0.0,0.0,1.0,2.0,0.0,0.0
1nvg1szpx8xnxnda0au7_0003,0.3611111111111111,13,36	0.66665,-2.12701,2.64969,-0.02495,-0.5515,0.54409,0.19008,0.19466,0.76176,0.41909,5.61491,99.52361,177.11922,336.39772,0.3,0.3,0.0,0.0,0.0,0.0,0.0,0.0,0.36111,0,0,0.36566,-4.73999,1.02282,0.0,0.0,0.0,0.0,0.0,0.0
60x6acus8pytzq7gbur_0002,0.3611111111111111,13,36	0.66665,-2.12701,2.35057,-0.02438,-0.15111,0.48187,0.07471,0.19557,0.6264,0.44036,359.53488,88.58038,159.20132,200.182,0.3,0.3,0.0,0.0,0.0,0.0,0.0,0.0,0.36111,0,0,0.33035,-5.55999,0.98313,0.0,0.0,1.0,1.0,0.0,0.0
6cqxatl6s7asfmw7oir_0000,0.3611111111111111,13,36	0.66665,-2.12701,-3.17074,0.38044,-0.56978,-0.52307,0.10886,0.16319,0.879,0.49834,350.08052,95.34959,182.98425,190.82313,0.3,0.3,0.0,0.0,0.0,0.0,0.0,0.0,0.36111,0,0,0.26736,-3.91999,0.94198,0.0,1.0,1.0,1.0,0.0,0.0
1nsien42ekb8cgq2k2uj_0006,0.35135135135135137,13,37	0.66665,-2.12701,1.3916,-0.1038,-0.46103,0.32543,0.15829,0.15951,0.6844,0.3842,351.02471,90.58263,172.14605,11.92287,0.3,0.3,0.0,0.0,0.0,0.0,0.0,0.0,0.35135,0,0,0.46108,-4.31999,0.882,0.0,0.0,0.0,0.0,0.0,0.0
1nvg1szpx8xnxnda0au7_0004,0.34285714285714286,12,35	0.66665,-2.12701,0.62906,0.41316,-0.7852,0.68239,0.08235,0.10752,0.91183,0.65928,352.002,101.04816,172.36918,10.03722,0.3,0.3,0.0,0.0,0.0,0.0,0.0,0.0,0.34285,0,0,0.25203,-2.31999,0.84722,0.0,0.0,0.0,0.0,0.0,0.0
1o7w2ksp1el6493rcjqm_0007,0.34210526315789475,13,38	0.66665,-2.12701,1.61528,-0.1681,-0.26708,0.20647,0.17336,0.1599,0.76636,0.71022,15.0,87.5,203.47826,22.36024,0.3,0.3,0.0,0.0,0.0,0.0,0.0,0.0,0.34210,0,0,0.40526,-5.39999,0.99811,0.0,1.0,1.0,0.0,0.0,0.0
m1pvdf0gxn0f79teym_0002,0.3333333333333333,12,36	0.66665,-2.12701,0.31324,0.63377,-1.3992,0.25169,0.06459,0.13417,0.94023,0.34968,2.81273,85.10628,188.91191,344.14262,0.3,0.3,0.0,0.0,0.0,0.0,0.0,0.0,0.33333,0,0,1.98027,-1.36,0.23641,0.0,0.0,1.0,0.0,0.0,0.0
1q65v9rob7udrcp0w5ln_0003,0.3333333333333333,12,36	0.66665,-2.12701,1.59701,-0.12103,-0.21637,0.27154,0.06875,0.09458,0.61757,0.4413,9.60417,94.62216,200.22738,332.48309,0.3,0.3,0.0,0.0,0.0,0.0,0.0,0.0,0.33333,0,0,0.1363,-4.91999,1.3665,0.0,1.0,1.0,1.0,0.0,0.0
60sjg0x40yp11znz4u1_0003,0.32432432432432434,12,37	0.66665,-2.12701,2.21806,-0.06876,-0.40278,0.13021,0.04,0.216,0.6663,0.61597,6.50789,94.86443,186.08363,200.40008,0.3,0.3,0.0,0.0,0.0,0.0,0.0,0.0,0.32432,0,0,0.39033,-3.87999,0.80243,0.0,1.0,1.0,1.0,0.0,0.0
1ojl900o710i5ioq7g7w_0005,0.3055555555555556,11,36	0.66665,-2.12701,1.80372,-0.00884,-0.53417,0.37693,0.16352,0.15,0.67483,0.66058,357.70468,101.76334,182.30456,343.92048,0.3,0.3,0.0,0.0,0.0,0.0,0.0,0.0,0.30555,0,0,1.0464,-3.81999,0.51923,0.0,1.0,0.0,0.0,0.0,0.0
myjupyng43u74q4at6_0000,0.3055555555555556,11,36	0.66665,-2.12701,0.50572,0.34382,-0.92987,-0.11731,0.04705,0.08676,0.84494,0.66284,3.1742,100.33215,167.11719,161.99037,0.3,0.3,0.0,0.0,0.0,0.0,0.0,0.0,0.30555,0,0,0.84463,-1.98,0.35345,0.0,0.0,0.0,0.0,0.0,0.0
m1pvdf0gxn0f79teym_0001,0.2972972972972973,11,37	0.66665,-2.12701,1.85406,-0.22289,-0.67269,0.25169,0.16163,0.18238,0.83011,0.59966,9.43992,91.17833,167.35717,162.20528,0.3,0.3,0.0,0.0,0.0,0.0,0.0,0.0,0.29729,0,0,0.11831,-3.25999,1.80558,0.0,0.0,1.0,0.0,0.0,0.0
6095fqwusktw59vgw9q_0006,0.2972972972972973,11,37	0.66665,-2.12701,0.88992,-0.06306,-0.60996,0.36972,0.18272,0.19698,0.623,0.4703,6.74141,85.11057,198.83,342.87497,0.3,0.3,0.0,0.0,0.0,0.0,0.0,0.0,0.29729,0,0,0.30143,-2.29999,1.05133,0.0,0.0,1.0,0.0,0.0,0.0
60x6acus8pytzq7gbur_0001,0.2972972972972973,11,37	0.66665,-2.12701,1.01703,-0.1681,-0.03561,0.48187,0.10996,0.2105,0.68021,0.88813,-8.625,92.1875,185.59006,183.35403,0.3,0.3,0.0,0.0,0.0,0.0,0.0,0.0,0.29729,0,0,0.12757,-5.09999,1.92889,0.0,1.0,1.0,1.0,0.0,0.0
60x6acus8pytzq7gbur_0003,0.2972972972972973,11,37	0.66665,-2.12701,1.61528,-0.11501,-0.03561,0.48187,0.06404,0.1918,0.68021,0.88813,14.4375,92.1875,187.82608,183.35403,0.3,0.3,0.0,0.0,0.0,0.0,0.0,0.0,0.29729,0,0,0.14741,-6.62,1.58257,0.0,1.0,1.0,0.0,0.0,0.0
1oafn22s47cc7g1etppt_0002,0.2972972972972973,11,37	0.66665,-2.12701,1.78311,-0.06915,-0.5558,0.54523,0.12472,0.15875,0.69034,0.55271,5.48833,95.91266,171.43324,10.00937,0.3,0.3,0.0,0.0,0.0,0.0,0.0,0.0,0.29729,0,0,0.54783,-3.73999,0.71385,0.0,0.0,1.0,1.0,0.0,0.0
1ojl900o710i5ioq7g7w_0002,0.2972972972972973,11,37	0.66665,-2.12701,1.80372,-0.00884,-0.53417,0.37693,0.16352,0.15,0.64252,0.49095,357.70468,101.76334,182.30456,343.92048,0.3,0.3,0.0,0.0,0.0,0.0,0.0,0.0,0.29729,0,0,1.0464,-3.81999,0.51923,0.0,1.0,1.0,1.0,0.0,0.0
60rpgidpfah5gs2zw41_0010,0.2777777777777778,10,36	0.66665,-2.12701,-0.48273,-0.24949,-0.67851,0.04285,0.21532,0.11184,0.57878,0.46079,6.56521,85.39536,200.12154,190.04907,0.3,0.3,0.0,0.0,0.0,0.0,0.0,0.0,0.27777,0,0,0.276,-2.67999,1.12349,0.0,0.0,1.0,1.0,0.0,0.0
6g3sgikf1rjhp5x2iqk_0001,0.2702702702702703,10,37	0.66665,-2.12701,3.53033,-1.23569,-0.12245,-0.09715,0.21266,0.16266,0.78834,0.60944,358.28877,97.38022,18.29569,191.20536,0.3,0.3,0.0,0.0,0.0,0.0,0.0,0.0,0.27027,0,0,0.01725,0.0,4.17955,0.0,0.0,0.0,0.0,0.0,0.0
6a0619zuos500vcortp_0008,0.2702702702702703,10,37	0.66665,-2.12701,1.66349,0.31571,-0.76961,-0.60899,0.10253,0.20789,0.88039,0.57802,356.78321,88.08578,183.45619,191.893,0.3,0.3,0.0,0.0,0.0,0.0,0.0,0.0,0.27027,0,0,0.40882,-2.87999,0.81263,0.0,0.0,0.0,0.0,0.0,0.0
6bd5s66xhqukfo8ebs4_0000,0.2702702702702703,10,37	0.66665,-2.12701,2.9174,0.08163,-0.11031,0.40557,0.11762,0.20032,0.84298,0.634,357.4952,88.20149,176.82564,159.29931,0.3,0.3,0.0,0.0,0.0,0.0,0.0,0.0,0.27027,0,0,0.41365,-5.83999,0.90372,0.0,0.0,1.0,0.0,0.0,0.0
6bd5s66xhqukfo8ebs4_0003,0.2702702702702703,10,37	0.66665,-2.12701,2.9174,0.08163,-0.11031,0.40557,0.11762,0.20032,0.84298,0.634,357.4952,88.25,176.82564,152.04968,0.3,0.3,0.0,0.0,0.0,0.0,0.0,0.0,0.27027,0,0,0.41365,-5.83999,0.90372,0.0,1.0,1.0,0.0,0.0,0.0
60sjg0x40yp11znz4u1_0012,0.2571428571428571,9,35	0.66665,-2.12701,1.21798,-0.12017,-0.26633,0.13021,0.12996,0.109,0.98829,0.44251,351.34977,101.33358,163.02239,331.85445,0.3,0.3,0.0,0.0,0.0,0.0,0.0,0.0,0.25714,0,0,0.25634,-4.53999,1.13589,0.0,0.0,1.0,0.0,0.0,0.0
5yki1gegefdbrqszggd_0002,0.2571428571428571,9,35	0.66665,-2.12701,1.11021,0.05123,-0.51694,0.54466,0.17227,0.20439,0.78597,0.52758,355.26771,98.50917,165.24473,193.73515,0.3,0.3,0.0,0.0,0.0,0.0,0.0,0.0,0.25714,0,0,0.5468,-3.75999,0.84295,0.0,0.0,0.0,0.0,0.0,0.0
6095fqwusktw59vgw9q_0007,0.25,9,36	0.66665,-2.12701,0.14098,0.15434,-1.27802,0.36972,0.21228,0.20027,0.87074,0.40302,0.96709,96.87587,170.11292,347.33894,0.3,0.3,0.0,0.0,0.0,0.0,0.0,0.0,0.25,0,0,2.10344,-1.54,0.33375,0.0,0.0,1.0,0.0,0.0,0.0
6cqxatl6s7asfmw7oir_0004,0.25,9,36	0.66665,-2.12701,1.92,0.24952,-0.51796,-0.52307,0.19777,0.07299,0.88527,0.66617,359.39157,89.262,16.25636,334.10261,0.3,0.3,0.0,0.0,0.0,0.0,0.0,0.0,0.25,0,0,0.04013,-0.42,2.92448,0.0,0.0,1.0,0.0,0.0,0.0
1nvg1szpx8xnxnda0au7_0007,0.24324324324324326,9,37	0.66665,-2.12701,1.63958,-0.15311,-0.33557,0.30287,0.18527,0.17086,0.99194,0.60891,353.19903,102.1699,177.89909,155.39494,0.3,0.3,0.0,0.0,0.0,0.0,0.0,0.0,0.24324,0,0,0.27026,-3.61999,1.18963,0.0,0.0,0.0,0.0,0.0,0.0
60rpgidpfah5gs2zw41_0014,0.22857142857142856,8,35	0.66665,-2.12701,1.36241,-0.04997,-0.41048,0.60986,0.13299,0.14893,0.86291,0.51923,353.62292,91.8826,162.08981,191.41064,0.3,0.3,0.0,0.0,0.0,0.0,0.0,0.0,0.22857,0,0,0.62449,-3.67999,0.67869,0.0,0.0,1.0,1.0,0.0,0.0
m1pvdf0gxn0f79teym_0000,0.22857142857142856,8,35	0.66665,-2.12701,0.73398,0.37871,-1.23268,0.25169,0.04435,0.20021,0.97959,0.66153,4.26381,99.21719,186.68618,347.59449,0.3,0.3,0.0,0.0,0.0,0.0,0.0,0.0,0.22857,0,0,0.33623,-1.66,0.70461,0.0,0.0,1.0,1.0,0.0,0.0
60olb4aqpap2jxtfg1p_0001,0.2222222222222222,8,36	0.66665,-2.12701,0.36715,0.24212,-0.74748,-0.25458,0.14878,0.18254,0.99896,0.57745,3.60116,88.05795,187.49159,19.5677,0.3,0.3,0.0,0.0,0.0,0.0,0.0,0.0,0.22222,0,0,0.9521,-2.39999,0.53638,0.0,0.0,0.0,0.0,0.0,0.0
1ownl0lrmtgtifw9qg7h_0004,0.2222222222222222,8,36	0.66665,-2.12701,1.53164,0.30386,-0.25295,0.49477,0.10416,0.21247,0.99328,0.60585,358.2146,95.97332,349.91949,16.80092,0.3,0.3,0.0,0.0,0.0,0.0,0.0,0.0,0.22222,0,0,0.44533,-3.79999,0.85893,0.0,0.0,1.0,0.0,0.0,0.0
1rcp18wb2ceoi60vn23r_0001,0.2222222222222222,8,36	0.66665,-2.12701,-2.55635,-0.25323,-0.11215,-0.76225,0.18997,0.19009,0.73817,0.63633,354.78544,104.98406,345.84661,28.62656,0.3,0.3,0.0,0.0,0.0,0.0,0.0,0.0,0.22222,0,0,0.14383,-7.56,1.89508,0.0,0.0,0.0,0.0,0.0,0.0
1q65v9rob7udrcp0w5ln_0007,0.2222222222222222,8,36	0.66665,-2.12701,1.59701,0.02793,-0.12621,-0.7653,0.06875,0.09458,0.88386,0.7262,9.60417,94.62216,200.22738,332.48309,0.3,0.3,0.0,0.0,0.0,0.0,0.0,0.0,0.22222,0,0,0.17684,-5.51999,1.21428,0.0,1.0,1.0,0.0,0.0,0.0
1ojl900o710i5ioq7g7w_0001,0.2222222222222222,8,36	0.66665,-2.12701,2.06499,-0.12252,-0.48812,0.37693,0.18551,0.15515,0.92896,0.4759,359.40554,104.88478,183.61968,193.37686,0.3,0.3,0.0,0.0,0.0,0.0,0.0,0.0,0.22222,0,0,0.39814,-4.43999,0.95145,0.0,0.0,1.0,1.0,0.0,0.0
60rpgidpfah5gs2zw41_0027,0.21621621621621623,8,37	0.66665,-2.12701,0.60666,-0.05201,-0.76216,-0.22701,0.0841,0.20815,0.70474,0.42868,6.18578,90.74379,343.91625,205.74956,0.3,0.3,0.0,0.0,0.0,0.0,0.0,0.0,0.21621,0,0,0.52055,-2.59999,0.72108,0.0,0.0,1.0,0.0,0.0,0.0
70ggbfwb0t2vkkzzcvm_0005,0.21621621621621623,8,37	0.66665,-2.12701,2.56813,-0.07171,-0.26828,0.30749,0.08926,0.13326,0.66262,0.48149,7.67321,86.78122,173.53951,24.22428,0.3,0.3,0.0,0.0,0.0,0.0,0.0,0.0,0.21621,0,0,0.49409,-5.96,0.72601,0.0,0.0,1.0,0.0,0.0,0.0
1nvg1szpx8xnxnda0au7_0001,0.21621621621621623,8,37	0.66665,-2.12701,1.97043,-0.09951,-0.53291,0.46496,0.17765,0.16835,0.72567,0.52149,358.22903,91.29231,189.67253,192.6628,0.3,0.3,0.0,0.0,0.0,0.0,0.0,0.0,0.21621,0,0,0.45722,-4.09999,0.87137,0.0,0.0,0.0,0.0,0.0,0.0
1ownl0lrmtgtifw9qg7h_0000,0.2,7,35	0.66665,-2.12701,-0.53842,0.09732,-0.10683,0.49477,0.20288,0.1071,1.07865,0.92536,12.9375,93.125,239.25465,216.8944,0.3,0.3,0.0,0.0,0.0,0.0,0.0,0.0,0.2,0,0,0.14266,-5.98,1.86755,0.0,1.0,1.0,1.0,0.0,0.0
1ojl900o710i5ioq7g7w_0007,0.2,7,35	0.66665,-2.12701,1.80372,-0.0897,-0.61336,0.37693,0.1674,0.13951,0.67053,0.47533,357.70468,101.76334,182.30456,343.92048,0.3,0.3,0.0,0.0,0.0,0.0,0.0,0.0,0.2,0,0,0.38515,-3.65999,0.89649,0.0,0.0,1.0,0.0,0.0,0.0
70ggbfwb0t2vkkzzcvm_0002,0.19444444444444445,7,36	0.66665,-2.12701,1.20386,-0.1128,-0.73821,0.30749,0.15174,0.16382,0.58086,0.49236,350.45219,87.97802,176.58121,168.50322,0.3,0.3,0.0,0.0,0.0,0.0,0.0,0.0,0.19444,0,0,0.26704,-2.91999,1.09632,0.0,0.0,1.0,1.0,0.0,0.0
1nvg1szpx8xnxnda0au7_0006,0.19444444444444445,7,36	0.66665,-2.12701,1.63842,-0.14291,-0.32385,-0.23301,0.14385,0.11809,0.97502,0.41401,-3.75,103.81476,223.60248,158.18436,0.3,0.3,0.0,0.0,0.0,0.0,0.0,0.0,0.19444,0,0,0.2957,-4.49999,1.04895,0.0,1.0,0.0,0.0,0.0,0.0
1oafn22s47cc7g1etppt_0006,0.19444444444444445,7,36	0.66665,-2.12701,1.69314,0.45681,-0.5113,0.54523,0.1597,0.17108,0.64952,0.52491,1.0118,85.98414,353.06654,331.18087,0.3,0.3,0.0,0.0,0.0,0.0,0.0,0.0,0.19444,0,0,0.53811,-3.07999,0.73358,0.0,0.0,1.0,0.0,0.0,0.0
1ownl0lrmtgtifw9qg7h_0001,0.19444444444444445,7,36	0.66665,-2.12701,-0.53842,0.09732,-0.10683,0.49477,0.20288,0.1071,1.07865,0.92536,12.9375,93.125,239.25465,216.8944,0.3,0.3,0.0,0.0,0.0,0.0,0.0,0.0,0.19444,0,0,0.14266,-5.98,1.86755,0.0,1.0,1.0,0.0,0.0,0.0
1ownl0lrmtgtifw9qg7h_0005,0.19444444444444445,7,36	0.66665,-2.12701,-0.53842,0.09732,-0.10683,0.49477,0.20288,0.1071,1.07865,0.92536,12.9375,93.125,239.25465,216.8944,0.3,0.3,0.0,0.0,0.0,0.0,0.0,0.0,0.19444,0,0,0.14266,-5.98,1.86755,0.0,1.0,0.0,0.0,0.0,0.0
60sjg0x40yp11znz4u1_0000,0.19444444444444445,7,36	0.66665,-2.12701,2.05923,-0.14735,-0.40278,-0.57798,0.10797,0.1638,0.73209,0.51663,9.60417,94.62216,200.22738,332.48309,0.3,0.3,0.0,0.0,0.0,0.0,0.0,0.0,0.19444,0,0,0.29883,-4.73999,1.03218,0.0,1.0,1.0,1.0,0.0,0.0
60sjg0x40yp11znz4u1_0002,0.19444444444444445,7,36	0.66665,-2.12701,1.85624,-0.23422,-0.59078,-0.57798,0.14262,0.16117,0.7075,0.68558,1.10146,86.18744,182.84077,20.04514,0.3,0.3,0.0,0.0,0.0,0.0,0.0,0.0,0.19444,0,0,0.18762,-2.81999,1.21811,0.0,0.0,1.0,1.0,0.0,0.0
5yki1gegefdbrqszggd_0000,0.19444444444444445,7,36	0.66665,-2.12701,0.54903,0.48631,-1.15865,-0.40948,0.16592,0.16859,0.99843,0.40223,3.71953,89.86694,171.92944,344.41654,0.3,0.3,0.0,0.0,0.0,0.0,0.0,0.0,0.19444,0,0,1.98348,-1.54,0.31087,0.0,0.0,1.0,1.0,0.0,0.0
60rpgidpfah5gs2zw41_0004,0.1891891891891892,7,37	0.66665,-2.12701,0.69586,0.50562,-0.72156,0.60986,0.17364,0.14653,0.91121,0.53079,5.34286,91.90578,200.79384,162.50365,0.3,0.3,0.0,0.0,0.0,0.0,0.0,0.0,0.18918,0,0,0.37211,-2.33999,0.87478,0.0,0.0,1.0,2.0,0.0,0.0
60rpgidpfah5gs2zw41_0009,0.1891891891891892,7,37	0.66665,-2.12701,1.8124,0.20551,-1.09573,-0.63602,0.14244,0.13313,0.77474,0.50209,3.52201,103.08691,10.94237,335.37036,0.3,0.3,0.0,0.0,0.0,0.0,0.0,0.0,0.18918,0,0,0.2931,-2.21999,0.82555,0.0,0.0,1.0,1.0,0.0,0.0
1oafn22s47cc7g1etppt_0005,0.1891891891891892,7,37	0.66665,-2.12701,-2.6396,0.57187,-0.48486,0.54523,0.1558,0.17531,0.59131,0.46684,359.61165,103.21945,345.3712,22.35782,0.3,0.3,0.0,0.0,0.0,0.0,0.0,0.0,0.18918,0,0,0.19454,-3.11999,1.18718,0.0,0.0,1.0,0.0,0.0,0.0
1q65v9rob7udrcp0w5ln_0009,0.1891891891891892,7,37	0.66665,-2.12701,1.48607,-0.03493,-0.29256,0.27154,0.16965,0.21016,0.74815,0.37241,2.86867,93.46538,165.72989,332.8329,0.3,0.3,0.0,0.0,0.0,0.0,0.0,0.0,0.18918,0,0,2.31889,-4.25999,0.36532,0.0,0.0,1.0,0.0,0.0,0.0
6a0619zuos500vcortp_0003,0.1891891891891892,7,37	0.66665,-2.12701,1.73493,0.21703,-0.12475,-0.67669,0.12198,0.1742,0.70175,0.55715,351.9415,92.5625,192.92071,342.1118,0.3,0.3,0.0,0.0,0.0,0.0,0.0,0.0,0.18918,0,0,0.58292,-5.57999,0.76259,0.0,1.0,0.0,0.0,0.0,0.0
6bd5s66xhqukfo8ebs4_0002,0.1891891891891892,7,37	0.66665,-2.12701,2.9174,0.08163,-0.11031,0.40557,0.11762,0.20032,0.84298,0.634,357.4952,88.25,176.82564,152.04968,0.3,0.3,0.0,0.0,0.0,0.0,0.0,0.0,0.18918,0,0,0.41365,-5.83999,0.90372,0.0,1.0,1.0,0.0,0.0,0.0
6095fqwusktw59vgw9q_0011,0.17142857142857143,6,35	0.66665,-2.12701,-0.07711,0.20183,-1.151,-0.22821,0.14254,0.20423,1.00287,0.38002,0.04326,104.66244,197.59847,164.37876,0.3,0.3,0.0,0.0,0.0,0.0,0.0,0.0,0.17142,0,0,1.85709,-1.68,0.34037,0.0,0.0,0.0,0.0,0.0,0.0
60rpgidpfah5gs2zw41_0020,0.16666666666666666,6,36	0.66665,-2.12701,0.36704,0.31978,-1.17584,0.60986,0.11009,0.13069,0.88643,0.59468,358.09032,86.84899,10.98508,334.19674,0.3,0.3,0.0,0.0,0.0,0.0,0.0,0.0,0.16666,0,0,1.07528,-1.6,0.37791,0.0,0.0,1.0,1.0,0.0,0.0
60rpgidpfah5gs2zw41_0042,0.16666666666666666,6,36	0.66665,-2.12701,1.08636,0.3476,-1.09773,0.12544,0.08043,0.18238,0.97006,0.34669,351.57818,104.5104,200.75177,18.23947,0.3,0.3,0.0,0.0,0.0,0.0,0.0,0.0,0.16666,0,0,18.05141,-1.7,0.08984,0.0,0.0,1.0,0.0,0.0,0.0
60rpgidpfah5gs2zw41_0044,0.16666666666666666,6,36	0.66665,-2.12701,0.70022,0.36729,-1.25634,0.12544,0.05714,0.1902,0.89789,0.40775,2.40125,85.28449,200.48042,155.34674,0.3,0.3,0.0,0.0,0.0,0.0,0.0,0.0,0.16666,0,0,2.99614,-1.5,0.21586,0.0,0.0,1.0,0.0,0.0,0.0
60rpgidpfah5gs2zw41_0064,0.16666666666666666,6,36	0.66665,-2.12701,1.50537,0.0743,-0.5185,0.60986,0.0848,0.13699,0.95895,0.68133,353.17063,102.051,355.12019,20.40271,0.3,0.3,0.0,0.0,0.0,0.0,0.0,0.0,0.16666,0,0,0.54265,-4.13999,0.67802,0.0,0.0,1.0,0.0,0.0,0.0
m1pvdf0gxn0f79teym_0005,0.16666666666666666,6,36	0.66665,-2.12701,1.24772,0.5367,-0.88495,0.36866,0.19156,0.20752,0.81883,0.67592,352.87728,90.51602,200.85393,12.303,0.3,0.3,0.0,0.0,0.0,0.0,0.0,0.0,0.16666,0,0,0.27992,-2.17999,1.0656,0.0,0.0,0.0,0.0,0.0,0.0
1r40qwgt0uxqy1ugbd1l_0000,0.16666666666666666,6,36	0.66665,-2.12701,2.65167,-0.00633,-0.47247,0.71634,0.1705,0.16364,0.88583,0.47395,356.69612,85.3642,161.36043,25.12074,0.3,0.3,0.0,0.0,0.0,0.0,0.0,0.0,0.16666,0,0,0.62683,-5.03999,0.71784,0.0,0.0,0.0,0.0,0.0,0.0
60x6acus8pytzq7gbur_0005,0.16666666666666666,6,36	0.66665,-2.12701,0.86595,0.66165,-0.24626,0.48187,0.1433,0.11883,0.71134,0.52345,350.19427,87.79056,339.99379,345.93165,0.3,0.3,0.0,0.0,0.0,0.0,0.0,0.0,0.16666,0,0,0.08025,-1.64,1.73441,0.0,0.0,1.0,0.0,0.0,0.0
1oafn22s47cc7g1etppt_0010,0.16666666666666666,6,36	0.66665,-2.12701,2.11389,-0.08474,-0.41282,-0.0452,0.19562,0.06621,0.73587,0.59359,1.75957,99.24362,170.61437,152.9822,0.3,0.3,0.0,0.0,0.0,0.0,0.0,0.0,0.16666,0,0,0.56171,-4.53999,0.70415,0.0,0.0,0.0,0.0,0.0,0.0
60sjg0x40yp11znz4u1_0007,0.16666666666666666,6,36	0.66665,-2.12701,1.59701,-0.09621,-0.43184,-0.57798,0.10797,0.1638,0.73209,0.51663,9.60417,94.62216,200.22738,332.48309,0.3,0.3,0.0,0.0,0.0,0.0,0.0,0.0,0.16666,0,0,0.51033,-3.91999,0.7488,0.0,1.0,1.0,0.0,0.0,0.0
6a0619zuos500vcortp_0010,0.16666666666666666,6,36	0.66665,-2.12701,2.00161,-0.09741,-0.40949,-0.58069,0.15418,0.20818,0.74004,0.6784,2.0625,87.5,185.59006,181.11801,0.3,0.3,0.0,0.0,0.0,0.0,0.0,0.0,0.16666,0,0,0.47475,-5.11999,0.906,0.0,1.0,0.0,0.0,0.0,0.0
60rpgidpfah5gs2zw41_0021,0.16216216216216217,6,37	0.66665,-2.12701,2.69803,0.34248,-0.39477,0.60986,0.177,0.21187,0.78337,0.39612,7.30731,86.3454,354.10405,12.3516,0.3,0.3,0.0,0.0,0.0,0.0,0.0,0.0,0.16216,0,0,0.84935,-3.81999,0.59906,0.0,0.0,1.0,1.0,0.0,0.0
60rpgidpfah5gs2zw41_0034,0.16216216216216217,6,37	0.66665,-2.12701,4.04323,0.12891,-0.56734,-0.63602,0.15455,0.12072,0.74595,0.42993,354.16551,104.65774,194.15073,196.98372,0.3,0.3,0.0,0.0,0.0,0.0,0.0,0.0,0.16216,0,0,0.30885,-5.01999,0.89314,0.0,0.0,1.0,0.0,0.0,0.0
60rpgidpfah5gs2zw41_0039,0.16216216216216217,6,37	0.66665,-2.12701,-1.04882,0.56077,-0.15848,-0.10771,0.14085,0.16051,0.92856,0.58189,359.28965,90.90565,11.06802,202.20894,0.3,0.3,0.0,0.0,0.0,0.0,0.0,0.0,0.16216,0,0,0.11718,-2.95999,1.81538,0.0,0.0,1.0,0.0,0.0,0.0
1rcp18wb2ceoi60vn23r_0002,0.16216216216216217,6,37	0.66665,-2.12701,-2.55635,1.2652,-0.99712,-0.76225,0.18997,0.19009,0.73817,0.63633,15.0,100.8125,342.1118,233.66459,0.3,0.3,0.0,0.0,0.0,0.0,0.0,0.0,0.16216,0,0,0.03733,-1.42,2.47355,0.0,1.0,0.0,0.0,0.0,0.0
1noy9l9anmwor81ngidj_0000,0.16216216216216217,6,37	0.66665,-2.12701,0.6768,-0.11501,-0.51636,-0.60691,0.14822,0.2061,0.62098,0.48681,359.16015,93.47122,181.02331,346.06545,0.3,0.3,0.0,0.0,0.0,0.0,0.0,0.0,0.16216,0,0,0.4289,-2.97999,0.91403,0.0,1.0,0.0,1.0,0.0,0.0
6cqxatl6s7asfmw7oir_0002,0.16216216216216217,6,37	0.66665,-2.12701,0.72378,0.17492,-0.39022,-0.52307,0.18517,0.20279,0.94073,0.64714,7.27731,102.23317,196.98464,168.94733,0.3,0.3,0.0,0.0,0.0,0.0,0.0,0.0,0.16216,0,0,0.27179,-2.57999,1.19209,0.0,0.0,1.0,0.0,0.0,0.0
60sjg0x40yp11znz4u1_0009,0.16216216216216217,6,37	0.66665,-2.12701,1.92637,-0.18665,-0.30454,0.13021,0.11525,0.20871,1.44478,0.50065,351.34977,101.33358,163.02239,331.85445,0.3,0.3,0.0,0.0,0.0,0.0,0.0,0.0,0.16216,0,0,0.28026,-5.19999,1.18283,0.0,1.0,1.0,0.0,0.0,0.0
6095fqwusktw59vgw9q_0012,0.14285714285714285,5,35	0.66665,-2.12701,3.15742,0.00675,-0.25575,0.548,0.0533,0.07498,0.9355,0.42252,9.01158,88.30689,188.30395,189.31154,0.3,0.3,0.0,0.0,0.0,0.0,0.0,0.0,0.14285,0,0,0.17032,-4.95999,0.92859,0.0,0.0,0.0,0.0,0.0,0.0
60x6acus8pytzq7gbur_0000,0.14285714285714285,5,35	0.66665,-2.12701,0.53842,-0.1681,-0.05341,0.48187,0.10996,0.2105,0.68021,0.88399,-8.625,92.1875,185.59006,183.35403,0.3,0.3,0.0,0.0,0.0,0.0,0.0,0.0,0.14285,0,0,0.1288,-4.99999,1.88479,0.0,1.0,0.0,2.0,0.0,0.0
1oafn22s47cc7g1etppt_0001,0.14285714285714285,5,35	0.66665,-2.12701,1.18365,-0.09775,-0.38706,0.54523,0.11338,0.18832,0.87756,0.47498,4.01863,103.23783,164.35249,192.12582,0.3,0.3,0.0,0.0,0.0,0.0,0.0,0.0,0.14285,0,0,0.73575,-4.15999,0.65704,0.0,0.0,1.0,1.0,0.0,0.0
68g6ozt3pa9xpfy2iwk_0000,0.14285714285714285,5,35	0.66665,-2.12701,3.26772,-0.00555,-0.12546,0.00282,0.05236,0.14782,0.77555,0.48336,355.93895,89.6689,184.7692,15.84667,0.3,0.3,0.0,0.0,0.0,0.0,0.0,0.0,0.14285,0,0,0.10623,-4.95999,1.45767,0.0,0.0,0.0,0.0,0.0,0.0
1ownl0lrmtgtifw9qg7h_0002,0.14285714285714285,5,35	0.66665,-2.12701,-0.53842,0.09732,-0.10683,0.49477,0.20288,0.1071,1.07865,0.92536,12.9375,93.125,239.25465,216.8944,0.3,0.3,0.0,0.0,0.0,0.0,0.0,0.0,0.14285,0,0,0.14266,-5.98,1.86755,0.0,1.0,0.0,0.0,0.0,0.0
6a0619zuos500vcortp_0000,0.14285714285714285,5,35	0.66665,-2.12701,0.74371,0.53735,-1.35315,0.06924,0.12011,0.16642,0.82505,0.54913,3.77896,93.58941,184.9905,339.82442,0.3,0.3,0.0,0.0,0.0,0.0,0.0,0.0,0.14285,0,0,4.98758,-1.38,0.1713,0.0,0.0,0.0,0.0,0.0,0.0
60rpgidpfah5gs2zw41_0005,0.1388888888888889,5,36	0.66665,-2.12701,1.11032,-0.03949,-0.60156,0.60986,0.18933,0.18348,0.71607,0.57429,358.33748,87.01741,185.01982,334.23631,0.3,0.3,0.0,0.0,0.0,0.0,0.0,0.0,0.13888,0,0,0.59333,-2.63999,0.72975,0.0,0.0,1.0,2.0,0.0,0.0
60rpgidpfah5gs2zw41_0040,0.1388888888888889,5,36	0.66665,-2.12701,0.28488,0.41883,-1.17002,-0.10771,0.10375,0.08464,0.76533,0.57444,352.74905,92.29044,182.6164,156.03377,0.3,0.3,0.0,0.0,0.0,0.0,0.0,0.0,0.13888,0,0,0.71977,-1.68,0.42497,0.0,0.0,1.0,0.0,0.0,0.0
6095fqwusktw59vgw9q_0010,0.1388888888888889,5,36	0.66665,-2.12701,0.86982,0.33784,-0.63068,0.61517,0.07872,0.15555,0.81696,0.53083,0.82749,90.61344,178.33124,167.36921,0.3,0.3,0.0,0.0,0.0,0.0,0.0,0.0,0.13888,0,0,0.36894,-2.89999,0.81079,0.0,0.0,0.0,0.0,0.0,0.0
6g3sgikf1rjhp5x2iqk_0003,0.1388888888888889,5,36	0.66665,-2.12701,3.53033,-1.23569,-0.12245,-0.09715,0.21266,0.16266,0.78834,0.60944,358.28877,97.38022,198.29569,191.20536,0.3,0.3,0.0,0.0,0.0,0.0,0.0,0.0,0.13888,0,0,0.01725,0.0,4.17955,0.0,1.0,0.0,0.0,0.0,0.0
1rcp18wb2ceoi60vn23r_0000,0.1388888888888889,5,36	0.66665,-2.12701,7.11054,0.06799,-0.01507,-0.5975,0.14662,0.2116,0.7658,0.38326,357.12031,86.82278,344.21953,207.25734,0.3,0.3,0.0,0.0,0.0,0.0,0.0,0.0,0.13888,0,0,0.17157,-10.14,1.45078,0.0,0.0,0.0,0.0,0.0,0.0
1pfacq2gwcfdxuo5vmqc_0000,0.1388888888888889,5,36	0.66665,-2.12701,2.29788,0.77289,-0.67192,-0.07203,0.17735,0.13592,0.87111,0.59635,9.34361,90.32467,171.95092,331.46682,0.3,0.3,0.0,0.0,0.0,0.0,0.0,0.0,0.13888,0,0,0.07302,-2.41999,1.94366,0.0,0.0,0.0,0.0,0.0,0.0
6egfxba7tmx158llh43_0000,0.1388888888888889,5,36	0.66665,-2.12701,1.09468,-0.15654,-0.32473,-0.33544,0.21413,0.19217,0.63409,0.47382,356.11115,95.49885,166.60527,10.63416,0.3,0.3,0.0,0.0,0.0,0.0,0.0,0.0,0.13888,0,0,0.52746,-4.05999,0.90449,0.0,0.0,0.0,0.0,0.0,0.0
60rpgidpfah5gs2zw41_0023,0.13513513513513514,5,37	0.66665,-2.12701,0.86657,0.35349,-0.86249,-0.62165,0.13978,0.11361,0.92529,0.64292,350.45067,101.36113,188.73039,203.61911,0.3,0.3,0.0,0.0,0.0,0.0,0.0,0.0,0.13513,0,0,0.06531,-1.42,1.84977,0.0,0.0,1.0,0.0,0.0,0.0
60rpgidpfah5gs2zw41_0041,0.13513513513513514,5,37	0.66665,-2.12701,0.42217,0.7639,-1.38929,0.12544,0.08463,0.1832,0.78633,0.41003,2.84427,103.63342,165.85725,167.15316,0.3,0.3,0.0,0.0,0.0,0.0,0.0,0.0,0.13513,0,0,0.96398,-1.32,0.38738,0.0,0.0,1.0,0.0,0.0,0.0
m1pvdf0gxn0f79teym_0004,0.13513513513513514,5,37	0.66665,-2.12701,0.13761,0.50431,-1.10489,-0.5459,0.1179,0.15274,0.79981,0.34576,353.9674,91.6825,198.60671,195.3342,0.3,0.3,0.0,0.0,0.0,0.0,0.0,0.0,0.13513,0,0,0.71762,-1.62,0.49813,0.0,0.0,0.0,0.0,0.0,0.0
68g6ozt3pa9xpfy2iwk_0002,0.13513513513513514,5,37	0.66665,-2.12701,0.95622,0.72395,-1.12711,-0.65032,0.16121,0.17445,0.70194,0.50163,4.84341,86.46281,6.31854,161.10833,0.3,0.3,0.0,0.0,0.0,0.0,0.0,0.0,0.13513,0,0,0.05941,-0.98,1.91094,0.0,0.0,0.0,0.0,0.0,0.0
1p3axalus536lvg8lxxq_0001,0.13513513513513514,5,37	0.66665,-2.12701,4.6271,-0.25294,-0.69601,0.03453,0.16948,0.11805,0.88664,0.65328,351.59262,97.67428,189.49322,208.31902,0.3,0.3,0.0,0.0,0.0,0.0,0.0,0.0,0.13513,0,0,0.01525,-1.56,5.01051,0.0,0.0,0.0,0.0,0.0,0.0
60rpgidpfah5gs2zw41_0000,0.11428571428571428,4,35	0.66665,-2.12701,1.20996,-0.28091,-0.28306,0.60986,0.10663,0.17763,0.88074,0.36879,353.45583,93.38024,169.43792,154.4451,0.3,0.3,0.0,0.0,0.0,0.0,0.0,0.0,0.11428,0,0,0.13023,-3.69999,1.69561,0.0,0.0,1.0,3.0,0.0,0.0
60rpgidpfah5gs2zw41_0031,0.11428571428571428,4,35	0.66665,-2.12701,1.74421,0.30824,-0.36148,-0.63602,0.16258,0.17427,0.95032,0.50981,354.00377,85.8532,346.28041,199.72207,0.3,0.3,0.0,0.0,0.0,0.0,0.0,0.0,0.11428,0,0,0.87662,-4.19999,0.60369,0.0,0.0,1.0,0.0,0.0,0.0
60rpgidpfah5gs2zw41_0011,0.1111111111111111,4,36	0.66665,-2.12701,1.83601,0.00571,-0.69208,0.04285,0.12673,0.14112,0.58818,0.43746,4.07663,101.53012,172.30256,331.12097,0.3,0.3,0.0,0.0,0.0,0.0,0.0,0.0,0.11111,0,0,0.60703,-3.23999,0.62741,0.0,0.0,1.0,1.0,0.0,0.0
60rpgidpfah5gs2zw41_0026,0.1111111111111111,4,36	0.66665,-2.12701,2.7821,-0.06135,-0.42301,-0.22701,0.108,0.19725,0.64721,0.44085,3.41486,93.12873,349.85898,159.26414,0.3,0.3,0.0,0.0,0.0,0.0,0.0,0.0,0.11111,0,0,0.63067,-4.29999,0.65497,0.0,0.0,1.0,0.0,0.0,0.0
60rpgidpfah5gs2zw41_0029,0.1111111111111111,4,36	0.66665,-2.12701,0.73072,0.54018,-0.77214,-0.22701,0.11037,0.19481,0.98026,0.65502,358.43191,86.54351,196.98634,338.71577,0.3,0.3,0.0,0.0,0.0,0.0,0.0,0.0,0.11111,0,0,0.79999,-2.05999,0.53278,0.0,0.0,1.0,0.0,0.0,0.0
60rpgidpfah5gs2zw41_0038,0.1111111111111111,4,36	0.66665,-2.12701,2.35589,-0.08196,-0.22356,-0.10771,0.19431,0.18948,0.66498,0.53666,0.73735,88.09674,172.67093,163.9264,0.3,0.3,0.0,0.0,0.0,0.0,0.0,0.0,0.11111,0,0,1.24713,-5.85999,0.52612,0.0,0.0,1.0,0.0,0.0,0.0
60rpgidpfah5gs2zw41_0047,0.1111111111111111,4,36	0.66665,-2.12701,3.80677,0.06312,-0.20106,0.04285,0.04982,0.18898,0.57623,0.35005,6.91769,94.69235,168.10157,193.19335,0.3,0.3,0.0,0.0,0.0,0.0,0.0,0.0,0.11111,0,0,0.30248,-5.19999,0.86751,0.0,0.0,1.0,0.0,0.0,0.0
60rpgidpfah5gs2zw41_0049,0.1111111111111111,4,36	0.66665,-2.12701,3.20919,0.27099,-0.38896,0.04285,0.21288,0.21357,0.65931,0.61776,2.23152,93.46586,191.47495,168.48157,0.3,0.3,0.0,0.0,0.0,0.0,0.0,0.0,0.11111,0,0,0.59882,-5.39999,0.79809,0.0,0.0,1.0,0.0,0.0,0.0
60rpgidpfah5gs2zw41_0055,0.1111111111111111,4,36	0.66665,-2.12701,2.59309,0.23491,-0.53842,-0.32882,0.18219,0.14445,0.62625,0.55417,0.38173,102.79517,9.77518,194.56765,0.3,0.3,0.0,0.0,0.0,0.0,0.0,0.0,0.11111,0,0,0.36622,-4.57999,0.95045,0.0,0.0,1.0,0.0,0.0,0.0
60rpgidpfah5gs2zw41_0061,0.1111111111111111,4,36	0.66665,-2.12701,0.68127,0.48913,-0.9468,0.60986,0.07222,0.18325,0.89136,0.53837,358.89161,94.40236,171.57242,343.00244,0.3,0.3,0.0,0.0,0.0,0.0,0.0,0.0,0.11111,0,0,0.74268,-1.98,0.50497,0.0,0.0,1.0,0.0,0.0,0.0
1nsien42ekb8cgq2k2uj_0003,0.1111111111111111,4,36	0.66665,-2.12701,1.68049,0.19403,-0.76989,0.32543,0.08946,0.20346,0.86851,0.44945,0.72611,91.88351,178.84725,200.34339,0.3,0.3,0.0,0.0,0.0,0.0,0.0,0.0,0.11111,0,0,0.27201,-3.03999,1.01357,0.0,0.0,1.0,0.0,0.0,0.0
6095fqwusktw59vgw9q_0002,0.1111111111111111,4,36	0.66665,-2.12701,1.42626,-0.02912,-0.33716,-0.28964,0.16932,0.15161,0.75305,0.49977,358.91848,92.49178,187.52391,204.74483,0.3,0.3,0.0,0.0,0.0,0.0,0.0,0.0,0.11111,0,0,0.22334,-3.01999,1.21973,0.0,0.0,1.0,0.0,0.0,0.0
1nvg1szpx8xnxnda0au7_0005,0.1111111111111111,4,36	0.66665,-2.12701,2.64969,-0.02495,-0.5515,-0.23301,0.20725,0.1797,0.76176,0.41909,-5.25,99.52361,147.57763,336.39772,0.3,0.3,0.0,0.0,0.0,0.0,0.0,0.0,0.11111,0,0,0.37165,-4.75999,1.01797,0.0,1.0,0.0,0.0,0.0,0.0
60x6acus8pytzq7gbur_0004,0.1111111111111111,4,36	0.66665,-2.12701,1.28493,-0.23021,1.26719,0.48187,0.11751,0.20362,0.65568,0.53913,351.21154,85.50654,350.56768,192.90205,0.3,0.3,0.0,0.0,0.0,0.0,0.0,0.0,0.11111,0,0,0.03416,0.0,2.60026,0.0,0.0,1.0,0.0,0.0,0.0
1olt4w32i8eefz800lox_0001,0.1111111111111111,4,36	0.66665,-2.12701,0.53805,0.45149,-0.56626,-0.6164,0.04762,0.20237,0.91903,0.3341,356.09594,103.20229,168.87979,21.78953,0.3,0.3,0.0,0.0,0.0,0.0,0.0,0.0,0.11111,0,0,0.43418,-2.71999,0.75655,0.0,0.0,1.0,0.0,0.0,0.0
1o7w2ksp1el6493rcjqm_0014,0.1111111111111111,4,36	0.66665,-2.12701,1.22355,0.10489,-1.00642,0.20647,0.19102,0.05132,0.94144,0.64928,354.85641,102.88106,357.22554,339.06137,0.3,0.3,0.0,0.0,0.0,0.0,0.0,0.0,0.11111,0,0,0.06347,-1.66,1.85531,0.0,0.0,1.0,0.0,0.0,0.0
1noy9l9anmwor81ngidj_0001,0.1111111111111111,4,36	0.66665,-2.12701,1.62142,-0.0868,-0.36515,0.65466,0.04647,0.16863,0.78028,0.6774,354.11893,98.75245,160.44566,19.13659,0.3,0.3,0.0,0.0,0.0,0.0,0.0,0.0,0.11111,0,0,0.41615,-5.05999,0.80542,0.0,0.0,0.0,0.0,0.0,0.0
1q65v9rob7udrcp0w5ln_0002,0.1111111111111111,4,36	0.66665,-2.12701,2.70902,-0.12103,-0.43274,-0.7653,0.15427,0.18872,0.89803,0.38299,7.29249,103.36841,161.33065,207.20839,0.3,0.3,0.0,0.0,0.0,0.0,0.0,0.0,0.11111,0,0,0.38333,-4.95999,0.95383,0.0,1.0,1.0,1.0,0.0,0.0
1q65v9rob7udrcp0w5ln_0013,0.1111111111111111,4,36	0.66665,-2.12701,2.2627,0.28184,-0.69691,-0.17314,0.11337,0.21435,0.77676,0.36806,356.14292,100.08198,196.52823,164.52028,0.3,0.3,0.0,0.0,0.0,0.0,0.0,0.0,0.11111,0,0,0.26783,-3.51999,1.07102,0.0,0.0,0.0,0.0,0.0,0.0
1o60l2bqfmlktnkn8ljq_0000,0.1111111111111111,4,36	0.66665,-2.12701,2.7885,-0.03305,-0.28791,0.0647,0.05319,0.15533,0.9143,0.54471,9.62066,102.81043,190.24741,163.36676,0.3,0.3,0.0,0.0,0.0,0.0,0.0,0.0,0.11111,0,0,0.18757,-4.09999,1.06313,0.0,0.0,0.0,0.0,0.0,0.0
1o60l2bqfmlktnkn8ljq_0001,0.1111111111111111,4,36	0.66665,-2.12701,2.50602,-0.04964,-0.39152,-0.27858,0.1343,0.16415,0.63725,0.34347,354.18553,103.19372,162.90742,170.88732,0.3,0.3,0.0,0.0,0.0,0.0,0.0,0.0,0.11111,0,0,0.48974,-3.89999,0.74339,0.0,0.0,0.0,0.0,0.0,0.0
60rpgidpfah5gs2zw41_0025,0.10810810810810811,4,37	0.66665,-2.12701,3.61526,-0.07244,-0.27827,-0.62165,0.15574,0.17818,0.59094,0.38568,350.47046,85.45673,196.24888,20.19483,0.3,0.3,0.0,0.0,0.0,0.0,0.0,0.0,0.10810,0,0,0.58796,-5.85999,0.72675,0.0,0.0,1.0,0.0,0.0,0.0
60rpgidpfah5gs2zw41_0048,0.10810810810810811,4,37	0.66665,-2.12701,2.1531,0.35232,-0.58444,0.04285,0.18609,0.15617,0.80661,0.41872,1.08977,87.93902,178.13406,194.17913,0.3,0.3,0.0,0.0,0.0,0.0,0.0,0.0,0.10810,0,0,0.44335,-3.63999,0.84235,0.0,0.0,1.0,0.0,0.0,0.0
64qwb84ckvjw9ypmm23_0002,0.10810810810810811,4,37	0.66665,-2.12701,2.14702,-0.01042,-0.44352,0.56104,0.15353,0.14531,0.68767,0.47673,354.1383,103.26966,196.27349,191.77205,0.3,0.3,0.0,0.0,0.0,0.0,0.0,0.0,0.10810,0,0,0.69636,-3.51999,0.61035,0.0,0.0,1.0,0.0,0.0,0.0
1ojl900o710i5ioq7g7w_0008,0.10810810810810811,4,37	0.66665,-2.12701,0.94966,0.23679,-0.94279,0.37693,0.10374,0.08075,0.68736,0.55393,0.73234,87.85115,171.76474,166.66186,0.3,0.3,0.0,0.0,0.0,0.0,0.0,0.0,0.10810,0,0,10.45623,-2.09999,0.11028,0.0,0.0,1.0,0.0,0.0,0.0
60rpgidpfah5gs2zw41_0007,0.08571428571428572,3,35	0.66665,-2.12701,2.04617,0.04944,-0.32257,0.04285,0.0435,0.12254,0.66996,0.57727,350.82527,85.95918,167.7118,203.68525,0.3,0.3,0.0,0.0,0.0,0.0,0.0,0.0,0.08571,0,0,0.33687,-4.11999,0.74439,0.0,0.0,1.0,1.0,0.0,0.0
60rpgidpfah5gs2zw41_0008,0.08571428571428572,3,35	0.66665,-2.12701,0.19093,0.15023,-0.81946,-0.63602,0.0661,0.21199,0.86702,0.40808,3.32832,86.39427,164.59642,202.20749,0.3,0.3,0.0,0.0,0.0,0.0,0.0,0.0,0.08571,0,0,1.27411,-2.27999,0.41761,0.0,0.0,1.0,1.0,0.0,0.0
60rpgidpfah5gs2zw41_0017,0.08571428571428572,3,35	0.66665,-2.12701,2.0087,0.06643,-0.71565,0.04285,0.16085,0.21241,0.66425,0.48798,7.16715,85.31109,193.53226,341.0396,0.3,0.3,0.0,0.0,0.0,0.0,0.0,0.0,0.08571,0,0,1.98297,-2.87999,0.35958,0.0,0.0,1.0,1.0,0.0,0.0
1nsien42ekb8cgq2k2uj_0001,0.08571428571428572,3,35	0.66665,-2.12701,2.97712,-0.07842,-0.23348,0.32543,0.08438,0.15987,0.59286,0.65744,355.6617,98.69537,176.38984,161.02219,0.3,0.3,0.0,0.0,0.0,0.0,0.0,0.0,0.08571,0,0,0.22321,-5.07999,1.10014,0.0,0.0,1.0,1.0,0.0,0.0
1oafn22s47cc7g1etppt_0008,0.08571428571428572,3,35	0.66665,-2.12701,3.10504,-0.00674,-0.21013,-0.28865,0.05414,0.15073,0.94721,0.55359,8.90943,100.97161,185.4571,160.65438,0.3,0.3,0.0,0.0,0.0,0.0,0.0,0.0,0.08571,0,0,0.21463,-5.05999,1.02443,0.0,0.0,0.0,0.0,0.0,0.0
60rpgidpfah5gs2zw41_0012,0.08333333333333333,3,36	0.66665,-2.12701,0.56325,-0.0040,-0.87514,0.60986,0.16503,0.16999,0.67137,0.3573,359.67079,100.49725,197.75213,154.83597,0.3,0.3,0.0,0.0,0.0,0.0,0.0,0.0,0.08333,0,0,0.90551,-2.15999,0.53171,0.0,0.0,1.0,1.0,0.0,0.0
60rpgidpfah5gs2zw41_0013,0.08333333333333333,3,36	0.66665,-2.12701,1.16301,0.45327,-0.74589,0.60986,0.15146,0.09431,0.62514,0.66697,358.67936,102.48929,181.18964,193.41047,0.3,0.3,0.0,0.0,0.0,0.0,0.0,0.0,0.08333,0,0,0.5673,-2.51999,0.60886,0.0,0.0,1.0,1.0,0.0,0.0
60rpgidpfah5gs2zw41_0019,0.08333333333333333,3,36	0.66665,-2.12701,1.05677,0.50754,-0.91876,0.04285,0.0589,0.17476,0.67558,0.62342,359.32966,93.36718,172.74944,26.60882,0.3,0.3,0.0,0.0,0.0,0.0,0.0,0.0,0.08333,0,0,0.36117,-2.11999,0.71558,0.0,0.0,1.0,1.0,0.0,0.0
60rpgidpfah5gs2zw41_0043,0.08333333333333333,3,36	0.66665,-2.12701,1.49569,0.06779,-0.23529,0.12544,0.19075,0.10711,0.89777,0.42404,5.18933,91.10368,194.37944,159.77423,0.3,0.3,0.0,0.0,0.0,0.0,0.0,0.0,0.08333,0,0,0.65564,-4.33999,0.69888,0.0,0.0,1.0,0.0,0.0,0.0
6095fqwusktw59vgw9q_0001,0.08333333333333333,3,36	0.66665,-2.12701,1.96726,0.03387,-0.65831,0.36972,0.20627,0.09519,0.66586,0.58915,355.88796,92.91234,190.78289,208.69562,0.3,0.3,0.0,0.0,0.0,0.0,0.0,0.0,0.08333,0,0,0.34886,-3.77999,0.94188,0.0,0.0,1.0,1.0,0.0,0.0
1nvg1szpx8xnxnda0au7_0002,0.08333333333333333,3,36	0.66665,-2.12701,1.68822,0.1823,-0.67913,0.53066,0.04978,0.20577,0.95269,0.60614,355.21715,96.88512,198.73975,341.29133,0.3,0.3,0.0,0.0,0.0,0.0,0.0,0.0,0.08333,0,0,0.30022,-3.39999,0.93173,0.0,0.0,0.0,0.0,0.0,0.0
60olb4aqpap2jxtfg1p_0000,0.08333333333333333,3,36	0.66665,-2.12701,2.08132,0.13563,-0.07074,0.02436,0.1377,0.21076,0.85209,0.60288,354.36229,96.64175,177.74799,160.51221,0.3,0.3,0.0,0.0,0.0,0.0,0.0,0.0,0.08333,0,0,1.52651,-6.64,0.45761,0.0,0.0,0.0,0.0,0.0,0.0
1npa2osvoodf71y3jktm_0001,0.08333333333333333,3,36	0.66665,-2.12701,0.90991,0.12779,-1.0936,-0.65835,0.10251,0.19737,0.8189,0.67598,356.7812,85.13367,355.41757,154.49309,0.3,0.3,0.0,0.0,0.0,0.0,0.0,0.0,0.08333,0,0,0.52322,-1.98,0.64748,0.0,0.0,0.0,0.0,0.0,0.0
1olt4w32i8eefz800lox_0002,0.08333333333333333,3,36	0.66665,-2.12701,1.30269,0.40714,-0.71109,-0.6164,0.04186,0.1511,0.68563,0.61064,6.85209,100.53295,182.55174,194.49814,0.3,0.3,0.0,0.0,0.0,0.0,0.0,0.0,0.08333,0,0,0.5714,-2.67999,0.5483,0.0,0.0,1.0,0.0,0.0,0.0
1oafn22s47cc7g1etppt_0004,0.08333333333333333,3,36	0.66665,-2.12701,2.06405,-0.03437,-0.27866,0.54523,0.05113,0.10785,0.83201,0.46914,2.65547,95.33174,343.44816,164.88089,0.3,0.3,0.0,0.0,0.0,0.0,0.0,0.0,0.08333,0,0,0.38707,-5.23999,0.72718,0.0,0.0,1.0,0.0,0.0,0.0
1oafn22s47cc7g1etppt_0009,0.08333333333333333,3,36	0.66665,-2.12701,2.13607,-0.05654,-0.2609,-0.12597,0.11295,0.21295,0.64495,0.48331,355.57866,96.24026,189.77223,344.39001,0.3,0.3,0.0,0.0,0.0,0.0,0.0,0.0,0.08333,0,0,0.22083,-3.63999,1.22047,0.0,0.0,0.0,0.0,0.0,0.0
1o1evjjppbq1q2j00nka_0001,0.08333333333333333,3,36	0.66665,-2.12701,3.16952,0.162,-0.10269,-0.6606,0.0862,0.15903,0.8971,0.53606,3.54802,96.71113,339.07978,170.73125,0.3,0.3,0.0,0.0,0.0,0.0,0.0,0.0,0.08333,0,0,0.14987,-4.99999,1.34602,0.0,0.0,0.0,0.0,0.0,0.0
1o7w2ksp1el6493rcjqm_0013,0.08333333333333333,3,36	0.66665,-2.12701,0.71282,0.13744,-1.04884,0.20647,0.11265,0.1139,0.98155,0.6562,353.17704,103.17116,193.38321,198.03006,0.3,0.3,0.0,0.0,0.0,0.0,0.0,0.0,0.08333,0,0,0.52065,-1.76,0.55114,0.0,0.0,1.0,0.0,0.0,0.0
6g3sgikf1rjhp5x2iqk_0000,0.08333333333333333,3,36	0.66665,-2.12701,1.56272,0.12508,-0.88753,-0.09715,0.05995,0.13565,0.76003,0.56995,0.1667,99.02358,350.11886,337.90227,0.3,0.3,0.0,0.0,0.0,0.0,0.0,0.0,0.08333,0,0,0.02931,-1.02,2.50467,0.0,0.0,0.0,1.0,0.0,0.0
5zqakdu4mx9e5pc19rs_0001,0.08333333333333333,3,36	0.66665,-2.12701,0.82598,0.33997,-1.21058,0.08509,0.2144,0.16335,1.00353,0.51271,357.23268,104.43213,351.42962,153.23687,0.3,0.3,0.0,0.0,0.0,0.0,0.0,0.0,0.08333,0,0,18.33318,-1.6,0.10256,0.0,0.0,0.0,0.0,0.0,0.0
1q65v9rob7udrcp0w5ln_0008,0.08333333333333333,3,36	0.66665,-2.12701,0.68878,0.42711,-0.62126,-0.7653,0.15503,0.19037,1.0935,0.81837,358.05827,92.60672,188.65576,162.18884,0.3,0.3,0.0,0.0,0.0,0.0,0.0,0.0,0.08333,0,0,0.40347,-2.63999,0.90212,0.0,1.0,1.0,0.0,0.0,0.0
1q65v9rob7udrcp0w5ln_0011,0.08333333333333333,3,36	0.66665,-2.12701,2.70902,0.28759,-0.46078,-0.7653,0.15427,0.18872,0.89803,0.38299,7.29249,103.36841,161.33065,207.20839,0.3,0.3,0.0,0.0,0.0,0.0,0.0,0.0,0.08333,0,0,0.70694,-4.41999,0.65376,0.0,0.0,1.0,0.0,0.0,0.0
1ojl900o710i5ioq7g7w_0014,0.08333333333333333,3,36	0.66665,-2.12701,2.57249,-0.00884,-0.53417,0.37693,0.08263,0.1269,0.95481,0.63162,12.375,98.375,219.13043,360.0,0.3,0.3,0.0,0.0,0.0,0.0,0.0,0.0,0.08333,0,0,0.58656,-4.09999,0.58281,0.0,1.0,0.0,0.0,0.0,0.0
60sjg0x40yp11znz4u1_0001,0.08333333333333333,3,36	0.66665,-2.12701,2.21806,-0.06876,-0.50101,0.13021,0.06306,0.21114,0.6663,0.61597,6.50789,94.86443,186.08363,200.40008,0.3,0.3,0.0,0.0,0.0,0.0,0.0,0.0,0.08333,0,0,0.50494,-3.59999,0.70144,0.0,1.0,1.0,1.0,0.0,0.0
6a0619zuos500vcortp_0001,0.08333333333333333,3,36	0.66665,-2.12701,2.20387,0.21703,-0.12475,0.25725,0.13585,0.18464,0.63365,0.58241,351.9415,92.4767,192.92071,343.72603,0.3,0.3,0.0,0.0,0.0,0.0,0.0,0.0,0.08333,0,0,0.42559,-5.33999,0.91655,0.0,0.0,0.0,0.0,0.0,0.0
5yki1gegefdbrqszggd_0001,0.08333333333333333,3,36	0.66665,-2.12701,0.57884,0.28721,-0.89284,-0.40948,0.06188,0.18693,1.00387,0.52249,4.32963,99.44483,186.33963,25.30493,0.3,0.3,0.0,0.0,0.0,0.0,0.0,0.0,0.08333,0,0,0.79398,-1.94,0.48036,0.0,0.0,1.0,1.0,0.0,0.0
60rpgidpfah5gs2zw41_0022,0.08108108108108109,3,37	0.66665,-2.12701,2.14374,-0.04746,-0.3441,0.60986,0.12801,0.06509,0.80488,0.55192,358.04123,99.82422,159.45316,164.68335,0.3,0.3,0.0,0.0,0.0,0.0,0.0,0.0,0.08108,0,0,0.68004,-5.57999,0.58374,0.0,0.0,1.0,1.0,0.0,0.0
60rpgidpfah5gs2zw41_0032,0.08108108108108109,3,37	0.66665,-2.12701,1.93262,0.13752,-0.17802,-0.63602,0.10939,0.06267,0.78517,0.59761,8.69568,88.61646,351.69693,167.40616,0.3,0.3,0.0,0.0,0.0,0.0,0.0,0.0,0.08108,0,0,0.65448,-5.81999,0.58207,0.0,0.0,1.0,0.0,0.0,0.0
60rpgidpfah5gs2zw41_0054,0.08108108108108109,3,37	0.66665,-2.12701,1.35142,0.43006,-0.56649,-0.32882,0.05202,0.11568,0.72576,0.50827,6.0385,85.53909,13.62906,341.51329,0.3,0.3,0.0,0.0,0.0,0.0,0.0,0.0,0.08108,0,0,0.38227,-2.97999,0.66235,0.0,0.0,1.0,0.0,0.0,0.0
60rpgidpfah5gs2zw41_0059,0.08108108108108109,3,37	0.66665,-2.12701,0.69104,0.17891,-1.17276,-0.71965,0.14446,0.19401,0.99455,0.60575,354.82131,99.50726,194.84865,25.46567,0.3,0.3,0.0,0.0,0.0,0.0,0.0,0.0,0.08108,0,0,3.18133,-1.68,0.24953,0.0,0.0,1.0,0.0,0.0,0.0
m1pvdf0gxn0f79teym_0003,0.08108108108108109,3,37	0.66665,-2.12701,0.60733,0.33351,-0.92911,0.25169,0.11412,0.10787,0.69588,0.3656,7.67649,103.90351,171.96144,202.59987,0.3,0.3,0.0,0.0,0.0,0.0,0.0,0.0,0.08108,0,0,0.80295,-2.11999,0.46887,0.0,0.0,1.0,0.0,0.0,0.0
64qwb84ckvjw9ypmm23_0000,0.08108108108108109,3,37	0.66665,-2.12701,1.63842,-0.1325,-0.01637,0.56104,0.21087,0.19031,0.96094,0.4413,4.13491,103.81476,177.37082,158.18436,0.3,0.3,0.0,0.0,0.0,0.0,0.0,0.0,0.08108,0,0,0.18277,-5.63999,1.68336,0.0,1.0,1.0,1.0,0.0,0.0
1r40qwgt0uxqy1ugbd1l_0001,0.08108108108108109,3,37	0.66665,-2.12701,1.59701,-0.09732,-0.44514,-0.10978,0.21162,0.1467,0.72867,0.51577,9.1875,94.4375,201.24223,330.93167,0.3,0.3,0.0,0.0,0.0,0.0,0.0,0.0,0.08108,0,0,0.77254,-3.77999,0.65858,0.0,1.0,0.0,0.0,0.0,0.0
6n5x96ecugw4a06b3pk_0000,0.08108108108108109,3,37	0.66665,-2.12701,1.03059,0.04757,-0.77374,0.27235,0.13018,0.21456,0.58114,0.51069,7.75867,94.03568,6.25518,168.02695,0.3,0.3,0.0,0.0,0.0,0.0,0.0,0.0,0.08108,0,0,0.38072,-2.73999,0.92128,0.0,0.0,1.0,0.0,0.0,0.0
1oafn22s47cc7g1etppt_0007,0.08108108108108109,3,37	0.66665,-2.12701,1.39335,0.42606,-0.60874,0.54523,0.11586,0.09899,0.79473,0.34331,358.07719,99.80711,353.70502,163.41401,0.3,0.3,0.0,0.0,0.0,0.0,0.0,0.0,0.08108,0,0,0.29086,-3.07999,0.87359,0.0,0.0,1.0,0.0,0.0,0.0
1q65v9rob7udrcp0w5ln_0004,0.08108108108108109,3,37	0.66665,-2.12701,2.70902,-0.12103,-0.43274,-0.7653,0.20219,0.18926,0.89803,0.38299,7.29249,103.36841,161.33065,207.20839,0.3,0.3,0.0,0.0,0.0,0.0,0.0,0.0,0.08108,0,0,0.46672,-4.89999,0.89917,0.0,1.0,1.0,1.0,0.0,0.0
1ojl900o710i5ioq7g7w_0012,0.08108108108108109,3,37	0.66665,-2.12701,2.57249,-0.00884,-0.53417,0.37693,0.1034,0.15,0.90635,0.93777,12.375,98.375,219.13043,360.0,0.3,0.3,0.0,0.0,0.0,0.0,0.0,0.0,0.08108,0,0,0.74783,-4.03999,0.55056,0.0,1.0,0.0,0.0,0.0,0.0
1p3axalus536lvg8lxxq_0000,0.08108108108108109,3,37	0.66665,-2.12701,1.72041,-0.01031,-0.50527,-0.01281,0.16605,0.09312,0.61183,0.46625,358.16329,100.9767,196.50272,348.37752,0.3,0.3,0.0,0.0,0.0,0.0,0.0,0.0,0.08108,0,0,0.47835,-4.47999,0.7866,0.0,0.0,0.0,0.0,0.0,0.0
1p3ox53dsf5hdp73hyyj_0001,0.08108108108108109,3,37	0.66665,-2.12701,0.84231,0.27439,-0.3097,-0.64327,0.1193,0.19329,0.675,0.33951,350.37407,103.62514,20.45307,349.83269,0.3,0.3,0.0,0.0,0.0,0.0,0.0,0.0,0.08108,0,0,1.07919,-3.89999,0.53538,0.0,0.0,0.0,0.0,0.0,0.0
6a0619zuos500vcortp_0002,0.08108108108108109,3,37	0.66665,-2.12701,2.20387,0.32736,-0.12464,-0.67669,0.13585,0.18464,0.63365,0.58241,15.0,92.0,192.29813,141.98757,0.3,0.3,0.0,0.0,0.0,0.0,0.0,0.0,0.08108,0,0,0.22405,-4.97999,1.30782,0.0,1.0,0.0,0.0,0.0,0.0
6a0619zuos500vcortp_0005,0.08108108108108109,3,37	0.66665,-2.12701,0.66768,0.00962,-0.90193,-0.26239,0.1191,0.20271,0.84515,0.48174,0.29248,86.37159,191.67791,166.30164,0.3,0.3,0.0,0.0,0.0,0.0,0.0,0.0,0.08108,0,0,0.46917,-2.27999,0.76124,0.0,0.0,0.0,0.0,0.0,0.0
6egfxba7tmx158llh43_0001,0.08108108108108109,3,37	0.66665,-2.12701,2.60501,-0.11687,-0.25142,-0.6759,0.13794,0.18619,0.99871,0.56869,356.62353,95.81218,182.21404,12.12389,0.3,0.3,0.0,0.0,0.0,0.0,0.0,0.0,0.08108,0,0,0.23415,-4.43999,1.20393,0.0,0.0,0.0,0.0,0.0,0.0
60rpgidpfah5gs2zw41_0050,0.05714285714285714,2,35	0.66665,-2.12701,1.42305,0.43349,-0.63523,0.04285,0.17895,0.19045,0.71341,0.61235,353.2332,98.69991,188.72936,199.29308,0.3,0.3,0.0,0.0,0.0,0.0,0.0,0.0,0.05714,0,0,0.41068,-2.95999,0.90622,0.0,0.0,1.0,0.0,0.0,0.0
1olt4w32i8eefz800lox_0000,0.05714285714285714,2,35	0.66665,-2.12701,1.08793,-0.04809,-0.55003,-0.6164,0.15117,0.12397,0.64358,0.33839,358.86103,92.31661,173.93987,15.66937,0.3,0.3,0.0,0.0,0.0,0.0,0.0,0.0,0.05714,0,0,0.66777,-3.59999,0.6558,0.0,0.0,1.0,0.0,0.0,0.0
1oafn22s47cc7g1etppt_0011,0.05714285714285714,2,35	0.66665,-2.12701,2.07167,0.1364,-0.68521,-0.08308,0.05193,0.1511,0.64204,0.44296,353.2389,94.81826,176.41111,344.7572,0.3,0.3,0.0,0.0,0.0,0.0,0.0,0.0,0.05714,0,0,0.14654,-3.69999,1.24543,0.0,0.0,0.0,0.0,0.0,0.0
6egfxba7tmx158llh43_0002,0.05714285714285714,2,35	0.66665,-2.12701,2.09388,-0.15654,-0.32473,-0.16943,0.21162,0.1918,0.76636,0.59024,356.11115,95.49885,166.60527,10.63416,0.3,0.3,0.0,0.0,0.0,0.0,0.0,0.0,0.05714,0,0,0.51235,-5.35999,0.90912,0.0,1.0,0.0,0.0,0.0,0.0
60rpgidpfah5gs2zw41_0006,0.05555555555555555,2,36	0.66665,-2.12701,2.24854,0.01897,-0.48436,-0.63602,0.1308,0.10598,0.62501,0.50594,358.99183,93.13149,185.64962,164.96598,0.3,0.3,0.0,0.0,0.0,0.0,0.0,0.0,0.05555,0,0,0.68001,-4.67999,0.60277,0.0,0.0,1.0,1.0,0.0,0.0
60rpgidpfah5gs2zw41_0015,0.05555555555555555,2,36	0.66665,-2.12701,0.16907,0.38404,-1.10673,-0.63602,0.13701,0.13779,0.94409,0.64405,350.26685,103.67913,163.98119,349.6124,0.3,0.3,0.0,0.0,0.0,0.0,0.0,0.0,0.05555,0,0,0.90178,-1.72,0.45472,0.0,0.0,1.0,1.0,0.0,0.0
60rpgidpfah5gs2zw41_0036,0.05555555555555555,2,36	0.66665,-2.12701,1.91097,-0.05369,-0.42789,-0.10771,0.18546,0.19805,0.82401,0.48434,9.69537,102.64475,354.98401,161.69198,0.3,0.3,0.0,0.0,0.0,0.0,0.0,0.0,0.05555,0,0,1.00625,-4.49999,0.58771,0.0,0.0,1.0,0.0,0.0,0.0
60rpgidpfah5gs2zw41_0053,0.05555555555555555,2,36	0.66665,-2.12701,0.01489,0.45671,-1.18407,-0.32882,0.19928,0.19576,0.99918,0.57188,8.63262,101.59673,11.46038,165.13456,0.3,0.3,0.0,0.0,0.0,0.0,0.0,0.0,0.05555,0,0,5.87457,-1.54,0.19059,0.0,0.0,1.0,0.0,0.0,0.0
60rpgidpfah5gs2zw41_0065,0.05555555555555555,2,36	0.66665,-2.12701,1.79883,-0.11471,-0.20556,0.60986,0.17864,0.21064,0.83008,0.4355,359.07105,87.3199,12.18521,16.53088,0.3,0.3,0.0,0.0,0.0,0.0,0.0,0.0,0.05555,0,0,0.87617,-5.53999,0.6599,0.0,0.0,1.0,0.0,0.0,0.0
70ggbfwb0t2vkkzzcvm_0006,0.05555555555555555,2,36	0.66665,-2.12701,3.2547,-0.08867,-0.26696,0.30749,0.15795,0.21546,0.80885,0.43022,356.87357,88.72437,199.37871,207.97501,0.3,0.3,0.0,0.0,0.0,0.0,0.0,0.0,0.05555,0,0,0.30922,-4.53999,1.04682,0.0,0.0,1.0,0.0,0.0,0.0
6095fqwusktw59vgw9q_0008,0.05555555555555555,2,36	0.66665,-2.12701,2.60325,-0.03578,-0.26505,-0.37879,0.20557,0.14977,0.77203,0.4601,8.51464,93.95391,184.38161,198.92461,0.3,0.3,0.0,0.0,0.0,0.0,0.0,0.0,0.05555,0,0,0.2982,-3.93999,1.05856,0.0,0.0,0.0,0.0,0.0,0.0
6095fqwusktw59vgw9q_0009,0.05555555555555555,2,36	0.66665,-2.12701,0.5342,0.2365,-1.00583,-0.29956,0.06587,0.17388,0.7298,0.40498,352.07864,87.87916,190.76303,170.96207,0.3,0.3,0.0,0.0,0.0,0.0,0.0,0.0,0.05555,0,0,0.40208,-2.0,0.69068,0.0,0.0,0.0,0.0,0.0,0.0
1npa2osvoodf71y3jktm_0000,0.05555555555555555,2,36	0.66665,-2.12701,2.75673,-0.02336,-0.23812,-0.4474,0.1278,0.13399,0.67254,0.42553,352.50469,87.09279,176.36965,155.33732,0.3,0.3,0.0,0.0,0.0,0.0,0.0,0.0,0.05555,0,0,0.5177,-5.25999,0.72753,0.0,0.0,0.0,0.0,0.0,0.0
1oafn22s47cc7g1etppt_0003,0.05555555555555555,2,36	0.66665,-2.12701,1.78187,0.02201,-0.53584,0.54523,0.10195,0.11828,0.59632,0.56425,8.04511,102.48727,162.96607,208.33216,0.3,0.3,0.0,0.0,0.0,0.0,0.0,0.0,0.05555,0,0,0.37105,-4.33999,0.83397,0.0,0.0,1.0,0.0,0.0,0.0
5zqakdu4mx9e5pc19rs_0000,0.05555555555555555,2,36	0.66665,-2.12701,1.59701,-0.09621,-0.43184,0.04176,0.18609,0.06005,0.73209,0.51663,9.60417,94.62216,200.22738,332.48309,0.3,0.3,0.0,0.0,0.0,0.0,0.0,0.0,0.05555,0,0,0.48163,-4.07999,0.75603,0.0,1.0,0.0,0.0,0.0,0.0
6cqxatl6s7asfmw7oir_0003,0.05555555555555555,2,36	0.66665,-2.12701,1.56903,0.37986,-0.37281,-0.52307,0.19931,0.15213,0.92067,0.47318,356.1403,103.71054,352.17329,331.61672,0.3,0.3,0.0,0.0,0.0,0.0,0.0,0.0,0.05555,0,0,0.2258,-4.27999,1.38587,0.0,0.0,1.0,0.0,0.0,0.0
60sjg0x40yp11znz4u1_0011,0.05555555555555555,2,36	0.66665,-2.12701,2.21806,-0.0439,-0.39104,0.13021,0.07954,0.0906,0.6663,0.61597,6.50789,94.86443,186.08363,200.40008,0.3,0.3,0.0,0.0,0.0,0.0,0.0,0.0,0.05555,0,0,0.29051,-4.07999,0.80342,0.0,0.0,1.0,0.0,0.0,0.0
6a0619zuos500vcortp_0009,0.05555555555555555,2,36	0.66665,-2.12701,1.75237,0.03608,-0.10318,-0.50267,0.20414,0.15533,0.83275,0.66237,357.33401,89.27995,1.84934,154.54219,0.3,0.3,0.0,0.0,0.0,0.0,0.0,0.0,0.05555,0,0,2.28074,-5.69999,0.36867,0.0,0.0,0.0,0.0,0.0,0.0
60rpgidpfah5gs2zw41_0045,0.05405405405405406,2,37	0.66665,-2.12701,2.0986,0.43291,-0.2259,0.12544,0.12919,0.20655,0.63428,0.49732,7.99319,90.93525,343.4357,190.37406,0.3,0.3,0.0,0.0,0.0,0.0,0.0,0.0,0.05405,0,0,0.21326,-3.83999,1.28964,0.0,0.0,1.0,0.0,0.0,0.0
1nsien42ekb8cgq2k2uj_0005,0.05405405405405406,2,37	0.66665,-2.12701,0.25599,0.18686,-1.36228,0.32543,0.13366,0.15711,0.81182,0.37691,9.75354,90.83971,184.98299,338.93493,0.3,0.3,0.0,0.0,0.0,0.0,0.0,0.0,0.05405,0,0,1.22745,-1.5,0.37589,0.0,0.0,1.0,0.0,0.0,0.0
1nvg1szpx8xnxnda0au7_0000,0.05405405405405406,2,37	0.66665,-2.12701,0.66362,0.24495,-0.89838,0.38417,0.08452,0.19256,0.92145,0.60993,359.79204,92.71406,173.98369,18.98945,0.3,0.3,0.0,0.0,0.0,0.0,0.0,0.0,0.05405,0,0,0.66207,-2.21999,0.58225,0.0,0.0,0.0,0.0,0.0,0.0
1o1evjjppbq1q2j00nka_0000,0.05405405405405406,2,37	0.66665,-2.12701,0.83174,0.43718,-1.12636,0.38417,0.11048,0.17584,0.95345,0.45534,7.64054,101.0142,169.19662,203.98893,0.3,0.3,0.0,0.0,0.0,0.0,0.0,0.0,0.05405,0,0,0.98257,-1.56,0.41411,0.0,0.0,0.0,0.0,0.0,0.0
6g3sgikf1rjhp5x2iqk_0002,0.02857142857142857,1,35	0.66665,-2.12701,0.79246,-0.00358,-0.51257,-0.09715,0.12832,0.08555,0.6368,0.37009,354.17186,103.95643,343.68967,191.00468,0.3,0.3,0.0,0.0,0.0,0.0,0.0,0.0,0.02857,0,0,0.11587,-2.13999,1.3616,0.0,0.0,0.0,0.0,0.0,0.0
1pfacq2gwcfdxuo5vmqc_0001,0.02857142857142857,1,35	0.66665,-2.12701,4.98386,0.19614,-0.18706,-0.07203,0.06304,0.05581,0.69167,0.34154,351.37828,96.03466,162.38132,346.47639,0.3,0.3,0.0,0.0,0.0,0.0,0.0,0.0,0.02857,0,0,0.06185,-12.55999,1.83171,0.0,0.0,0.0,0.0,0.0,0.0
60rpgidpfah5gs2zw41_0033,0.027777777777777776,1,36	0.66665,-2.12701,1.47991,0.35784,-0.32728,-0.63602,0.15322,0.15577,0.8572,0.33698,6.7965,99.00191,8.84065,170.10063,0.3,0.3,0.0,0.0,0.0,0.0,0.0,0.0,0.02777,0,0,0.3776,-3.25999,0.90089,0.0,0.0,1.0,0.0,0.0,0.0
60rpgidpfah5gs2zw41_0035,0.027777777777777776,1,36	0.66665,-2.12701,2.40614,0.12395,-0.59956,-0.63602,0.21409,0.07608,0.6195,0.4667,356.29232,97.99581,341.85841,22.01394,0.3,0.3,0.0,0.0,0.0,0.0,0.0,0.0,0.02777,0,0,0.28351,-4.45999,1.05807,0.0,0.0,1.0,0.0,0.0,0.0
60rpgidpfah5gs2zw41_0051,0.027777777777777776,1,36	0.66665,-2.12701,0.88326,0.04045,-1.09001,-0.32882,0.13081,0.15743,0.84358,0.68854,355.47991,97.5885,6.60309,338.34612,0.3,0.3,0.0,0.0,0.0,0.0,0.0,0.0,0.02777,0,0,0.41606,-1.98,0.72371,0.0,0.0,1.0,0.0,0.0,0.0
60rpgidpfah5gs2zw41_0052,0.027777777777777776,1,36	0.66665,-2.12701,0.21794,0.72225,-1.07673,-0.32882,0.18051,0.19817,0.9742,0.33441,357.75692,98.2067,164.86102,350.76402,0.3,0.3,0.0,0.0,0.0,0.0,0.0,0.0,0.02777,0,0,0.63206,-1.52,0.60863,0.0,0.0,1.0,0.0,0.0,0.0
60rpgidpfah5gs2zw41_0056,0.027777777777777776,1,36	0.66665,-2.12701,3.28147,0.24259,-0.29726,-0.71965,0.06891,0.16822,0.89932,0.35673,6.07615,94.40907,342.74693,349.0394,0.3,0.3,0.0,0.0,0.0,0.0,0.0,0.0,0.02777,0,0,0.62561,-4.77999,0.58856,0.0,0.0,1.0,0.0,0.0,0.0
60rpgidpfah5gs2zw41_0057,0.027777777777777776,1,36	0.66665,-2.12701,1.21194,-0.09761,-0.78155,-0.71965,0.15754,0.14963,0.77512,0.36773,2.54491,93.15409,194.82046,196.58819,0.3,0.3,0.0,0.0,0.0,0.0,0.0,0.0,0.02777,0,0,0.25164,-2.77999,1.10279,0.0,0.0,1.0,0.0,0.0,0.0
60rpgidpfah5gs2zw41_0058,0.027777777777777776,1,36	0.66665,-2.12701,1.05181,0.22674,-0.88013,-0.71965,0.14939,0.1612,0.88012,0.3579,352.65181,94.33856,1.2942,197.50596,0.3,0.3,0.0,0.0,0.0,0.0,0.0,0.0,0.02777,0,0,1.14053,-2.33999,0.45378,0.0,0.0,1.0,0.0,0.0,0.0
60rpgidpfah5gs2zw41_0060,0.027777777777777776,1,36	0.66665,-2.12701,1.10632,0.53386,-1.22597,-0.71965,0.12488,0.18475,0.76775,0.37008,356.70217,94.95728,174.03282,342.3882,0.3,0.3,0.0,0.0,0.0,0.0,0.0,0.0,0.02777,0,0,0.57511,-1.68,0.57824,0.0,0.0,1.0,0.0,0.0,0.0
60rpgidpfah5gs2zw41_0062,0.027777777777777776,1,36	0.66665,-2.12701,1.3885,-0.04811,-0.11215,0.60986,0.193,0.21317,0.73316,0.66811,358.87917,93.58345,176.40912,151.79427,0.3,0.3,0.0,0.0,0.0,0.0,0.0,0.0,0.02777,0,0,0.39088,-4.91999,1.09474,0.0,0.0,1.0,0.0,0.0,0.0
60rpgidpfah5gs2zw41_0063,0.027777777777777776,1,36	0.66665,-2.12701,0.22682,0.17413,-0.80241,0.60986,0.15652,0.212,0.88808,0.56589,4.30577,102.77956,166.36989,343.61893,0.3,0.3,0.0,0.0,0.0,0.0,0.0,0.0,0.02777,0,0,0.38362,-2.0,0.88196,0.0,0.0,1.0,0.0,0.0,0.0
6095fqwusktw59vgw9q_0004,0.027777777777777776,1,36	0.66665,-2.12701,3.71375,-0.03087,-0.34879,-0.28964,0.08419,0.20322,0.6419,0.52225,357.42409,90.28485,190.79292,201.47464,0.3,0.3,0.0,0.0,0.0,0.0,0.0,0.0,0.02777,0,0,0.68404,-4.97999,0.59724,0.0,0.0,0.0,0.0,0.0,0.0
1q65v9rob7udrcp0w5ln_0001,0.027777777777777776,1,36	0.66665,-2.12701,1.63842,-0.14291,-0.32385,-0.7653,0.14928,0.12688,0.97502,0.41401,4.13491,103.81476,177.37082,158.18436,0.3,0.3,0.0,0.0,0.0,0.0,0.0,0.0,0.02777,0,0,0.31637,-4.47999,1.02973,0.0,1.0,1.0,1.0,0.0,0.0
1q65v9rob7udrcp0w5ln_0010,0.027777777777777776,1,36	0.66665,-2.12701,0.68878,0.42711,-0.62126,-0.7653,0.04372,0.20757,0.8958,0.37535,358.05827,92.60672,188.65576,162.18884,0.3,0.3,0.0,0.0,0.0,0.0,0.0,0.0,0.02777,0,0,0.26897,-2.61999,0.97631,0.0,0.0,1.0,0.0,0.0,0.0
1p3ox53dsf5hdp73hyyj_0000,0.027777777777777776,1,36	0.66665,-2.12701,2.80341,-0.03185,-0.48256,0.02468,0.15097,0.15241,0.62615,0.46992,1.08696,91.41464,198.71606,20.17336,0.3,0.3,0.0,0.0,0.0,0.0,0.0,0.0,0.02777,0,0,0.84231,-4.01999,0.54687,0.0,0.0,0.0,0.0,0.0,0.0
60sjg0x40yp11znz4u1_0006,0.027777777777777776,1,36	0.66665,-2.12701,3.38776,-0.18665,-0.44207,-0.57798,0.08491,0.20871,0.58389,0.92978,14.37931,97.17241,161.37931,203.5862,0.3,0.3,0.0,0.0,0.0,0.0,0.0,0.0,0.02777,0,0,0.16083,-4.71999,1.34947,0.0,1.0,1.0,0.0,0.0,0.0
60rpgidpfah5gs2zw41_0046,0.02702702702702703,1,37	0.66665,-2.12701,0.72397,0.46223,-1.30928,0.04285,0.04561,0.16731,0.7705,0.3609,359.59417,87.50811,356.5081,207.73776,0.3,0.3,0.0,0.0,0.0,0.0,0.0,0.0,0.02702,0,0,0.87049,-1.4,0.37056,0.0,0.0,1.0,0.0,0.0,0.0
70ggbfwb0t2vkkzzcvm_0003,0.02702702702702703,1,37	0.66665,-2.12701,1.14183,0.23141,-0.49668,0.30749,0.20876,0.20727,0.94506,0.60041,9.40706,97.62295,200.21531,20.98526,0.3,0.3,0.0,0.0,0.0,0.0,0.0,0.0,0.02702,0,0,0.37197,-3.65999,1.09738,0.0,0.0,1.0,0.0,0.0,0.0
1r288shcehdefiibldcv_0000,0.02702702702702703,1,37	0.66665,-2.12701,0.6768,-0.11138,-0.50997,-0.30394,0.20978,0.14034,0.6169,0.45781,359.16015,93.47122,181.02331,346.06545,0.3,0.3,0.0,0.0,0.0,0.0,0.0,0.0,0.02702,0,0,0.44604,-3.05999,0.8997,0.0,1.0,0.0,0.0,0.0,0.0
6095fqwusktw59vgw9q_0000,0.02702702702702703,1,37	0.66665,-2.12701,1.98767,-0.15883,-0.4326,-0.28964,0.14244,0.2012,0.72561,0.4518,2.23411,101.42225,181.84656,193.86871,0.3,0.3,0.0,0.0,0.0,0.0,0.0,0.0,0.02702,0,0,0.30862,-4.77999,1.12624,0.0,0.0,1.0,1.0,0.0,0.0
1ownl0lrmtgtifw9qg7h_0003,0.02702702702702703,1,37	0.66665,-2.12701,0.67887,-0.02101,-0.84121,0.49477,0.0651,0.18917,0.67548,0.50011,352.01176,95.54653,17.30436,21.22449,0.3,0.3,0.0,0.0,0.0,0.0,0.0,0.0,0.02702,0,0,0.38338,-2.43999,0.78243,0.0,0.0,1.0,0.0,0.0,0.0
6cqxatl6s7asfmw7oir_0005,0.02702702702702703,1,37	0.66665,-2.12701,1.47189,0.44126,-0.549,-0.52307,0.18572,0.16322,0.879,0.49834,350.08052,95.34959,2.98425,190.82313,0.3,0.3,0.0,0.0,0.0,0.0,0.0,0.0,0.02702,0,0,0.78088,-2.91999,0.61051,0.0,0.0,1.0,0.0,0.0,0.0
1ojl900o710i5ioq7g7w_0013,0.02702702702702703,1,37	0.66665,-2.12701,2.57249,-0.00884,-0.53417,0.37693,0.08263,0.1269,0.90635,0.93777,12.375,98.375,219.13043,360.0,0.3,0.3,0.0,0.0,0.0,0.0,0.0,0.0,0.02702,0,0,0.58656,-4.09999,0.58281,0.0,1.0,0.0,0.0,0.0,0.0
6a0619zuos500vcortp_0004,0.02702702702702703,1,37	0.66665,-2.12701,1.73493,0.21703,-0.12475,-0.67669,0.1187,0.1808,0.70175,0.55715,351.9415,92.5625,192.92071,342.1118,0.3,0.3,0.0,0.0,0.0,0.0,0.0,0.0,0.02702,0,0,0.58766,-5.55999,0.76089,0.0,1.0,0.0,0.0,0.0,0.0
60rpgidpfah5gs2zw41_0024,0.0,0,37	0.66665,-2.12701,0.75518,0.00527,-0.86816,-0.62165,0.20304,0.18762,0.58341,0.57275,4.61487,90.55527,178.8649,15.07936,0.3,0.3,0.0,0.0,0.0,0.0,0.0,0.0,0.0,0,0,1.08351,-2.11999,0.50803,0.0,0.0,1.0,0.0,0.0,0.0
60rpgidpfah5gs2zw41_0028,0.0,0,37	0.66665,-2.12701,0.5465,0.16263,-0.24407,-0.22701,0.13055,0.2155,0.80095,0.45825,0.98001,94.78252,348.45466,332.92159,0.3,0.3,0.0,0.0,0.0,0.0,0.0,0.0,0.0,0,0,0.29441,-3.41999,1.18176,0.0,0.0,1.0,0.0,0.0,0.0
60rpgidpfah5gs2zw41_0037,0.0,0,37	0.66665,-2.12701,0.48682,-0.03434,-0.74544,-0.10771,0.16122,0.16891,0.98517,0.36617,3.87992,88.15953,339.73181,153.04071,0.3,0.3,0.0,0.0,0.0,0.0,0.0,0.0,0.0,0,0,0.39218,-2.57999,0.90245,0.0,0.0,1.0,0.0,0.0,0.0
1nsien42ekb8cgq2k2uj_0004,0.0,0,37	0.66665,-2.12701,1.38426,0.22077,-0.79895,0.32543,0.11329,0.20489,0.90371,0.61314,358.69038,93.72416,186.77007,343.3349,0.3,0.3,0.0,0.0,0.0,0.0,0.0,0.0,0.0,0,0,0.24808,-2.75999,1.10402,0.0,0.0,1.0,0.0,0.0,0.0
1q65v9rob7udrcp0w5ln_0012,0.0,0,37	0.66665,-2.12701,1.46182,0.53784,-0.48945,-0.7653,0.21358,0.21498,0.98231,0.45808,357.81372,87.24711,182.83991,15.80155,0.3,0.3,0.0,0.0,0.0,0.0,0.0,0.0,0.0,0,0,0.29952,-3.07999,1.17643,0.0,0.0,1.0,0.0,0.0,0.0
60rpgidpfah5gs2zw41_0030,0.0,0,36	0.66665,-2.12701,2.29114,0.14915,-0.11151,-0.22701,0.14708,0.15921,0.75297,0.38501,2.34438,94.95191,164.70211,9.52744,0.3,0.3,0.0,0.0,0.0,0.0,0.0,0.0,0.0,0,0,0.30014,-5.07999,1.08626,0.0,0.0,1.0,0.0,0.0,0.0
1nsien42ekb8cgq2k2uj_0000,0.0,0,36	0.66665,-2.12701,1.59223,0.1978,-0.64552,0.32543,0.04483,0.19111,0.64633,0.56096,9.92726,104.18019,169.69284,202.61718,0.3,0.3,0.0,0.0,0.0,0.0,0.0,0.0,0.0,0,0,0.32243,-3.45999,0.87647,0.0,0.0,1.0,1.0,0.0,0.0
1olt4w32i8eefz800lox_0003,0.0,0,36	0.66665,-2.12701,0.76321,0.44593,-0.57662,-0.6164,0.19108,0.15188,0.64963,0.68348,352.16601,91.79507,5.15616,337.59498,0.3,0.3,0.0,0.0,0.0,0.0,0.0,0.0,0.0,0,0,0.72568,-2.43999,0.62679,0.0,0.0,1.0,0.0,0.0,0.0
1pfacq2gwcfdxuo5vmqc_0002,0.0,0,36	0.66665,-2.12701,4.03156,0.02458,-0.19094,0.38417,0.04703,0.12995,0.70833,0.40415,5.94529,90.2665,345.86061,195.94187,0.3,0.3,0.0,0.0,0.0,0.0,0.0,0.0,0.0,0,0,5.42955,-8.54,0.17484,0.0,0.0,0.0,0.0,0.0,0.0
6cqxatl6s7asfmw7oir_0001,0.0,0,36	0.66665,-2.12701,1.63497,-0.11501,-0.28489,-0.52307,0.10012,0.11699,0.86055,0.38157,352.92502,100.99609,163.94669,337.4787,0.3,0.3,0.0,0.0,0.0,0.0,0.0,0.0,0.0,0,0,0.25757,-4.71999,1.0586,0.0,1.0,1.0,1.0,0.0,0.0
60sjg0x40yp11znz4u1_0004,0.0,0,36	0.66665,-2.12701,1.59701,-0.09621,-0.43184,-0.57798,0.21114,0.16623,0.73209,0.51663,9.60417,94.62216,200.22738,332.48309,0.3,0.3,0.0,0.0,0.0,0.0,0.0,0.0,0.0,0,0,0.83282,-3.77999,0.64354,0.0,1.0,1.0,1.0,0.0,0.0
6a0619zuos500vcortp_0006,0.0,0,36	0.66665,-2.12701,2.00161,-0.09741,-0.40949,-0.03442,0.15418,0.20818,0.74004,0.6784,2.5172,86.57068,168.06763,189.06546,0.3,0.3,0.0,0.0,0.0,0.0,0.0,0.0,0.0,0,0,0.47475,-5.11999,0.906,0.0,0.0,0.0,0.0,0.0,0.0
60rpgidpfah5gs2zw41_0016,0.0,0,35	0.66665,-2.12701,1.64775,0.04881,-0.41251,-0.63602,0.11915,0.1971,0.70951,0.43304,352.45278,91.53677,178.27542,158.8203,0.3,0.3,0.0,0.0,0.0,0.0,0.0,0.0,0.0,0,0,7.4372,-3.73999,0.17632,0.0,0.0,1.0,1.0,0.0,0.0
