7o10iqv5191hi5l1eo9_0003,0.7837837837837838,29,37	-0.49344,-1.43805,1.55172,-0.16807,-1.08213,-0.16826,1.14963,1.3138,1.29877,0.36083,56.94339,56.70754,96.82758,180.0,0.3,0.3,0.0,0.0,0.0,0.0,0.0,0.0,0.78378,0,0,1.38084,-1.6,0.90882,0.0,1.0,1.0,1.0,0.0,0.0
25sfwqbiaape94zp2pkr_0006,0.6944444444444444,25,36	-0.49344,-1.43805,-2.3349,-1.0909,-1.39879,-1.5146,0.83344,1.47403,1.06806,0.29349,57.40789,39.37853,227.8591,121.86704,0.3,0.3,0.0,0.0,0.0,0.0,0.0,0.0,0.69444,0,0,1.34115,-1.06,0.74123,0.0,1.0,0.0,0.0,0.0,0.0
26zzh5ajb8zcugzhnvdp_0001,0.6944444444444444,25,36	-0.49344,-1.43805,0.30507,-0.02478,-0.7773,1.08171,1.33634,1.41855,1.09193,0.46548,42.06035,49.20085,299.57897,48.45553,0.3,0.3,0.0,0.0,0.0,0.0,0.0,0.0,0.69444,0,0,21.33698,-0.96,0.19357,0.0,1.0,1.0,1.0,0.0,0.0
7sy8ydghhmcuzahfd6b_0001,0.6756756756756757,25,37	-0.49344,-1.43805,-0.59006,0.47642,-0.93541,0.4057,0.71142,1.32872,1.36736,0.55235,56.25,46.4375,42.48447,0.0,0.3,0.3,0.0,0.0,0.0,0.0,0.0,0.0,0.67567,0,0,0.81641,-1.14,1.24646,0.0,1.0,1.0,2.0,0.0,0.0
27j5p5hructxdhuv8th8_0002,0.6666666666666666,24,36	-0.49344,-1.43805,-0.13141,0.53042,-1.48963,0.11412,1.09154,0.87088,1.07648,0.45844,41.78838,39.30403,314.6365,137.73844,0.3,0.3,0.0,0.0,0.0,0.0,0.0,0.0,0.66666,0,0,1.1204,-0.7,0.87481,0.0,0.0,1.0,1.0,0.0,0.0
27az0bh6d0y5i6c4mcpq_0041,0.6486486486486487,24,37	-0.49344,-1.43805,-0.13873,0.7142,-1.30959,-0.2105,1.5838,1.46891,1.12298,0.43997,58.99598,55.81279,50.23302,121.94012,0.3,0.3,0.0,0.0,0.0,0.0,0.0,0.0,0.64864,0,0,2.59445,-0.86,0.67517,0.0,0.0,0.0,0.0,0.0,0.0
247ne6dbmxy5qohpu3o5_0011,0.6486486486486487,24,37	-0.49344,-1.43805,-0.15099,0.41553,-1.81407,-0.34219,0.78316,1.12851,1.1282,0.32934,43.54405,50.53614,303.55795,305.76529,0.3,0.3,0.0,0.0,0.0,0.0,0.0,0.0,0.64864,0,0,2.08402,-0.67999,0.59157,0.0,0.0,1.0,1.0,0.0,0.0
25ouxpkluhlyp1my07gq_0004,0.631578947368421,24,38	-0.49344,-1.43805,0.21739,-0.24402,-0.25723,1.49357,1.46133,1.59822,1.16225,0.61992,66.0,60.6875,292.91925,203.47826,0.3,0.3,0.0,0.0,0.0,0.0,0.0,0.0,0.63157,0,0,1.61062,-1.18,0.96024,0.0,1.0,0.0,0.0,0.0,0.0
25sfwqbiaape94zp2pkr_0004,0.6216216216216216,23,37	-0.49344,-1.43805,-1.44683,0.56847,0.02785,-0.46362,1.59819,1.32988,1.06794,0.43144,41.62474,48.08548,136.65363,229.08065,0.3,0.3,0.0,0.0,0.0,0.0,0.0,0.0,0.62162,0,0,1.59171,-2.19999,0.9224,0.0,0.0,1.0,0.0,0.0,0.0
7x1u48jqcqseot4arsf_0000,0.6,21,35	-0.49344,-1.43805,-0.28939,0.52048,-1.28013,-0.23828,1.20182,1.30153,1.34479,0.34429,51.93988,45.89435,316.6476,136.72178,0.3,0.3,0.0,0.0,0.0,0.0,0.0,0.0,0.6,0,0,1.76162,-0.8,0.76583,0.0,0.0,1.0,1.0,0.0,0.0
7m0c94o7h0uaht09ogv_0009,0.6,21,35	-0.49344,-1.43805,2.87463,-0.50768,-1.23363,1.69343,1.39818,1.28855,1.19,0.4009,57.40299,50.65366,233.35085,226.19351,0.3,0.3,0.0,0.0,0.0,0.0,0.0,0.0,0.6,0,0,2.11902,-1.52,0.64217,0.0,1.0,1.0,0.0,0.0,0.0
7yqe1d52i50e8nlv2rm_0000,0.5945945945945946,22,37	-0.49344,-1.43805,-0.42097,0.06257,-0.881,-0.14047,0.69447,0.80922,1.29592,0.42244,44.22444,44.73983,132.96274,299.4648,0.3,0.3,0.0,0.0,0.0,0.0,0.0,0.0,0.59459,0,0,11.36174,-1.12,0.22799,0.0,0.0,1.0,1.0,0.0,0.0
7o10iqv5191hi5l1eo9_0005,0.5945945945945946,22,37	-0.49344,-1.43805,1.55172,-0.16807,-1.08213,-0.16826,1.14963,1.3138,1.29877,0.36083,56.94339,56.70754,96.82758,180.0,0.3,0.3,0.0,0.0,0.0,0.0,0.0,0.0,0.59459,0,0,1.38084,-1.6,0.90882,0.0,1.0,1.0,1.0,0.0,0.0
7sy8ydghhmcuzahfd6b_0000,0.5945945945945946,22,37	-0.49344,-1.43805,-0.65217,0.4067,-1.00557,0.4057,1.02685,1.35866,1.43182,0.562,59.4375,46.4375,38.01242,0.0,0.3,0.3,0.0,0.0,0.0,0.0,0.0,0.0,0.59459,0,0,0.88263,-1.12,1.25448,0.0,1.0,1.0,2.0,0.0,0.0
7olzjyway1ch66ilfb3_0000,0.5833333333333334,21,36	-0.49344,-1.43805,3.40101,-0.2909,-1.17318,1.68756,0.90513,1.36372,0.88251,0.41517,45.46204,53.50168,46.46354,304.09361,0.3,0.3,0.0,0.0,0.0,0.0,0.0,0.0,0.58333,0,0,6.51931,-1.38,0.30282,0.0,0.0,1.0,2.0,0.0,0.0
25sfwqbiaape94zp2pkr_0005,0.5833333333333334,21,36	-0.49344,-1.43805,-2.3349,-1.0909,-1.39879,-1.5146,0.83344,1.47403,1.06806,0.29349,57.40789,39.37853,227.8591,121.86704,0.3,0.3,0.0,0.0,0.0,0.0,0.0,0.0,0.58333,0,0,1.34115,-1.06,0.74123,0.0,0.0,0.0,0.0,0.0,0.0
7padnxbh7d2y9jl0gis_0001,0.5833333333333334,21,36	-0.49344,-1.43805,1.08301,0.24876,-1.46516,0.32898,1.35028,1.19335,1.12349,0.32588,47.76822,57.21951,310.20691,233.57907,0.3,0.3,0.0,0.0,0.0,0.0,0.0,0.0,0.58333,0,0,2.68165,-0.72,0.5426,0.0,0.0,0.0,0.0,0.0,0.0
247ne6dbmxy5qohpu3o5_0005,0.5714285714285714,20,35	-0.49344,-1.43805,0.42934,0.35811,-1.41707,0.8414,0.72581,0.9307,1.35193,0.30004,54.84342,50.92294,45.44607,223.31652,0.3,0.3,0.0,0.0,0.0,0.0,0.0,0.0,0.57142,0,0,1.47249,-0.92,0.73234,0.0,0.0,1.0,1.0,0.0,0.0
27az0bh6d0y5i6c4mcpq_0033,0.5555555555555556,20,36	-0.49344,-1.43805,-1.38201,-0.12412,-0.27069,0.36985,1.05068,1.16624,0.97696,0.45628,60.0015,40.81388,45.87708,304.233,0.3,0.3,0.0,0.0,0.0,0.0,0.0,0.0,0.55555,0,0,1.65191,-2.55999,0.81866,0.0,0.0,1.0,0.0,0.0,0.0
27az0bh6d0y5i6c4mcpq_0039,0.5555555555555556,20,36	-0.49344,-1.43805,-0.17778,-0.02183,-1.25327,-1.16467,0.91636,1.46229,0.94637,0.38845,43.58122,51.8556,316.63357,222.04016,0.3,0.3,0.0,0.0,0.0,0.0,0.0,0.0,0.55555,0,0,2.58789,-0.78,0.59411,0.0,0.0,1.0,0.0,0.0,0.0
25ouxpkluhlyp1my07gq_0001,0.5436893203883495,56,103	-0.49344,-1.43805,0.05985,0.07349,-1.02296,0.89921,1.09707,1.54176,1.27761,0.33429,48.78911,43.8006,50.06943,135.05795,0.3,0.3,0.0,0.0,0.0,0.0,0.0,0.0,0.54368,0,0,5.08621,-0.9,0.43029,0.0,0.0,0.0,0.0,0.0,0.0
7n72jp3yn5f2437wcaz_0005,0.5405405405405406,20,37	-0.49344,-1.43805,0.91601,0.31373,-0.94945,0.44018,0.74673,1.01057,1.04334,0.49347,45.53865,56.8867,60.42004,124.33435,0.3,0.3,0.0,0.0,0.0,0.0,0.0,0.0,0.54054,0,0,3.08988,-1.2,0.49606,0.0,0.0,0.0,0.0,0.0,0.0
7o10iqv5191hi5l1eo9_0008,0.5405405405405406,20,37	-0.49344,-1.43805,1.55172,-0.16807,-1.08213,-0.16826,1.14963,1.3138,1.29877,0.36083,56.94339,56.70754,96.82758,0.0,0.3,0.3,0.0,0.0,0.0,0.0,0.0,0.0,0.54054,0,0,1.38084,-1.6,0.90882,0.0,1.0,1.0,0.0,0.0,0.0
25k0wr8o8rlwkgfx61ya_0003,0.5288461538461539,55,104	-0.49344,-1.43805,0.04993,0.07121,-1.02599,-0.79628,1.05858,1.38877,1.23257,0.35015,52.72871,41.92012,314.81309,233.18022,0.3,0.3,0.0,0.0,0.0,0.0,0.0,0.0,0.52884,0,0,5.76573,-0.92,0.39111,0.0,0.0,0.0,0.0,0.0,0.0
27az0bh6d0y5i6c4mcpq_0032,0.5142857142857142,18,35	-0.49344,-1.43805,-0.23741,0.59631,-0.99307,0.36985,0.66225,1.5102,1.354,0.36277,60.69054,42.90183,46.21632,119.67155,0.3,0.3,0.0,0.0,0.0,0.0,0.0,0.0,0.51428,0,0,1.04647,-1.0,1.07321,0.0,0.0,1.0,0.0,0.0,0.0
7o10iqv5191hi5l1eo9_0007,0.5135135135135135,19,37	-0.49344,-1.43805,1.55172,-0.16807,-1.08213,-0.16826,1.14963,1.3138,1.29877,0.36083,56.94339,56.70754,96.82758,0.0,0.3,0.3,0.0,0.0,0.0,0.0,0.0,0.0,0.51351,0,0,1.38084,-1.6,0.90882,0.0,1.0,1.0,0.0,0.0,0.0
247ne6dbmxy5qohpu3o5_0024,0.5135135135135135,19,37	-0.49344,-1.43805,0.42095,-0.02811,0.34247,0.8414,1.142,1.0709,1.34414,0.33004,57.00849,44.69932,45.41598,127.63843,0.3,0.3,0.0,0.0,0.0,0.0,0.0,0.0,0.51351,0,0,1.18006,-2.59999,1.09122,0.0,0.0,1.0,0.0,0.0,0.0
7o10iqv5191hi5l1eo9_0001,0.5,18,36	-0.49344,-1.43805,0.86141,-0.16807,-1.08213,-0.16826,1.14963,1.3138,1.29877,0.36083,56.56603,52.93396,59.5862,129.10344,0.3,0.3,0.0,0.0,0.0,0.0,0.0,0.0,0.5,0,0,37.16937,-0.9,0.13452,0.0,1.0,1.0,1.0,0.0,0.0
7sy8ydghhmcuzahfd6b_0003,0.49056603773584906,52,106	-0.49344,-1.43805,-0.59006,0.12782,-1.4265,0.4057,1.00305,1.49641,1.4787,0.50087,53.4375,44.5625,40.24844,6.70807,0.3,0.3,0.0,0.0,0.0,0.0,0.0,0.0,0.49056,0,0,1.35436,-0.9,0.91193,0.0,1.0,1.0,2.0,0.0,0.0
27bjdz5gqt5y7anif0qn_0006,0.4864864864864865,18,37	-0.49344,-1.43805,2.62714,-0.21225,-1.10433,1.34928,1.5958,1.15905,1.34403,0.35657,50.15413,43.13598,241.03032,135.80519,0.3,0.3,0.0,0.0,0.0,0.0,0.0,0.0,0.48648,0,0,10.04155,-1.34,0.26953,0.0,0.0,0.0,0.0,0.0,0.0
7m0c94o7h0uaht09ogv_0000,0.4864864864864865,18,37	-0.49344,-1.43805,2.87463,-0.50768,-1.23363,1.69343,1.39818,1.28855,1.19,0.4009,57.40299,50.65366,233.35085,226.19351,0.3,0.3,0.0,0.0,0.0,0.0,0.0,0.0,0.48648,0,0,2.11902,-1.52,0.64217,0.0,0.0,1.0,0.0,0.0,0.0
7w54p7cs0sd4mu4p85c_0001,0.4857142857142857,17,35	-0.49344,-1.43805,0.48458,-1.54409,-0.13815,1.35446,1.24119,1.23238,1.229,0.41169,57.11629,53.35294,242.42112,303.67583,0.3,0.3,0.0,0.0,0.0,0.0,0.0,0.0,0.48571,0,0,0.77389,-0.74,1.32654,0.0,0.0,0.0,0.0,0.0,0.0
26vuhhoec5g1he2fxp0d_0003,0.47368421052631576,18,38	-0.49344,-1.43805,-1.3454,-0.21753,-0.29983,-0.5481,0.6629,1.49922,1.25896,0.4409,57.46038,49.48013,54.11724,136.73221,0.3,0.3,0.0,0.0,0.0,0.0,0.0,0.0,0.47368,0,0,0.65546,-2.61999,1.43289,0.0,0.0,0.0,0.0,0.0,0.0
7olzjyway1ch66ilfb3_0018,0.4722222222222222,17,36	-0.49344,-1.43805,2.36873,-1.4119,-1.20811,1.68756,1.42588,1.37389,0.87611,0.48017,48.80656,51.3654,128.22735,310.51241,0.3,0.3,0.0,0.0,0.0,0.0,0.0,0.0,0.47222,0,0,0.48318,-1.18,1.5377,0.0,0.0,1.0,0.0,0.0,0.0
247ne6dbmxy5qohpu3o5_0036,0.4722222222222222,17,36	-0.49344,-1.43805,2.36763,-0.58959,-0.86095,0.47069,1.48791,1.16262,1.15912,0.45404,58.94872,41.82321,123.6135,226.80893,0.3,0.3,0.0,0.0,0.0,0.0,0.0,0.0,0.47222,0,0,1.71045,-1.96,0.79357,0.0,0.0,0.0,0.0,0.0,0.0
1n2voel1y05zac0u6ah1_0008,0.4722222222222222,17,36	-0.49344,-1.43805,1.87423,-0.91329,-1.26124,-0.17777,1.56072,1.34155,1.27042,0.30968,44.29578,50.49837,125.52814,59.98518,0.3,0.3,0.0,0.0,0.0,0.0,0.0,0.0,0.47222,0,0,0.70795,-1.34,1.37827,0.0,0.0,1.0,0.0,0.0,0.0
7sy8ydghhmcuzahfd6b_0005,0.4594594594594595,17,37	-0.49344,-1.43805,-0.59006,0.47642,-0.93541,0.4057,0.78879,1.23888,1.27359,0.55557,64.875,46.4375,33.54037,0.0,0.3,0.3,0.0,0.0,0.0,0.0,0.0,0.0,0.45945,0,0,0.81672,-1.14,1.24621,0.0,1.0,0.0,0.0,0.0,0.0
7n72jp3yn5f2437wcaz_0009,0.45714285714285713,16,35	-0.49344,-1.43805,-0.17315,-1.56639,-1.22002,0.47743,1.32891,1.11319,0.84715,0.38441,46.98268,50.87692,232.65844,41.18296,0.3,0.3,0.0,0.0,0.0,0.0,0.0,0.0,0.45714,0,0,1.02297,-0.55999,0.95356,0.0,0.0,0.0,0.0,0.0,0.0
27j5p5hructxdhuv8th8_0006,0.4473684210526316,17,38	-0.49344,-1.43805,1.26562,-0.68462,-1.3963,0.11412,1.03767,1.48912,1.16054,0.43669,55.70439,41.13549,120.26006,222.13868,0.3,0.3,0.0,0.0,0.0,0.0,0.0,0.0,0.44736,0,0,8.39286,-0.88,0.29549,0.0,0.0,1.0,0.0,0.0,0.0
7olzjyway1ch66ilfb3_0005,0.4444444444444444,16,36	-0.49344,-1.43805,1.60218,-0.5788,-1.65807,1.68756,1.25615,1.14669,0.7449,0.47011,58.9008,50.25665,43.78761,317.4646,0.3,0.3,0.0,0.0,0.0,0.0,0.0,0.0,0.44444,0,0,23.30738,-0.78,0.1587,0.0,0.0,1.0,1.0,0.0,0.0
7s7m11cywtfvh8l8mc5_0000,0.4444444444444444,16,36	-0.49344,-1.43805,-0.56654,-0.18104,-0.56739,0.52477,1.39012,0.84072,1.35214,0.39038,44.43178,56.39894,48.50815,310.20956,0.3,0.3,0.0,0.0,0.0,0.0,0.0,0.0,0.44444,0,0,2.0401,-1.68,0.74981,0.0,0.0,1.0,1.0,0.0,0.0
247ne6dbmxy5qohpu3o5_0023,0.43243243243243246,16,37	-0.49344,-1.43805,0.01482,-0.31404,-0.23273,0.8414,0.71628,0.99165,1.13101,0.43931,52.42727,56.28657,306.78806,299.05487,0.3,0.3,0.0,0.0,0.0,0.0,0.0,0.0,0.43243,0,0,29.5122,-1.36,0.14314,0.0,0.0,1.0,0.0,0.0,0.0
7sy8ydghhmcuzahfd6b_0004,0.42857142857142855,15,35	-0.49344,-1.43805,-0.59006,0.47642,-0.93541,0.4057,0.75903,1.21493,1.50214,0.52339,56.0625,45.6875,38.01242,0.0,0.3,0.3,0.0,0.0,0.0,0.0,0.0,0.0,0.42857,0,0,0.78763,-1.14,1.25894,0.0,1.0,0.0,0.0,0.0,0.0
7sy8ydghhmcuzahfd6b_0002,0.42718446601941745,44,103	-0.49344,-1.43805,-0.59006,0.12782,-1.4265,0.4057,0.85426,1.42454,1.4787,0.50087,53.4375,44.5625,40.24844,6.70807,0.3,0.3,0.0,0.0,0.0,0.0,0.0,0.0,0.42718,0,0,1.19182,-0.9,0.94591,0.0,1.0,1.0,2.0,0.0,0.0
7n72jp3yn5f2437wcaz_0004,0.4166666666666667,15,36	-0.49344,-1.43805,-0.13635,-0.06371,-1.17814,-1.4135,1.39402,1.05218,1.32053,0.425,56.22651,38.77036,62.42867,136.4085,0.3,0.3,0.0,0.0,0.0,0.0,0.0,0.0,0.41666,0,0,2.029,-0.8,0.6987,0.0,0.0,0.0,0.0,0.0,0.0
22ydbpmdxpszditrpj48_0001,0.4166666666666667,15,36	-0.49344,-1.43805,2.48177,-0.67459,-0.95509,1.39409,1.41622,1.28652,1.17667,0.42038,54.67019,40.64225,224.04295,128.66686,0.3,0.3,0.0,0.0,0.0,0.0,0.0,0.0,0.41666,0,0,2.01104,-1.68,0.70003,0.0,0.0,1.0,1.0,0.0,0.0
7o10iqv5191hi5l1eo9_0000,0.4166666666666667,15,36	-0.49344,-1.43805,0.86141,-0.16807,-1.08213,-0.16826,1.14963,1.3138,1.29877,0.36083,55.93356,51.22598,57.69735,55.65647,0.3,0.3,0.0,0.0,0.0,0.0,0.0,0.0,0.41666,0,0,37.16937,-0.9,0.13452,0.0,0.0,1.0,1.0,0.0,0.0
7o10iqv5191hi5l1eo9_0006,0.4166666666666667,15,36	-0.49344,-1.43805,1.55172,-0.16807,-1.08213,-0.16826,1.14963,1.3138,1.29877,0.36083,56.56603,56.70754,59.5862,0.0,0.3,0.3,0.0,0.0,0.0,0.0,0.0,0.0,0.41666,0,0,1.38084,-1.6,0.90882,0.0,1.0,1.0,0.0,0.0,0.0
247ne6dbmxy5qohpu3o5_0010,0.4166666666666667,15,36	-0.49344,-1.43805,1.00527,-1.84591,-0.61957,0.8414,0.83607,1.56176,1.25959,0.29936,56.59525,50.04663,135.92702,229.80383,0.3,0.3,0.0,0.0,0.0,0.0,0.0,0.0,0.41666,0,0,0.72174,-0.59999,1.09015,0.0,0.0,1.0,1.0,0.0,0.0
27bjdz5gqt5y7anif0qn_0008,0.40540540540540543,15,37	-0.49344,-1.43805,1.14283,-0.10814,-0.92798,0.22095,0.73861,1.5863,1.0293,0.46734,52.82849,55.82938,45.52265,304.44368,0.3,0.3,0.0,0.0,0.0,0.0,0.0,0.0,0.40540,0,0,6.02645,-0.88,0.34889,0.0,0.0,0.0,0.0,0.0,0.0
7m0c94o7h0uaht09ogv_0008,0.40540540540540543,15,37	-0.49344,-1.43805,0.05071,0.13745,-0.83191,0.74869,1.36183,1.48049,0.83501,0.40184,60.85543,48.87385,313.98417,309.8571,0.3,0.3,0.0,0.0,0.0,0.0,0.0,0.0,0.40540,0,0,2.01166,-1.06,0.79536,0.0,0.0,0.0,0.0,0.0,0.0
26zzh5ajb8zcugzhnvdp_0003,0.40540540540540543,15,37	-0.49344,-1.43805,0.30507,-0.02478,-0.7773,1.08171,1.33634,1.41855,1.09779,0.45904,42.06035,49.20085,299.57897,48.45553,0.3,0.3,0.0,0.0,0.0,0.0,0.0,0.0,0.40540,0,0,21.33698,-0.96,0.19357,0.0,1.0,1.0,0.0,0.0,0.0
7o82qo7phm0qwskhptg_0003,0.39473684210526316,15,38	-0.49344,-1.43805,3.42599,-0.12371,-1.09221,1.71322,1.53871,0.8635,0.85194,0.35001,56.0969,46.85537,137.44419,56.99692,0.3,0.3,0.0,0.0,0.0,0.0,0.0,0.0,0.39473,0,0,4.19474,-1.58,0.40635,0.0,0.0,0.0,0.0,0.0,0.0
27j5p5hructxdhuv8th8_0001,0.3888888888888889,14,36	-0.49344,-1.43805,0.16784,-1.56061,-1.34496,0.11412,0.74518,1.37109,0.65488,0.3704,46.4764,58.1542,241.34341,51.11423,0.3,0.3,0.0,0.0,0.0,0.0,0.0,0.0,0.38888,0,0,2.0045,-0.59999,0.60798,0.0,0.0,1.0,1.0,0.0,0.0
27az0bh6d0y5i6c4mcpq_0016,0.3888888888888889,14,36	-0.49344,-1.43805,-0.68642,0.50963,-1.07979,-1.51408,1.22909,0.94682,1.23409,0.43591,44.41114,42.12993,299.43413,300.21969,0.3,0.3,0.0,0.0,0.0,0.0,0.0,0.0,0.38888,0,0,1.787,-0.92,0.72173,0.0,0.0,1.0,0.0,0.0,0.0
25sfwqbiaape94zp2pkr_0000,0.3888888888888889,14,36	-0.49344,-1.43805,-1.30104,-0.0726,-0.84575,-0.46362,1.58263,1.30753,1.33114,0.39732,52.51016,41.19252,314.3237,124.64109,0.3,0.3,0.0,0.0,0.0,0.0,0.0,0.0,0.38888,0,0,0.78774,-1.74,1.44828,0.0,0.0,1.0,1.0,0.0,0.0
7w40h0jsdscwhprtz04_0001,0.3888888888888889,14,36	-0.49344,-1.43805,0.64034,-0.15336,-0.43293,1.35575,0.87078,1.54805,1.15951,0.29,44.78965,49.75217,308.97465,232.86537,0.3,0.3,0.0,0.0,0.0,0.0,0.0,0.0,0.38888,0,0,2.15053,-1.06,0.69769,0.0,0.0,1.0,1.0,0.0,0.0
247ne6dbmxy5qohpu3o5_0004,0.3883495145631068,40,103	-0.49344,-1.43805,-0.45779,-0.05755,-1.00024,0.47069,1.12387,0.86871,1.21673,0.35463,46.58327,57.54186,55.90323,59.91575,0.3,0.3,0.0,0.0,0.0,0.0,0.0,0.0,0.38834,0,0,1.29311,-1.16,0.91352,0.0,0.0,1.0,1.0,0.0,0.0
7olzjyway1ch66ilfb3_0008,0.3783783783783784,14,37	-0.49344,-1.43805,-0.53309,-0.99434,-1.28575,-0.41774,0.71928,1.4904,0.66425,0.31762,56.4909,38.83673,313.72703,302.46587,0.3,0.3,0.0,0.0,0.0,0.0,0.0,0.0,0.37837,0,0,7.68564,-0.74,0.30218,0.0,0.0,1.0,0.0,0.0,0.0
247ne6dbmxy5qohpu3o5_0027,0.3783783783783784,14,37	-0.49344,-1.43805,0.44411,-1.0586,-0.4635,-0.34219,1.07775,0.72658,0.90838,0.42012,58.03639,56.76846,118.23581,52.65865,0.3,0.3,0.0,0.0,0.0,0.0,0.0,0.0,0.37837,0,0,1.85167,-1.16,0.70048,0.0,0.0,1.0,0.0,0.0,0.0
26zzh5ajb8zcugzhnvdp_0002,0.37142857142857144,13,35	-0.49344,-1.43805,0.30507,-0.02478,-0.7773,1.08171,1.33634,1.41855,0.91972,0.40196,42.06035,49.20085,299.57897,48.45553,0.3,0.3,0.0,0.0,0.0,0.0,0.0,0.0,0.37142,0,0,21.33698,-0.96,0.19357,0.0,1.0,1.0,1.0,0.0,0.0
7padnxbh7d2y9jl0gis_0000,0.3611111111111111,13,36	-0.49344,-1.43805,2.43316,0.04946,-0.72759,1.52104,1.36527,1.46389,0.91629,0.29017,48.82289,56.55028,47.92047,317.58212,0.3,0.3,0.0,0.0,0.0,0.0,0.0,0.0,0.36111,0,0,13.42624,-1.6,0.23901,0.0,0.0,0.0,0.0,0.0,0.0
7o10iqv5191hi5l1eo9_0004,0.35135135135135137,13,37	-0.49344,-1.43805,0.06616,0.31934,-0.68838,-0.16826,1.39164,1.51159,1.00397,0.45764,54.53712,41.12219,310.20703,302.43827,0.3,0.3,0.0,0.0,0.0,0.0,0.0,0.0,0.35135,0,0,8.95439,-1.04,0.32529,0.0,0.0,1.0,1.0,0.0,0.0
247ne6dbmxy5qohpu3o5_0007,0.35135135135135137,13,37	-0.49344,-1.43805,-0.80065,-0.32539,-0.84627,-0.34219,0.67765,1.43676,0.89473,0.47933,45.75613,54.05381,316.31602,303.11348,0.3,0.3,0.0,0.0,0.0,0.0,0.0,0.0,0.35135,0,0,512.92706,-0.94,0.03347,0.0,0.0,1.0,1.0,0.0,0.0
7olzjyway1ch66ilfb3_0006,0.34285714285714286,12,35	-0.49344,-1.43805,1.55675,-0.13004,-0.59123,1.68756,1.45419,1.35284,0.81601,0.34994,44.30531,49.08224,229.13724,135.33175,0.3,0.3,0.0,0.0,0.0,0.0,0.0,0.0,0.34285,0,0,7.07648,-1.06,0.34213,0.0,0.0,1.0,1.0,0.0,0.0
27az0bh6d0y5i6c4mcpq_0008,0.3333333333333333,12,36	-0.49344,-1.43805,-0.5545,0.17659,-0.97267,0.36985,0.962,1.5642,0.78206,0.46402,52.26552,48.08074,314.17262,233.44117,0.3,0.3,0.0,0.0,0.0,0.0,0.0,0.0,0.33333,0,0,6.51534,-0.9,0.36162,0.0,0.0,1.0,1.0,0.0,0.0
247ne6dbmxy5qohpu3o5_0003,0.3333333333333333,12,36	-0.49344,-1.43805,1.3154,-1.25869,-1.14307,-0.34219,1.39299,1.35304,1.32134,0.382,60.13569,58.42537,123.32479,57.61064,0.3,0.3,0.0,0.0,0.0,0.0,0.0,0.0,0.33333,0,0,2.29593,-0.9,0.63556,0.0,0.0,1.0,1.0,0.0,0.0
247ne6dbmxy5qohpu3o5_0026,0.3333333333333333,12,36	-0.49344,-1.43805,1.65892,0.03101,-1.10197,-0.34219,1.49718,1.38767,1.25915,0.43948,56.73763,51.40853,316.70644,131.09924,0.3,0.3,0.0,0.0,0.0,0.0,0.0,0.0,0.33333,0,0,2.26801,-1.52,0.70162,0.0,0.0,1.0,0.0,0.0,0.0
7uat6fwaqr8eyodwd3y_0010,0.3333333333333333,12,36	-0.49344,-1.43805,-1.64606,-0.09385,-0.4337,0.37075,1.13116,1.50227,0.77464,0.32464,54.59602,55.59537,299.88427,120.72694,0.3,0.3,0.0,0.0,0.0,0.0,0.0,0.0,0.33333,0,0,5.70676,-1.22,0.38241,0.0,0.0,1.0,0.0,0.0,0.0
7w40h0jsdscwhprtz04_0002,0.3333333333333333,12,36	-0.49344,-1.43805,2.46042,0.13634,-1.20351,1.29009,1.07828,0.92281,1.23392,0.32061,46.79075,56.66191,228.58267,128.30206,0.3,0.3,0.0,0.0,0.0,0.0,0.0,0.0,0.33333,0,0,2.42247,-1.28,0.52474,0.0,0.0,1.0,0.0,0.0,0.0
25k0wr8o8rlwkgfx61ya_0001,0.3142857142857143,11,35	-0.49344,-1.43805,0.11181,-0.14956,-0.12366,-1.42885,1.44959,1.22567,1.23097,0.34942,52.36639,51.00177,119.2239,138.04388,0.3,0.3,0.0,0.0,0.0,0.0,0.0,0.0,0.31428,0,0,4.18442,-1.44,0.50923,0.0,0.0,0.0,0.0,0.0,0.0
7m0c94o7h0uaht09ogv_0002,0.3055555555555556,11,36	-0.49344,-1.43805,1.92774,0.08963,-0.27199,1.69343,1.05505,1.11207,1.229,0.33042,57.16199,48.23208,55.20887,309.51651,0.3,0.3,0.0,0.0,0.0,0.0,0.0,0.0,0.30555,0,0,26.87669,-2.09999,0.15526,0.0,0.0,1.0,0.0,0.0,0.0
247ne6dbmxy5qohpu3o5_0035,0.3055555555555556,11,36	-0.49344,-1.43805,0.9606,-0.02629,-1.79609,0.47069,0.99935,1.50659,1.00838,0.3416,60.74396,51.40766,302.63622,306.61121,0.3,0.3,0.0,0.0,0.0,0.0,0.0,0.0,0.30555,0,0,4.86219,-0.76,0.39818,0.0,0.0,1.0,0.0,0.0,0.0
7uat6fwaqr8eyodwd3y_0013,0.3055555555555556,11,36	-0.49344,-1.43805,-0.34072,0.03119,-1.05025,0.37075,0.81403,1.19457,1.25321,0.44724,56.03022,39.74963,52.32001,302.74608,0.3,0.3,0.0,0.0,0.0,0.0,0.0,0.0,0.30555,0,0,2.30647,-1.08,0.63503,0.0,0.0,1.0,0.0,0.0,0.0
7s7m11cywtfvh8l8mc5_0001,0.3055555555555556,11,36	-0.49344,-1.43805,0.4757,-0.39144,-0.18507,0.52477,1.22481,1.25532,1.26105,0.36772,56.08148,50.87131,236.70528,317.00374,0.3,0.3,0.0,0.0,0.0,0.0,0.0,0.0,0.30555,0,0,1.28732,-2.11999,1.06633,0.0,0.0,1.0,0.0,0.0,0.0
27hmlqr8etiu6ea2pxma_0003,0.3055555555555556,11,36	-0.49344,-1.43805,0.00122,0.33698,-1.4265,-1.32524,1.11613,1.28081,1.13444,0.3589,51.75,53.09183,44.72049,238.62421,0.3,0.3,0.0,0.0,0.0,0.0,0.0,0.0,0.30555,0,0,3.54277,-0.8,0.50178,0.0,1.0,0.0,0.0,0.0,0.0
7o10iqv5191hi5l1eo9_0009,0.2777777777777778,10,36	-0.49344,-1.43805,1.55172,-0.91606,-0.95306,-0.16826,1.14963,1.3138,1.29877,0.36083,56.94339,56.70754,96.82758,180.0,0.3,0.3,0.0,0.0,0.0,0.0,0.0,0.0,0.27777,0,0,0.80828,-1.4,1.23851,0.0,1.0,1.0,0.0,0.0,0.0
27az0bh6d0y5i6c4mcpq_0012,0.2777777777777778,10,36	-0.49344,-1.43805,1.08126,0.62923,-1.38008,1.82374,1.42094,1.40918,1.29941,0.45052,52.93474,42.28007,306.3332,128.4901,0.3,0.3,0.0,0.0,0.0,0.0,0.0,0.0,0.27777,0,0,0.75537,-0.98,1.37435,0.0,0.0,1.0,1.0,0.0,0.0
27az0bh6d0y5i6c4mcpq_0030,0.2777777777777778,10,36	-0.49344,-1.43805,1.48848,0.4105,-1.56901,0.36985,1.26535,1.46027,0.94661,0.38147,51.45308,45.62781,310.71193,59.45494,0.3,0.3,0.0,0.0,0.0,0.0,0.0,0.0,0.27777,0,0,1.04399,-1.1,1.04304,0.0,0.0,1.0,0.0,0.0,0.0
247ne6dbmxy5qohpu3o5_0025,0.2777777777777778,10,36	-0.49344,-1.43805,-0.01662,0.52023,-0.65442,0.8414,1.06486,1.34447,1.0251,0.3732,50.30352,56.92847,119.78785,45.54564,0.3,0.3,0.0,0.0,0.0,0.0,0.0,0.0,0.27777,0,0,3.98236,-1.28,0.50262,0.0,0.0,1.0,0.0,0.0,0.0
7s7m11cywtfvh8l8mc5_0003,0.2702702702702703,10,37	-0.49344,-1.43805,0.34743,-0.46503,-0.14555,0.52477,1.30461,1.40657,1.06272,0.41987,56.364,56.81144,57.19462,308.52963,0.3,0.3,0.0,0.0,0.0,0.0,0.0,0.0,0.27027,0,0,8.81846,-1.2,0.32256,0.0,0.0,1.0,0.0,0.0,0.0
247ne6dbmxy5qohpu3o5_0020,0.2571428571428571,9,35	-0.49344,-1.43805,-0.15926,-0.7166,-0.26029,-1.83844,1.51279,1.38637,1.07415,0.29598,52.81502,45.71518,57.22077,51.75175,0.3,0.3,0.0,0.0,0.0,0.0,0.0,0.0,0.25714,0,0,7.8184,-1.12,0.35368,0.0,0.0,1.0,0.0,0.0,0.0
1n2voel1y05zac0u6ah1_0011,0.2571428571428571,9,35	-0.49344,-1.43805,0.18449,0.26206,-0.08981,-0.17777,0.64417,0.77323,1.23836,0.44453,59.45702,49.8345,121.9744,42.38969,0.3,0.3,0.0,0.0,0.0,0.0,0.0,0.0,0.25714,0,0,0.48247,-0.3,1.50725,0.0,0.0,1.0,0.0,0.0,0.0
7olzjyway1ch66ilfb3_0002,0.25,9,36	-0.49344,-1.43805,-0.17874,0.07051,-0.20391,1.68756,1.58403,0.75607,1.12064,0.37903,44.5967,55.0585,308.86984,240.31177,0.3,0.3,0.0,0.0,0.0,0.0,0.0,0.0,0.25,0,0,2.36529,-1.62,0.70199,0.0,0.0,1.0,2.0,0.0,0.0
7olzjyway1ch66ilfb3_0012,0.25,9,36	-0.49344,-1.43805,-1.30761,0.09065,-0.25565,-0.98984,1.56437,1.22756,0.71037,0.44592,60.7039,44.97937,135.4067,316.23335,0.3,0.3,0.0,0.0,0.0,0.0,0.0,0.0,0.25,0,0,6.43018,-1.34,0.37715,0.0,0.0,1.0,0.0,0.0,0.0
7oja001y59vewwbe94y_0004,0.25,9,36	-0.49344,-1.43805,4.11574,0.28303,-0.48776,1.39183,1.42261,0.93819,0.98883,0.34435,59.35523,55.03009,230.13161,230.56773,0.3,0.3,0.0,0.0,0.0,0.0,0.0,0.0,0.25,0,0,1.57493,-2.49999,0.74597,0.0,0.0,1.0,0.0,0.0,0.0
7n72jp3yn5f2437wcaz_0011,0.25,9,36	-0.49344,-1.43805,1.44913,-1.41388,-0.26894,1.3831,1.383,1.37666,1.32099,0.38762,48.22995,55.88923,119.68142,43.72411,0.3,0.3,0.0,0.0,0.0,0.0,0.0,0.0,0.25,0,0,0.60957,-1.14,1.54272,0.0,0.0,0.0,0.0,0.0,0.0
247ne6dbmxy5qohpu3o5_0033,0.25,9,36	-0.49344,-1.43805,0.41233,-0.6234,-0.14631,0.47069,1.44283,0.96596,0.72241,0.33683,52.67005,50.09584,231.9399,315.48829,0.3,0.3,0.0,0.0,0.0,0.0,0.0,0.0,0.25,0,0,5.43261,-1.3,0.41476,0.0,0.0,1.0,0.0,0.0,0.0
247ne6dbmxy5qohpu3o5_0034,0.25,9,36	-0.49344,-1.43805,-0.20215,-0.98849,-0.1642,0.47069,1.1722,1.16403,0.84307,0.35706,49.34575,51.67801,238.08598,130.77232,0.3,0.3,0.0,0.0,0.0,0.0,0.0,0.0,0.25,0,0,0.92248,-1.08,1.25635,0.0,0.0,1.0,0.0,0.0,0.0
7uat6fwaqr8eyodwd3y_0004,0.25,9,36	-0.49344,-1.43805,1.2577,-0.10029,-1.30924,0.37075,1.52882,1.29445,0.92594,0.39021,52.65316,44.68525,305.60655,306.92765,0.3,0.3,0.0,0.0,0.0,0.0,0.0,0.0,0.25,0,0,4.03358,-1.08,0.48557,0.0,0.0,1.0,1.0,0.0,0.0
7uat6fwaqr8eyodwd3y_0014,0.25,9,36	-0.49344,-1.43805,0.33463,-0.29155,-1.29871,0.37075,0.68253,1.43422,0.80958,0.41523,50.34495,54.32689,43.52875,310.59999,0.3,0.3,0.0,0.0,0.0,0.0,0.0,0.0,0.25,0,0,52.13385,-0.76,0.10721,0.0,0.0,1.0,0.0,0.0,0.0
7olzjyway1ch66ilfb3_0010,0.24324324324324326,9,37	-0.49344,-1.43805,0.3691,-1.8119,-0.56217,-0.41774,1.23448,1.1384,0.86671,0.38652,60.2351,50.8424,123.63204,47.36967,0.3,0.3,0.0,0.0,0.0,0.0,0.0,0.0,0.24324,0,0,0.88815,-0.63999,1.08835,0.0,0.0,1.0,0.0,0.0,0.0
7m1b8twsqa4vqelo3c4_0002,0.24324324324324326,9,37	-0.49344,-1.43805,0.47633,0.30975,0.24976,-0.07266,1.08936,0.80343,1.02543,0.35345,48.86849,55.30936,306.43375,129.71039,0.3,0.3,0.0,0.0,0.0,0.0,0.0,0.0,0.24324,0,0,19.67148,-2.47999,0.18344,0.0,0.0,0.0,0.0,0.0,0.0
26zzh5ajb8zcugzhnvdp_0007,0.24324324324324326,9,37	-0.49344,-1.43805,-0.17873,-0.97343,0.00375,0.45668,1.08435,1.36615,1.33452,0.43985,51.82651,58.11798,58.62983,128.24727,0.3,0.3,0.0,0.0,0.0,0.0,0.0,0.0,0.24324,0,0,1.00036,-1.08,1.20517,0.0,0.0,0.0,0.0,0.0,0.0
7oja001y59vewwbe94y_0005,0.23684210526315788,9,38	-0.49344,-1.43805,4.73856,0.28303,-0.48776,1.39183,1.54811,1.37382,0.98883,0.34435,59.35523,55.03009,230.13161,230.56773,0.3,0.3,0.0,0.0,0.0,0.0,0.0,0.0,0.23684,0,0,1.67372,-2.43999,0.75469,0.0,1.0,0.0,0.0,0.0,0.0
1n2voel1y05zac0u6ah1_0004,0.22857142857142856,8,35	-0.49344,-1.43805,1.35173,-1.18392,-1.50702,-1.18007,1.13193,1.51676,1.33706,0.39652,60.58501,52.46084,46.49142,124.53492,0.3,0.3,0.0,0.0,0.0,0.0,0.0,0.0,0.22857,0,0,0.69534,-0.86,1.2673,0.0,0.0,1.0,0.0,0.0,0.0
7o82qo7phm0qwskhptg_0001,0.2222222222222222,8,36	-0.49344,-1.43805,1.08339,0.16727,-1.69082,1.93321,1.2714,1.04411,1.07776,0.4849,53.95168,45.91879,50.53039,122.67751,0.3,0.3,0.0,0.0,0.0,0.0,0.0,0.0,0.22222,0,0,2.7193,-0.86,0.54511,0.0,0.0,0.0,0.0,0.0,0.0
7w54p7cs0sd4mu4p85c_0003,0.2222222222222222,8,36	-0.49344,-1.43805,-0.46306,0.56193,0.09376,-1.26791,1.45826,0.71428,1.06819,0.38398,51.63818,52.76507,44.40569,317.49985,0.3,0.3,0.0,0.0,0.0,0.0,0.0,0.0,0.22222,0,0,0.61521,-0.26,1.57357,0.0,0.0,0.0,0.0,0.0,0.0
7m0c94o7h0uaht09ogv_0001,0.2222222222222222,8,36	-0.49344,-1.43805,0.42218,-0.66342,0.33674,1.69343,0.97827,1.23734,1.21395,0.39701,45.70883,55.09328,306.04108,53.25494,0.3,0.3,0.0,0.0,0.0,0.0,0.0,0.0,0.22222,0,0,0.4145,-0.18,1.53054,0.0,0.0,1.0,0.0,0.0,0.0
7m0c94o7h0uaht09ogv_0007,0.2222222222222222,8,36	-0.49344,-1.43805,0.81611,-0.06831,-0.59389,0.6236,0.87059,0.79483,1.02028,0.33477,54.99937,46.96179,225.3418,236.64082,0.3,0.3,0.0,0.0,0.0,0.0,0.0,0.0,0.22222,0,0,89.76394,-1.24,0.07731,0.0,0.0,0.0,0.0,0.0,0.0
26pj1403gakkw6sif1t0_0000,0.2222222222222222,8,36	-0.49344,-1.43805,3.907,-0.00137,-0.4462,0.77662,1.52766,1.36695,1.07561,0.29565,54.43929,46.02936,50.06933,232.54045,0.3,0.3,0.0,0.0,0.0,0.0,0.0,0.0,0.22222,0,0,28.66262,-2.31999,0.15654,0.0,0.0,0.0,0.0,0.0,0.0
27az0bh6d0y5i6c4mcpq_0013,0.2222222222222222,8,36	-0.49344,-1.43805,0.25099,0.09996,-0.81811,0.36985,1.47005,0.69728,1.23151,0.31726,52.66905,40.07839,302.28616,225.23104,0.3,0.3,0.0,0.0,0.0,0.0,0.0,0.0,0.22222,0,0,2.19214,-1.26,0.69591,0.0,0.0,1.0,1.0,0.0,0.0
7olzjyway1ch66ilfb3_0020,0.21621621621621623,8,37	-0.49344,-1.43805,1.65793,-0.22658,-0.82719,1.68756,1.20803,1.47714,1.35163,0.44335,52.86846,47.30761,45.12502,225.73528,0.3,0.3,0.0,0.0,0.0,0.0,0.0,0.0,0.21621,0,0,0.65966,-2.25999,1.54242,0.0,0.0,1.0,0.0,0.0,0.0
7o10iqv5191hi5l1eo9_0002,0.21621621621621623,8,37	-0.49344,-1.43805,-0.50015,-0.07574,-0.17214,-0.16826,0.70684,1.40817,1.35363,0.33658,41.21929,55.85934,311.8613,130.84839,0.3,0.3,0.0,0.0,0.0,0.0,0.0,0.0,0.21621,0,0,0.59315,0.0,1.60558,0.0,0.0,1.0,1.0,0.0,0.0
7o10iqv5191hi5l1eo9_0010,0.21621621621621623,8,37	-0.49344,-1.43805,0.62498,1.30152,-0.65365,-0.16826,1.41044,1.5474,1.20349,0.47544,47.11094,58.02692,124.18797,46.19818,0.3,0.3,0.0,0.0,0.0,0.0,0.0,0.0,0.21621,0,0,0.61733,0.0,1.6479,0.0,0.0,1.0,0.0,0.0,0.0
27az0bh6d0y5i6c4mcpq_0004,0.21621621621621623,8,37	-0.49344,-1.43805,-0.0243,-0.05635,-0.78938,0.36985,1.45786,0.96046,1.33272,0.35149,51.86105,49.05708,49.63696,126.8098,0.3,0.3,0.0,0.0,0.0,0.0,0.0,0.0,0.21621,0,0,2.33613,-1.08,0.68427,0.0,0.0,1.0,1.0,0.0,0.0
7yqe1d52i50e8nlv2rm_0001,0.2,7,35	-0.49344,-1.43805,2.25217,-0.69712,-0.88326,-0.14047,1.11568,1.41891,1.13361,0.45904,54.20614,39.60249,123.54943,230.61304,0.3,0.3,0.0,0.0,0.0,0.0,0.0,0.0,0.2,0,0,1.28204,-1.86,0.92485,0.0,0.0,1.0,0.0,0.0,0.0
7n72jp3yn5f2437wcaz_0000,0.2,7,35	-0.49344,-1.43805,3.74204,-0.2297,-0.24654,2.06382,1.22217,1.03108,0.753,0.4817,50.13999,54.20724,59.15958,49.41402,0.3,0.3,0.0,0.0,0.0,0.0,0.0,0.0,0.2,0,0,1.58078,-1.74,0.68099,0.0,0.0,0.0,0.0,0.0,0.0
7o82qo7phm0qwskhptg_0000,0.19444444444444445,7,36	-0.49344,-1.43805,-1.16974,-0.48642,-0.11803,-2.00846,1.37792,1.12706,1.00753,0.41739,49.37526,42.59754,124.37839,120.01186,0.3,0.3,0.0,0.0,0.0,0.0,0.0,0.0,0.19444,0,0,3.74731,-1.38,0.50583,0.0,0.0,0.0,0.0,0.0,0.0
7yqe1d52i50e8nlv2rm_0002,0.19444444444444445,7,36	-0.49344,-1.43805,-0.21326,-0.75711,-0.74667,-0.14047,1.39762,1.15827,1.07798,0.35875,47.87026,55.65863,46.04962,126.40142,0.3,0.3,0.0,0.0,0.0,0.0,0.0,0.0,0.19444,0,0,2.21824,-1.02,0.71103,0.0,0.0,1.0,0.0,0.0,0.0
7m0c94o7h0uaht09ogv_0005,0.19444444444444445,7,36	-0.49344,-1.43805,2.51815,-0.74629,-0.63252,1.69343,0.87006,1.29419,0.71377,0.32703,41.80632,53.28796,225.84049,56.59969,0.3,0.3,0.0,0.0,0.0,0.0,0.0,0.0,0.19444,0,0,2.33784,-1.18,0.53681,0.0,0.0,1.0,1.0,0.0,0.0
27az0bh6d0y5i6c4mcpq_0006,0.19444444444444445,7,36	-0.49344,-1.43805,-0.08175,0.61817,-1.86306,1.82374,1.27119,1.40082,1.12956,0.30062,55.50482,49.69064,62.17437,223.61472,0.3,0.3,0.0,0.0,0.0,0.0,0.0,0.0,0.19444,0,0,2.15747,-0.65999,0.66616,0.0,0.0,1.0,1.0,0.0,0.0
247ne6dbmxy5qohpu3o5_0022,0.19444444444444445,7,36	-0.49344,-1.43805,0.85116,-0.10405,-1.11201,0.8414,1.14968,1.07163,0.9156,0.31501,46.79327,40.84342,45.94416,237.0646,0.3,0.3,0.0,0.0,0.0,0.0,0.0,0.0,0.19444,0,0,3.1758,-0.78,0.48959,0.0,0.0,1.0,0.0,0.0,0.0
247ne6dbmxy5qohpu3o5_0032,0.19444444444444445,7,36	-0.49344,-1.43805,-0.3639,0.02702,-0.33841,0.47069,1.13813,1.47958,1.20295,0.35837,41.45557,45.14218,43.27914,222.27071,0.3,0.3,0.0,0.0,0.0,0.0,0.0,0.0,0.19444,0,0,11.06241,-1.34,0.28041,0.0,0.0,1.0,0.0,0.0,0.0
27bjdz5gqt5y7anif0qn_0005,0.1891891891891892,7,37	-0.49344,-1.43805,-0.13588,0.44903,0.25375,0.06796,1.4857,1.54293,1.2378,0.49093,51.8261,44.27363,127.14071,221.96353,0.3,0.3,0.0,0.0,0.0,0.0,0.0,0.0,0.18918,0,0,20.63057,-1.78,0.20453,0.0,0.0,0.0,0.0,0.0,0.0
247ne6dbmxy5qohpu3o5_0006,0.1891891891891892,7,37	-0.49344,-1.43805,1.89823,0.30377,-0.99824,0.8414,0.78126,1.15657,1.08865,0.46657,55.2404,40.99587,227.01027,316.72936,0.3,0.3,0.0,0.0,0.0,0.0,0.0,0.0,0.18918,0,0,2.08461,-1.32,0.59968,0.0,0.0,1.0,1.0,0.0,0.0
247ne6dbmxy5qohpu3o5_0009,0.1891891891891892,7,37	-0.49344,-1.43805,1.52005,-0.75458,-1.0738,0.8414,1.11536,1.31848,1.32758,0.42642,49.93657,41.87842,131.21713,226.22538,0.3,0.3,0.0,0.0,0.0,0.0,0.0,0.0,0.18918,0,0,5.60011,-1.08,0.37134,0.0,0.0,1.0,1.0,0.0,0.0
247ne6dbmxy5qohpu3o5_0030,0.1891891891891892,7,37	-0.49344,-1.43805,-1.02208,-0.26359,-1.13436,-0.34219,1.56568,0.93413,1.10308,0.44893,41.14558,49.26704,233.54212,230.83856,0.3,0.3,0.0,0.0,0.0,0.0,0.0,0.0,0.18918,0,0,3.6911,-1.16,0.50404,0.0,0.0,1.0,0.0,0.0,0.0
7uat6fwaqr8eyodwd3y_0006,0.1891891891891892,7,37	-0.49344,-1.43805,0.16893,0.33152,-0.83267,-1.91184,0.75167,0.67339,1.31243,0.43644,42.76128,56.76246,43.12671,227.82385,0.3,0.3,0.0,0.0,0.0,0.0,0.0,0.0,0.18918,0,0,1.29003,-1.32,0.82861,0.0,0.0,1.0,0.0,0.0,0.0
26zzh5ajb8zcugzhnvdp_0004,0.1891891891891892,7,37	-0.49344,-1.43805,0.30507,-0.02478,-0.7773,1.08171,0.95801,1.20789,0.91972,0.40196,42.06035,49.20085,119.57897,48.45553,0.3,0.3,0.0,0.0,0.0,0.0,0.0,0.0,0.18918,0,0,14.54315,-1.06,0.22363,0.0,0.0,1.0,0.0,0.0,0.0
27hmlqr8etiu6ea2pxma_0004,0.1891891891891892,7,37	-0.49344,-1.43805,-0.01549,0.26399,-1.15105,-1.25327,1.26959,1.13091,0.83368,0.37822,56.96165,49.41469,309.15744,318.84559,0.3,0.3,0.0,0.0,0.0,0.0,0.0,0.0,0.18918,0,0,5.04355,-0.9,0.41822,0.0,0.0,0.0,0.0,0.0,0.0
25ouxpkluhlyp1my07gq_0002,0.1891891891891892,7,37	-0.49344,-1.43805,-0.03172,1.15923,-0.34331,0.97702,0.73022,1.47984,1.27281,0.45944,48.41692,54.32257,127.51587,126.36003,0.3,0.3,0.0,0.0,0.0,0.0,0.0,0.0,0.18918,0,0,0.50366,0.0,1.52139,0.0,0.0,0.0,0.0,0.0,0.0
247ne6dbmxy5qohpu3o5_0012,0.17142857142857143,6,35	-0.49344,-1.43805,2.18448,-0.18426,-1.31887,0.47069,1.33997,0.92582,1.0262,0.40333,57.64519,57.38246,302.12026,128.59123,0.3,0.3,0.0,0.0,0.0,0.0,0.0,0.0,0.17142,0,0,4.76531,-1.2,0.38284,0.0,0.0,1.0,1.0,0.0,0.0
22ydbpmdxpszditrpj48_0006,0.16666666666666666,6,36	-0.49344,-1.43805,-0.20849,-1.72703,-0.54948,1.39409,1.38994,0.65505,1.32793,0.34488,45.53456,39.68795,134.19054,230.12452,0.3,0.3,0.0,0.0,0.0,0.0,0.0,0.0,0.16666,0,0,0.84764,-0.65999,1.06397,0.0,0.0,1.0,0.0,0.0,0.0
22ydbpmdxpszditrpj48_0007,0.16666666666666666,6,36	-0.49344,-1.43805,-0.48028,0.29866,-1.80369,1.39409,1.38602,1.09244,1.34798,0.4237,44.37118,42.40409,304.60975,226.00321,0.3,0.3,0.0,0.0,0.0,0.0,0.0,0.0,0.16666,0,0,1.15182,-0.67999,0.93954,0.0,0.0,1.0,0.0,0.0,0.0
27az0bh6d0y5i6c4mcpq_0031,0.16666666666666666,6,36	-0.49344,-1.43805,0.68973,0.32544,-0.63961,0.36985,1.04583,1.48008,1.21833,0.37616,45.55679,53.30494,298.95031,312.95331,0.3,0.3,0.0,0.0,0.0,0.0,0.0,0.0,0.16666,0,0,3.27587,-1.5,0.57121,0.0,0.0,1.0,0.0,0.0,0.0
247ne6dbmxy5qohpu3o5_0000,0.16666666666666666,6,36	-0.49344,-1.43805,0.02804,-1.52537,-0.94356,0.8414,1.44308,1.42256,1.08315,0.42668,59.09153,55.68424,125.54909,306.45541,0.3,0.3,0.0,0.0,0.0,0.0,0.0,0.0,0.16666,0,0,2.5266,-0.72,0.64002,0.0,0.0,1.0,2.0,0.0,0.0
7uat6fwaqr8eyodwd3y_0001,0.16666666666666666,6,36	-0.49344,-1.43805,-0.35465,-0.18865,-0.62382,0.37075,0.99415,1.00568,1.10296,0.3448,41.56984,47.79138,43.70927,301.8155,0.3,0.3,0.0,0.0,0.0,0.0,0.0,0.0,0.16666,0,0,2.2402,-1.44,0.67389,0.0,0.0,1.0,1.0,0.0,0.0
7uat6fwaqr8eyodwd3y_0012,0.16666666666666666,6,36	-0.49344,-1.43805,0.04081,0.57353,-0.67767,0.37075,1.00114,1.40878,1.16977,0.3436,46.33486,40.52581,313.76846,128.02992,0.3,0.3,0.0,0.0,0.0,0.0,0.0,0.0,0.16666,0,0,1.57738,-1.34,0.90285,0.0,0.0,1.0,0.0,0.0,0.0
7m1b8twsqa4vqelo3c4_0000,0.16666666666666666,6,36	-0.49344,-1.43805,4.79623,0.4422,-0.3906,0.88549,1.27921,1.43747,1.21151,0.38176,55.41912,56.87896,50.01456,226.63507,0.3,0.3,0.0,0.0,0.0,0.0,0.0,0.0,0.16666,0,0,0.65069,-2.21999,1.21932,0.0,0.0,0.0,0.0,0.0,0.0
1n2voel1y05zac0u6ah1_0009,0.16666666666666666,6,36	-0.49344,-1.43805,2.03169,-1.69059,-1.21824,-0.17777,0.99691,1.52483,1.10391,0.40083,47.69884,42.22938,128.80203,239.36485,0.3,0.3,0.0,0.0,0.0,0.0,0.0,0.0,0.16666,0,0,0.48618,-0.94,1.39192,0.0,0.0,1.0,0.0,0.0,0.0
7o82qo7phm0qwskhptg_0002,0.16216216216216217,6,37	-0.49344,-1.43805,0.83691,-0.68864,-0.96981,0.26375,0.79831,0.81863,1.0335,0.29695,47.10299,52.5814,223.47017,131.03634,0.3,0.3,0.0,0.0,0.0,0.0,0.0,0.0,0.16216,0,0,5.95615,-1.04,0.32462,0.0,0.0,0.0,0.0,0.0,0.0
27j5p5hructxdhuv8th8_0005,0.16216216216216217,6,37	-0.49344,-1.43805,0.12325,-0.35921,-0.10462,0.11412,0.71349,1.03414,0.75005,0.37509,53.72445,40.79557,56.32624,316.59439,0.3,0.3,0.0,0.0,0.0,0.0,0.0,0.0,0.16216,0,0,1.02863,-2.02,1.10409,0.0,0.0,1.0,0.0,0.0,0.0
7n72jp3yn5f2437wcaz_0006,0.16216216216216217,6,37	-0.49344,-1.43805,2.34882,-0.2638,-1.29771,-2.15537,0.89982,0.85929,1.31734,0.43918,53.45749,58.1363,48.24549,316.35702,0.3,0.3,0.0,0.0,0.0,0.0,0.0,0.0,0.16216,0,0,1.08206,-1.56,0.83697,0.0,0.0,0.0,0.0,0.0,0.0
27az0bh6d0y5i6c4mcpq_0009,0.16216216216216217,6,37	-0.49344,-1.43805,0.44942,0.45441,-0.38822,-1.16467,1.36174,1.13461,1.24604,0.38827,46.05783,50.57086,315.32422,134.49743,0.3,0.3,0.0,0.0,0.0,0.0,0.0,0.0,0.16216,0,0,1.59885,-2.13999,0.92777,0.0,0.0,1.0,1.0,0.0,0.0
27a2xib10cv8xm1vy368_0001,0.16216216216216217,6,37	-0.49344,-1.43805,1.28342,-0.05078,-0.74722,1.87937,1.04253,0.93773,0.80919,0.34847,54.977,44.06841,302.52426,123.44215,0.3,0.3,0.0,0.0,0.0,0.0,0.0,0.0,0.16216,0,0,1.53762,-1.84,0.81884,0.0,0.0,0.0,0.0,0.0,0.0
27hmlqr8etiu6ea2pxma_0000,0.16216216216216217,6,37	-0.49344,-1.43805,0.00122,0.16861,-1.71543,-0.6136,1.18428,0.89095,1.13444,0.3589,51.76082,53.09183,44.41163,238.62421,0.3,0.3,0.0,0.0,0.0,0.0,0.0,0.0,0.16216,0,0,3.78997,-0.7,0.44113,0.0,0.0,0.0,0.0,0.0,0.0
1n2voel1y05zac0u6ah1_0007,0.16216216216216217,6,37	-0.49344,-1.43805,-0.26017,1.10336,-1.07315,-0.17777,1.32681,1.30122,1.31924,0.49165,48.07669,54.97987,240.6794,228.86202,0.3,0.3,0.0,0.0,0.0,0.0,0.0,0.0,0.16216,0,0,0.77389,-0.55999,1.2658,0.0,0.0,1.0,0.0,0.0,0.0
25ouxpkluhlyp1my07gq_0003,0.16216216216216217,6,37	-0.49344,-1.43805,1.20329,-0.24842,-0.28269,1.49357,1.00837,1.42624,1.26576,0.3429,56.53012,41.70848,230.27766,123.6898,0.3,0.3,0.0,0.0,0.0,0.0,0.0,0.0,0.16216,0,0,3.81252,-1.66,0.50021,0.0,0.0,0.0,0.0,0.0,0.0
27az0bh6d0y5i6c4mcpq_0000,0.14285714285714285,5,35	-0.49344,-1.43805,0.33603,0.18201,-0.59403,1.82374,0.96065,1.03214,1.19082,0.46858,53.8926,58.11856,49.24233,46.44665,0.3,0.3,0.0,0.0,0.0,0.0,0.0,0.0,0.14285,0,0,2.16063,-1.22,0.67314,0.0,0.0,1.0,2.0,0.0,0.0
25eddh3444hft6ao6vvj_0000,0.1388888888888889,5,36	-0.49344,-1.43805,-0.20306,0.5514,-1.674,-1.72925,1.0325,1.35227,1.34676,0.38939,57.78265,58.24404,224.41287,131.06464,0.3,0.3,0.0,0.0,0.0,0.0,0.0,0.0,0.13888,0,0,1.36157,-0.61999,0.81962,0.0,0.0,0.0,0.0,0.0,0.0
7olzjyway1ch66ilfb3_0013,0.1388888888888889,5,36	-0.49344,-1.43805,0.01768,1.17042,-1.21267,-0.98984,1.24727,0.83489,1.27584,0.33604,47.98622,45.72507,300.46152,304.45185,0.3,0.3,0.0,0.0,0.0,0.0,0.0,0.0,0.13888,0,0,0.68453,-0.57999,1.25807,0.0,0.0,1.0,0.0,0.0,0.0
7x1u48jqcqseot4arsf_0005,0.1388888888888889,5,36	-0.49344,-1.43805,0.33651,0.21304,-0.68599,-0.23828,1.52027,0.83638,1.12634,0.42663,46.45477,56.80247,45.51314,230.8934,0.3,0.3,0.0,0.0,0.0,0.0,0.0,0.0,0.13888,0,0,14.23982,-1.1,0.23346,0.0,0.0,1.0,0.0,0.0,0.0
7n72jp3yn5f2437wcaz_0001,0.1388888888888889,5,36	-0.49344,-1.43805,1.69728,-0.06089,-0.85725,2.13996,1.22416,1.35252,0.72342,0.40552,58.34468,56.40566,313.44021,54.04702,0.3,0.3,0.0,0.0,0.0,0.0,0.0,0.0,0.13888,0,0,2.27619,-1.84,0.68369,0.0,0.0,0.0,0.0,0.0,0.0
7n72jp3yn5f2437wcaz_0008,0.1388888888888889,5,36	-0.49344,-1.43805,-0.07802,-0.00169,-0.41561,-0.30425,1.38561,1.24896,0.91922,0.47416,50.34606,45.77994,44.60009,316.5088,0.3,0.3,0.0,0.0,0.0,0.0,0.0,0.0,0.13888,0,0,5.69927,-1.28,0.41701,0.0,0.0,0.0,0.0,0.0,0.0
27az0bh6d0y5i6c4mcpq_0003,0.1388888888888889,5,36	-0.49344,-1.43805,-0.59504,0.2721,-1.47086,1.82374,1.07197,0.91338,1.15984,0.38566,51.85811,49.79084,52.92691,224.99859,0.3,0.3,0.0,0.0,0.0,0.0,0.0,0.0,0.13888,0,0,1.299,-0.92,0.84661,0.0,0.0,1.0,1.0,0.0,0.0
27az0bh6d0y5i6c4mcpq_0005,0.1388888888888889,5,36	-0.49344,-1.43805,-0.36348,0.42149,-0.8724,-1.16467,0.95241,1.23584,1.01062,0.38569,51.25945,46.43877,46.11945,133.06238,0.3,0.3,0.0,0.0,0.0,0.0,0.0,0.0,0.13888,0,0,2.36082,-1.28,0.66392,0.0,0.0,1.0,1.0,0.0,0.0
7m1b8twsqa4vqelo3c4_0001,0.1388888888888889,5,36	-0.49344,-1.43805,-1.50152,0.28135,-0.30672,0.45924,1.35703,0.92903,1.29901,0.47854,48.05976,42.32412,133.95605,234.0682,0.3,0.3,0.0,0.0,0.0,0.0,0.0,0.0,0.13888,0,0,4.47247,-1.68,0.43996,0.0,0.0,0.0,0.0,0.0,0.0
7ytsk46mycr5hs5myqn_0026,0.1388888888888889,5,36	-0.49344,-1.43805,0.38953,0.22816,-0.85301,-1.90776,0.8364,1.25086,1.36736,0.71001,38.625,50.75,315.2795,149.81366,0.3,0.3,0.0,0.0,0.0,0.0,0.0,0.0,0.13888,0,0,8.63649,-1.06,0.29621,0.0,1.0,1.0,0.0,0.0,0.0
27bx63u5f3z2yxjjja14_0001,0.1388888888888889,5,36	-0.49344,-1.43805,0.90062,-0.53981,-0.67117,1.08171,0.81259,1.52635,1.28148,0.38213,43.875,41.9375,308.57142,199.00621,0.3,0.3,0.0,0.0,0.0,0.0,0.0,0.0,0.13888,0,0,1.73142,-1.48,0.81217,0.0,1.0,1.0,1.0,0.0,0.0
1n2voel1y05zac0u6ah1_0003,0.1388888888888889,5,36	-0.49344,-1.43805,2.2724,-0.06959,-1.22623,-0.17777,1.08698,1.13591,0.90713,0.46322,56.23953,41.02058,55.80051,311.7788,0.3,0.3,0.0,0.0,0.0,0.0,0.0,0.0,0.13888,0,0,4.79264,-1.26,0.37952,0.0,0.0,1.0,1.0,0.0,0.0
7olzjyway1ch66ilfb3_0011,0.13513513513513514,5,37	-0.49344,-1.43805,-0.16584,1.26839,-1.55143,-0.98984,0.86657,1.5484,1.18531,0.39134,44.04412,44.29874,307.45877,222.28082,0.3,0.3,0.0,0.0,0.0,0.0,0.0,0.0,0.13513,0,0,0.75631,-0.51999,1.17488,0.0,0.0,1.0,0.0,0.0,0.0
247ne6dbmxy5qohpu3o5_0031,0.13513513513513514,5,37	-0.49344,-1.43805,0.42895,-0.97624,-0.68656,0.47069,1.07166,1.3585,0.9559,0.32975,55.04294,49.74654,241.97999,44.23321,0.3,0.3,0.0,0.0,0.0,0.0,0.0,0.0,0.13513,0,0,4.98924,-0.94,0.42102,0.0,0.0,1.0,0.0,0.0,0.0
26zzh5ajb8zcugzhnvdp_0000,0.13513513513513514,5,37	-0.49344,-1.43805,0.30507,-0.02478,-0.7773,1.08171,1.10423,1.32872,0.91972,0.40196,42.06035,49.20085,119.57897,48.45553,0.3,0.3,0.0,0.0,0.0,0.0,0.0,0.0,0.13513,0,0,17.39858,-1.0,0.20924,0.0,1.0,1.0,1.0,0.0,0.0
7ytsk46mycr5hs5myqn_0031,0.13513513513513514,5,37	-0.49344,-1.43805,0.38953,-0.19754,-0.37416,-1.90776,0.68761,1.19696,0.92199,0.68106,38.625,47.9375,315.2795,118.50931,0.3,0.3,0.0,0.0,0.0,0.0,0.0,0.0,0.13513,0,0,185.33126,-1.2,0.05568,0.0,1.0,1.0,0.0,0.0,0.0
7n72jp3yn5f2437wcaz_0002,0.11428571428571428,4,35	-0.49344,-1.43805,0.82821,-0.32937,-1.13561,1.72737,0.7881,0.82943,1.06025,0.39848,53.74465,45.50187,47.97728,221.42537,0.3,0.3,0.0,0.0,0.0,0.0,0.0,0.0,0.11428,0,0,6.16503,-0.82,0.3026,0.0,0.0,0.0,0.0,0.0,0.0
7m0c94o7h0uaht09ogv_0004,0.11428571428571428,4,35	-0.49344,-1.43805,-0.44506,0.30394,0.4365,1.69343,1.51971,0.74841,0.82154,0.38137,44.35862,54.4869,306.76653,235.39841,0.3,0.3,0.0,0.0,0.0,0.0,0.0,0.0,0.11428,0,0,10.26816,-2.55999,0.2789,0.0,0.0,1.0,0.0,0.0,0.0
27az0bh6d0y5i6c4mcpq_0038,0.11428571428571428,4,35	-0.49344,-1.43805,-0.14292,0.5544,-1.12161,-1.16467,1.06666,0.7529,1.10519,0.39685,44.88662,58.18919,311.84659,60.34902,0.3,0.3,0.0,0.0,0.0,0.0,0.0,0.0,0.11428,0,0,1.28346,-0.94,0.85166,0.0,0.0,1.0,0.0,0.0,0.0
27bjdz5gqt5y7anif0qn_0001,0.1111111111111111,4,36	-0.49344,-1.43805,-1.9393,-0.6601,-1.31861,1.08171,1.29041,1.54754,1.21278,0.43429,46.14993,38.68341,240.39081,121.1674,0.3,0.3,0.0,0.0,0.0,0.0,0.0,0.0,0.11111,0,0,4.9109,-1.08,0.40987,0.0,0.0,0.0,1.0,0.0,0.0
7yqe1d52i50e8nlv2rm_0003,0.1111111111111111,4,36	-0.49344,-1.43805,1.11883,-1.12642,0.79681,-0.14047,1.59129,1.51267,1.09076,0.49303,53.67145,51.71172,312.95969,54.53095,0.3,0.3,0.0,0.0,0.0,0.0,0.0,0.0,0.11111,0,0,0.48918,-0.4,1.78987,0.0,0.0,1.0,0.0,0.0,0.0
7n72jp3yn5f2437wcaz_0003,0.1111111111111111,4,36	-0.49344,-1.43805,0.33709,0.05242,-1.80791,-1.00394,1.55326,0.87406,0.99709,0.30375,60.80742,45.50224,300.76463,238.42888,0.3,0.3,0.0,0.0,0.0,0.0,0.0,0.0,0.11111,0,0,2.29171,-0.7,0.62282,0.0,0.0,0.0,0.0,0.0,0.0
7n72jp3yn5f2437wcaz_0010,0.1111111111111111,4,36	-0.49344,-1.43805,0.00538,-1.56849,-1.73967,-1.94957,1.44927,0.68159,1.17077,0.47749,47.33919,54.80852,312.87178,315.12564,0.3,0.3,0.0,0.0,0.0,0.0,0.0,0.0,0.11111,0,0,1.92712,-0.51999,0.59649,0.0,0.0,0.0,0.0,0.0,0.0
22ydbpmdxpszditrpj48_0002,0.1111111111111111,4,36	-0.49344,-1.43805,1.11168,-0.75767,-1.25752,1.39409,0.75116,1.28277,0.67337,0.3538,58.89592,46.52886,129.75929,224.51668,0.3,0.3,0.0,0.0,0.0,0.0,0.0,0.0,0.11111,0,0,3.30586,-0.98,0.47657,0.0,0.0,1.0,1.0,0.0,0.0
7o10iqv5191hi5l1eo9_0012,0.1111111111111111,4,36	-0.49344,-1.43805,-0.53823,0.53151,-1.86424,-0.16826,0.98849,1.2463,1.18857,0.31826,47.61838,52.43705,229.07089,46.04234,0.3,0.3,0.0,0.0,0.0,0.0,0.0,0.0,0.11111,0,0,1.86026,-0.67999,0.65668,0.0,0.0,1.0,0.0,0.0,0.0
27az0bh6d0y5i6c4mcpq_0002,0.1111111111111111,4,36	-0.49344,-1.43805,-0.13326,0.49486,-1.69195,1.82374,1.37764,1.1219,0.9354,0.37687,58.69812,43.83427,51.38203,46.79762,0.3,0.3,0.0,0.0,0.0,0.0,0.0,0.0,0.11111,0,0,1.9488,-0.72,0.70373,0.0,0.0,1.0,2.0,0.0,0.0
27az0bh6d0y5i6c4mcpq_0017,0.1111111111111111,4,36	-0.49344,-1.43805,0.16963,0.77829,-1.10293,-1.51408,1.02582,1.35077,1.10217,0.32573,46.16931,57.53878,300.25281,312.31766,0.3,0.3,0.0,0.0,0.0,0.0,0.0,0.0,0.11111,0,0,0.68976,-0.51999,1.32923,0.0,0.0,1.0,0.0,0.0,0.0
27az0bh6d0y5i6c4mcpq_0021,0.1111111111111111,4,36	-0.49344,-1.43805,2.64798,0.27365,-0.68988,1.91729,1.09673,1.41876,0.84768,0.38113,44.64882,48.17652,313.57705,228.90018,0.3,0.3,0.0,0.0,0.0,0.0,0.0,0.0,0.11111,0,0,1.50001,-2.75999,0.86065,0.0,0.0,1.0,0.0,0.0,0.0
27az0bh6d0y5i6c4mcpq_0029,0.1111111111111111,4,36	-0.49344,-1.43805,0.24376,1.03205,-1.3466,1.82374,1.03856,1.54882,1.33501,0.43839,50.48473,57.80431,316.07539,310.07645,0.3,0.3,0.0,0.0,0.0,0.0,0.0,0.0,0.11111,0,0,1.08434,-0.74,1.05351,0.0,0.0,1.0,0.0,0.0,0.0
27az0bh6d0y5i6c4mcpq_0034,0.1111111111111111,4,36	-0.49344,-1.43805,2.95575,0.0778,-1.02903,0.36985,0.92535,1.24872,0.90857,0.33912,56.9689,50.73136,303.24315,42.51219,0.3,0.3,0.0,0.0,0.0,0.0,0.0,0.0,0.11111,0,0,1.57359,-1.9,0.73233,0.0,0.0,1.0,0.0,0.0,0.0
247ne6dbmxy5qohpu3o5_0029,0.1111111111111111,4,36	-0.49344,-1.43805,1.97315,-0.76279,-0.40359,-0.34219,1.58671,0.77326,1.02786,0.3685,48.67787,51.26958,127.56191,299.73535,0.3,0.3,0.0,0.0,0.0,0.0,0.0,0.0,0.11111,0,0,2.63534,-1.56,0.58429,0.0,0.0,1.0,0.0,0.0,0.0
7w40h0jsdscwhprtz04_0000,0.1111111111111111,4,36	-0.49344,-1.43805,-0.40372,0.33698,-0.37416,1.29009,1.27087,1.48443,1.20913,0.38825,41.25,44.75,232.54658,241.49068,0.3,0.3,0.0,0.0,0.0,0.0,0.0,0.0,0.11111,0,0,14.166,-1.24,0.24636,0.0,1.0,1.0,1.0,0.0,0.0
26vuhhoec5g1he2fxp0d_0001,0.1111111111111111,4,36	-0.49344,-1.43805,-0.34204,0.3054,-0.32066,-0.3339,0.64858,1.48601,1.25329,0.31883,52.29186,52.90357,300.48701,226.59799,0.3,0.3,0.0,0.0,0.0,0.0,0.0,0.0,0.11111,0,0,2.09627,-1.52,0.72272,0.0,0.0,1.0,0.0,0.0,0.0
26vuhhoec5g1he2fxp0d_0005,0.1111111111111111,4,36	-0.49344,-1.43805,-0.03987,0.20541,-0.72627,-1.24624,1.38598,1.47745,0.99042,0.39696,54.75,54.5,49.19254,181.11801,0.3,0.3,0.0,0.0,0.0,0.0,0.0,0.0,0.11111,0,0,1.63427,-1.1,0.92037,0.0,1.0,0.0,0.0,0.0,0.0
268acke6xjaw50qolzvc_0000,0.1111111111111111,4,36	-0.49344,-1.43805,4.63373,-0.32309,-0.92771,-1.32262,1.38226,1.11707,0.97208,0.37782,44.55339,42.94164,223.18595,318.8696,0.3,0.3,0.0,0.0,0.0,0.0,0.0,0.0,0.11111,0,0,2.13903,-2.15999,0.60136,0.0,0.0,0.0,0.0,0.0,0.0
7ytsk46mycr5hs5myqn_0013,0.1111111111111111,4,36	-0.49344,-1.43805,0.38953,-0.19754,-0.37416,-1.90776,0.90782,1.52036,0.92199,0.68106,38.25,47.9375,357.76397,118.50931,0.3,0.3,0.0,0.0,0.0,0.0,0.0,0.0,0.11111,0,0,202.59164,-1.1,0.05682,0.0,1.0,1.0,1.0,0.0,0.0
7ytsk46mycr5hs5myqn_0021,0.1111111111111111,4,36	-0.49344,-1.43805,0.38953,0.22816,-0.85301,-1.90776,1.2229,1.5163,1.11537,0.71001,42.97494,52.55521,297.79621,43.76791,0.3,0.3,0.0,0.0,0.0,0.0,0.0,0.0,0.11111,0,0,13.25755,-0.96,0.25176,0.0,1.0,0.0,0.0,0.0,0.0
7ytsk46mycr5hs5myqn_0047,0.1111111111111111,4,36	-0.49344,-1.43805,0.38953,-0.19754,-0.37416,-1.90776,0.83045,1.52036,1.19155,0.60062,38.25,43.0625,357.76397,167.70186,0.3,0.3,0.0,0.0,0.0,0.0,0.0,0.0,0.11111,0,0,241.23857,-1.1,0.05154,0.0,1.0,0.0,0.0,0.0,0.0
27hmlqr8etiu6ea2pxma_0001,0.1111111111111111,4,36	-0.49344,-1.43805,0.00122,0.16861,-1.71543,-1.32524,1.16969,1.15504,1.13444,0.3589,51.76082,53.09183,44.41163,238.62421,0.3,0.3,0.0,0.0,0.0,0.0,0.0,0.0,0.11111,0,0,4.43611,-0.7,0.42081,0.0,1.0,0.0,0.0,0.0,0.0
27bx63u5f3z2yxjjja14_0002,0.1111111111111111,4,36	-0.49344,-1.43805,0.90062,-0.53981,-0.67117,1.08171,1.0656,1.3627,1.28148,0.38213,43.875,41.9375,308.57142,199.00621,0.3,0.3,0.0,0.0,0.0,0.0,0.0,0.0,0.11111,0,0,1.93037,-1.48,0.77093,0.0,1.0,0.0,0.0,0.0,0.0
267vxxy0a3lh3m0nndi7_0000,0.1111111111111111,4,36	-0.49344,-1.43805,0.68637,0.38338,-1.06036,0.68874,0.81891,1.52979,1.35969,0.34336,47.35948,41.69409,310.99159,224.02751,0.3,0.3,0.0,0.0,0.0,0.0,0.0,0.0,0.11111,0,0,2.36343,-1.18,0.65976,0.0,0.0,0.0,0.0,0.0,0.0
267vxxy0a3lh3m0nndi7_0001,0.1111111111111111,4,36	-0.49344,-1.43805,-0.21203,-1.08629,0.02101,0.68874,1.22512,0.71504,1.14107,0.29503,46.75619,40.26093,127.95828,125.36106,0.3,0.3,0.0,0.0,0.0,0.0,0.0,0.0,0.11111,0,0,0.62154,-0.57999,1.37801,0.0,0.0,0.0,0.0,0.0,0.0
27j5p5hructxdhuv8th8_0004,0.10810810810810811,4,37	-0.49344,-1.43805,2.66685,-0.50299,-1.20935,0.11412,0.9339,0.93558,1.14187,0.40867,54.00253,53.49462,232.68654,54.45525,0.3,0.3,0.0,0.0,0.0,0.0,0.0,0.0,0.10810,0,0,1.98559,-1.46,0.57932,0.0,0.0,1.0,0.0,0.0,0.0
7x1u48jqcqseot4arsf_0001,0.10810810810810811,4,37	-0.49344,-1.43805,2.11251,-0.06492,-0.80262,-0.23828,1.34282,1.09597,0.92648,0.40699,49.9064,46.99125,51.86529,45.64159,0.3,0.3,0.0,0.0,0.0,0.0,0.0,0.0,0.10810,0,0,26.70993,-1.4,0.15675,0.0,0.0,1.0,1.0,0.0,0.0
22ydbpmdxpszditrpj48_0003,0.10810810810810811,4,37	-0.49344,-1.43805,2.01696,0.33536,-0.4123,1.39409,1.39368,1.14446,1.05946,0.29338,42.51236,46.87798,48.55233,51.16149,0.3,0.3,0.0,0.0,0.0,0.0,0.0,0.0,0.10810,0,0,2.01724,-1.52,0.69638,0.0,0.0,1.0,0.0,0.0,0.0
22ydbpmdxpszditrpj48_0005,0.10810810810810811,4,37	-0.49344,-1.43805,1.49503,-0.91754,-0.6871,1.39409,1.35538,0.81656,1.06903,0.33955,58.87644,45.29521,131.8647,126.66253,0.3,0.3,0.0,0.0,0.0,0.0,0.0,0.0,0.10810,0,0,0.70722,-1.62,1.33998,0.0,0.0,1.0,0.0,0.0,0.0
7m0c94o7h0uaht09ogv_0006,0.10810810810810811,4,37	-0.49344,-1.43805,2.35353,-1.1036,-1.46107,-0.9428,1.3014,1.55453,1.03402,0.28878,46.60926,55.84703,131.33847,235.82092,0.3,0.3,0.0,0.0,0.0,0.0,0.0,0.0,0.10810,0,0,2.42464,-0.96,0.5646,0.0,0.0,0.0,0.0,0.0,0.0
27az0bh6d0y5i6c4mcpq_0019,0.10810810810810811,4,37	-0.49344,-1.43805,0.03193,0.91566,-0.91836,-1.51408,1.13849,1.0316,1.32398,0.31974,45.7954,53.49315,53.44461,233.56516,0.3,0.3,0.0,0.0,0.0,0.0,0.0,0.0,0.10810,0,0,0.81398,-0.78,1.24764,0.0,0.0,1.0,0.0,0.0,0.0
26vuhhoec5g1he2fxp0d_0000,0.10810810810810811,4,37	-0.49344,-1.43805,0.32242,0.4514,0.42643,-0.3339,0.99881,1.50072,1.09024,0.48974,56.59431,55.79472,61.54461,53.37081,0.3,0.3,0.0,0.0,0.0,0.0,0.0,0.0,0.10810,0,0,1.05331,-15.07999,1.07505,0.0,0.0,1.0,0.0,0.0,0.0
7ytsk46mycr5hs5myqn_0001,0.10810810810810811,4,37	-0.49344,-1.43805,0.38953,-0.12782,-0.4677,-1.90776,0.8364,1.25086,1.16811,0.66497,38.625,50.75,315.2795,149.81366,0.3,0.3,0.0,0.0,0.0,0.0,0.0,0.0,0.10810,0,0,379.62338,-1.12,0.03968,0.0,1.0,1.0,2.0,0.0,0.0
7ytsk46mycr5hs5myqn_0034,0.10810810810810811,4,37	-0.49344,-1.43805,0.38953,-0.19754,-0.37416,-1.90776,0.90782,1.52036,0.93371,0.79045,38.25,43.0625,357.76397,167.70186,0.3,0.3,0.0,0.0,0.0,0.0,0.0,0.0,0.10810,0,0,202.59164,-1.1,0.05682,0.0,1.0,1.0,0.0,0.0,0.0
1n2voel1y05zac0u6ah1_0001,0.10810810810810811,4,37	-0.49344,-1.43805,2.42176,-0.02875,-0.57347,-0.17777,1.46599,1.58953,1.16054,0.37581,44.38026,56.12725,49.17352,53.46244,0.3,0.3,0.0,0.0,0.0,0.0,0.0,0.0,0.10810,0,0,22.15301,-1.42,0.18408,0.0,0.0,1.0,1.0,0.0,0.0
7olzjyway1ch66ilfb3_0001,0.08571428571428572,3,35	-0.49344,-1.43805,3.25589,-0.61455,-1.38025,1.68756,1.5787,1.48017,0.98661,0.34815,52.71809,57.53031,51.2996,239.65406,0.3,0.3,0.0,0.0,0.0,0.0,0.0,0.0,0.08571,0,0,2.86009,-1.28,0.53141,0.0,0.0,1.0,2.0,0.0,0.0
7olzjyway1ch66ilfb3_0015,0.08571428571428572,3,35	-0.49344,-1.43805,0.94201,0.43635,-0.38393,-0.98984,1.23,0.88385,1.21673,0.44549,56.67534,56.47182,47.25001,127.15755,0.3,0.3,0.0,0.0,0.0,0.0,0.0,0.0,0.08571,0,0,1.14704,-1.26,0.9811,0.0,0.0,1.0,0.0,0.0,0.0
7x1u48jqcqseot4arsf_0003,0.08571428571428572,3,35	-0.49344,-1.43805,1.7304,-1.33819,-1.29751,-0.23828,1.40829,1.54728,1.03757,0.31604,53.40225,57.52978,126.65601,130.60127,0.3,0.3,0.0,0.0,0.0,0.0,0.0,0.0,0.08571,0,0,2.30292,-0.84,0.61146,0.0,0.0,1.0,0.0,0.0,0.0
27az0bh6d0y5i6c4mcpq_0028,0.08571428571428572,3,35	-0.49344,-1.43805,0.78542,-0.54847,-1.35772,1.82374,1.38131,1.48598,1.06716,0.44399,54.82721,51.32635,233.23716,45.26634,0.3,0.3,0.0,0.0,0.0,0.0,0.0,0.0,0.08571,0,0,2.72153,-0.92,0.62332,0.0,0.0,1.0,0.0,0.0,0.0
247ne6dbmxy5qohpu3o5_0001,0.08571428571428572,3,35	-0.49344,-1.43805,0.98437,0.05712,-1.66985,0.8414,0.96855,1.00248,1.20637,0.45473,50.84428,53.89714,316.32059,129.31261,0.3,0.3,0.0,0.0,0.0,0.0,0.0,0.0,0.08571,0,0,1.06251,-0.92,0.90988,0.0,0.0,1.0,2.0,0.0,0.0
26vuhhoec5g1he2fxp0d_0004,0.08571428571428572,3,35	-0.49344,-1.43805,-0.03987,0.20541,-0.72627,-1.25358,1.38598,1.47745,0.99042,0.39696,53.49233,55.19839,46.8829,53.19903,0.3,0.3,0.0,0.0,0.0,0.0,0.0,0.0,0.08571,0,0,1.63427,-1.1,0.92037,0.0,1.0,0.0,0.0,0.0,0.0
7s7m11cywtfvh8l8mc5_0004,0.08571428571428572,3,35	-0.49344,-1.43805,2.18482,0.06681,-0.14597,0.52477,0.79969,1.00519,0.67602,0.43132,56.45568,45.23429,122.36761,233.75751,0.3,0.3,0.0,0.0,0.0,0.0,0.0,0.0,0.08571,0,0,4.49503,-5.09999,0.405,0.0,0.0,1.0,0.0,0.0,0.0
7olzjyway1ch66ilfb3_0014,0.08333333333333333,3,36	-0.49344,-1.43805,3.48574,-0.36658,-0.86884,-0.98984,0.66509,1.20587,0.96896,0.49105,57.80636,49.40502,132.46603,131.83148,0.3,0.3,0.0,0.0,0.0,0.0,0.0,0.0,0.08333,0,0,0.66948,-2.77999,1.18598,0.0,0.0,1.0,0.0,0.0,0.0
7w54p7cs0sd4mu4p85c_0002,0.08333333333333333,3,36	-0.49344,-1.43805,-0.4942,-1.01222,-1.07704,-1.95558,1.29442,1.36983,1.03386,0.4383,41.01742,39.19183,308.97068,304.26529,0.3,0.3,0.0,0.0,0.0,0.0,0.0,0.0,0.08333,0,0,1.22523,-0.53999,0.8562,0.0,0.0,0.0,0.0,0.0,0.0
27bjdz5gqt5y7anif0qn_0004,0.08333333333333333,3,36	-0.49344,-1.43805,1.29873,-0.4259,-1.05071,-0.80598,1.41662,0.91756,1.20286,0.42927,59.77471,51.31957,49.29408,46.09429,0.3,0.3,0.0,0.0,0.0,0.0,0.0,0.0,0.08333,0,0,16.11021,-1.06,0.20637,0.0,0.0,0.0,0.0,0.0,0.0
27az0bh6d0y5i6c4mcpq_0014,0.08333333333333333,3,36	-0.49344,-1.43805,0.12914,0.75333,-0.79649,-1.16467,0.98654,1.33627,1.21565,0.36951,60.90562,51.13574,316.80717,310.46282,0.3,0.3,0.0,0.0,0.0,0.0,0.0,0.0,0.08333,0,0,0.75948,-0.67999,1.35215,0.0,0.0,1.0,1.0,0.0,0.0
27a2xib10cv8xm1vy368_0000,0.08333333333333333,3,36	-0.49344,-1.43805,0.08833,1.2155,-1.15611,2.05903,1.34337,1.39496,1.18429,0.47069,54.16921,46.45664,61.81049,129.70702,0.3,0.3,0.0,0.0,0.0,0.0,0.0,0.0,0.08333,0,0,0.87287,-0.61999,1.24375,0.0,0.0,0.0,0.0,0.0,0.0
7uat6fwaqr8eyodwd3y_0002,0.08333333333333333,3,36	-0.49344,-1.43805,1.66793,0.09381,-0.35794,-1.91184,0.84163,1.26354,0.6781,0.44661,47.90176,38.6365,223.16898,138.07796,0.3,0.3,0.0,0.0,0.0,0.0,0.0,0.0,0.08333,0,0,18.90196,-1.8,0.18679,0.0,0.0,1.0,1.0,0.0,0.0
7uat6fwaqr8eyodwd3y_0011,0.08333333333333333,3,36	-0.49344,-1.43805,0.78751,0.03105,-1.69158,0.37075,0.89618,0.75194,1.35857,0.35696,51.8638,42.88143,304.60345,50.21861,0.3,0.3,0.0,0.0,0.0,0.0,0.0,0.0,0.08333,0,0,0.82035,-0.84,0.97382,0.0,0.0,1.0,0.0,0.0,0.0
27efizvk76dlhweecj1n_0000,0.08333333333333333,3,36	-0.49344,-1.43805,2.20845,-0.85027,-1.39774,1.08171,0.93521,0.6858,0.7286,0.49285,48.97645,40.27161,46.79577,125.22481,0.3,0.3,0.0,0.0,0.0,0.0,0.0,0.0,0.08333,0,0,2.60569,-1.04,0.44267,0.0,0.0,0.0,0.0,0.0,0.0
27efizvk76dlhweecj1n_0001,0.08333333333333333,3,36	-0.49344,-1.43805,-0.25048,0.24176,-1.68989,1.08171,1.31921,1.31993,1.03724,0.30177,56.5958,50.68755,125.90771,235.07097,0.3,0.3,0.0,0.0,0.0,0.0,0.0,0.0,0.08333,0,0,0.70459,-0.44,1.21105,0.0,0.0,0.0,0.0,0.0,0.0
7s7m11cywtfvh8l8mc5_0002,0.08333333333333333,3,36	-0.49344,-1.43805,1.98626,0.05285,-1.54333,0.52477,1.41335,1.23891,0.99013,0.47241,46.16682,43.28402,45.91012,121.76565,0.3,0.3,0.0,0.0,0.0,0.0,0.0,0.0,0.08333,0,0,3.99444,-0.98,0.43528,0.0,0.0,1.0,0.0,0.0,0.0
7ytsk46mycr5hs5myqn_0005,0.08333333333333333,3,36	-0.49344,-1.43805,0.38953,-0.19754,-0.37416,-1.90776,0.68761,1.19696,1.08021,0.58775,38.625,48.3125,315.2795,149.81366,0.3,0.3,0.0,0.0,0.0,0.0,0.0,0.0,0.08333,0,0,185.33126,-1.2,0.05568,0.0,1.0,1.0,2.0,0.0,0.0
7ytsk46mycr5hs5myqn_0035,0.08333333333333333,3,36	-0.49344,-1.43805,0.38953,-0.19754,-0.37416,-1.90776,0.90782,1.52036,0.71688,0.77437,38.25,43.0625,357.76397,167.70186,0.3,0.3,0.0,0.0,0.0,0.0,0.0,0.0,0.08333,0,0,202.59164,-1.1,0.05682,0.0,1.0,1.0,0.0,0.0,0.0
7ytsk46mycr5hs5myqn_0041,0.08333333333333333,3,36	-0.49344,-1.43805,0.38953,-0.19754,-0.37416,-1.90776,0.90782,1.52036,1.5666,0.85802,38.25,43.0625,357.76397,167.70186,0.3,0.3,0.0,0.0,0.0,0.0,0.0,0.0,0.08333,0,0,202.59164,-1.1,0.05682,0.0,1.0,1.0,0.0,0.0,0.0
25ouxpkluhlyp1my07gq_0000,0.08333333333333333,3,36	-0.49344,-1.43805,0.13837,-1.14166,-0.5878,-1.12036,0.68451,1.40547,1.27157,0.33105,42.18596,49.30101,310.10196,225.5942,0.3,0.3,0.0,0.0,0.0,0.0,0.0,0.0,0.08333,0,0,2.23924,-1.0,0.64919,0.0,0.0,0.0,0.0,0.0,0.0
7olzjyway1ch66ilfb3_0007,0.08108108108108109,3,37	-0.49344,-1.43805,0.82483,-1.01894,-1.0621,-0.41774,1.39664,1.53561,0.6571,0.36016,49.35792,38.58473,223.62958,303.01179,0.3,0.3,0.0,0.0,0.0,0.0,0.0,0.0,0.08108,0,0,7.6976,-0.8,0.33419,0.0,0.0,1.0,0.0,0.0,0.0
7w54p7cs0sd4mu4p85c_0000,0.08108108108108109,3,37	-0.49344,-1.43805,0.34317,0.7296,-1.38278,-1.89211,0.66286,1.56904,1.29556,0.30775,54.72573,58.42329,55.96771,302.60411,0.3,0.3,0.0,0.0,0.0,0.0,0.0,0.0,0.08108,0,0,1.11769,-0.7,0.926,0.0,0.0,0.0,0.0,0.0,0.0
27bjdz5gqt5y7anif0qn_0002,0.08108108108108109,3,37	-0.49344,-1.43805,3.00346,-0.248,-1.22293,-0.92403,1.27303,1.21893,1.00845,0.33605,50.38931,53.89238,299.30908,221.09392,0.3,0.3,0.0,0.0,0.0,0.0,0.0,0.0,0.08108,0,0,2.16949,-1.6,0.61602,0.0,0.0,0.0,1.0,0.0,0.0
22ydbpmdxpszditrpj48_0000,0.08108108108108109,3,37	-0.49344,-1.43805,0.13995,0.50708,-0.63955,1.39409,1.13872,0.86669,1.00815,0.48292,46.68305,52.95528,53.07638,49.05012,0.3,0.3,0.0,0.0,0.0,0.0,0.0,0.0,0.08108,0,0,1.58717,-1.38,0.84044,0.0,0.0,1.0,1.0,0.0,0.0
7m0c94o7h0uaht09ogv_0003,0.08108108108108109,3,37	-0.49344,-1.43805,-1.86845,-0.10714,-0.15058,1.69343,1.32975,0.83958,0.80887,0.4627,51.93943,55.59656,225.46034,48.1375,0.3,0.3,0.0,0.0,0.0,0.0,0.0,0.0,0.08108,0,0,11.16825,-3.01999,0.25483,0.0,0.0,1.0,0.0,0.0,0.0
25k0wr8o8rlwkgfx61ya_0000,0.08108108108108109,3,37	-0.49344,-1.43805,1.57484,-0.21862,-1.67123,-1.09471,0.97144,1.49351,1.13141,0.32519,57.70916,49.15524,308.37196,135.06707,0.3,0.3,0.0,0.0,0.0,0.0,0.0,0.0,0.08108,0,0,1.35912,-1.08,0.83566,0.0,0.0,0.0,0.0,0.0,0.0
27az0bh6d0y5i6c4mcpq_0037,0.08108108108108109,3,37	-0.49344,-1.43805,0.97344,0.04278,-0.80902,-1.16467,1.0757,0.85942,0.79589,0.33451,55.13697,51.77094,312.93956,131.74407,0.3,0.3,0.0,0.0,0.0,0.0,0.0,0.0,0.08108,0,0,1.45784,-1.72,0.85734,0.0,0.0,1.0,0.0,0.0,0.0
247ne6dbmxy5qohpu3o5_0018,0.08108108108108109,3,37	-0.49344,-1.43805,2.0504,-0.21773,-0.92447,-1.83844,1.24089,1.11996,1.23342,0.31527,43.87115,44.45556,60.37742,228.8885,0.3,0.3,0.0,0.0,0.0,0.0,0.0,0.0,0.08108,0,0,39.09043,-1.28,0.12571,0.0,0.0,1.0,0.0,0.0,0.0
7ytsk46mycr5hs5myqn_0000,0.08108108108108109,3,37	-0.49344,-1.43805,0.38953,0.22816,-0.85301,-1.90776,0.8364,1.25086,1.11537,0.71001,42.97494,52.8125,297.79621,154.28571,0.3,0.3,0.0,0.0,0.0,0.0,0.0,0.0,0.08108,0,0,8.63649,-1.06,0.29621,0.0,1.0,1.0,2.0,0.0,0.0
7ytsk46mycr5hs5myqn_0012,0.08108108108108109,3,37	-0.49344,-1.43805,0.44433,-1.74587,0.50186,-1.90776,1.52425,1.23808,1.15639,0.78724,50.12261,56.07622,226.54487,238.27912,0.3,0.3,0.0,0.0,0.0,0.0,0.0,0.0,0.08108,0,0,0.53922,-0.2,1.53986,0.0,1.0,1.0,1.0,0.0,0.0
7ytsk46mycr5hs5myqn_0016,0.08108108108108109,3,37	-0.49344,-1.43805,0.38953,-0.19754,-0.37416,-1.90776,0.90782,1.52036,0.92199,0.68106,38.625,47.9375,315.2795,118.50931,0.3,0.3,0.0,0.0,0.0,0.0,0.0,0.0,0.08108,0,0,202.59164,-1.1,0.05682,0.0,1.0,1.0,1.0,0.0,0.0
27hmlqr8etiu6ea2pxma_0002,0.08108108108108109,3,37	-0.49344,-1.43805,0.00122,0.33698,-1.4265,-1.32524,1.11613,1.28081,1.13444,0.3589,51.76082,53.09183,44.41163,238.62421,0.3,0.3,0.0,0.0,0.0,0.0,0.0,0.0,0.08108,0,0,3.54277,-0.8,0.50178,0.0,1.0,0.0,0.0,0.0,0.0
27bx63u5f3z2yxjjja14_0003,0.08108108108108109,3,37	-0.49344,-1.43805,0.90062,-0.53981,-0.67117,1.08171,1.0656,1.3627,1.28148,0.38213,43.875,41.9375,308.57142,19.00621,0.3,0.3,0.0,0.0,0.0,0.0,0.0,0.0,0.08108,0,0,1.93037,-1.48,0.77093,0.0,1.0,0.0,0.0,0.0,0.0
27j5p5hructxdhuv8th8_0007,0.05714285714285714,2,35	-0.49344,-1.43805,0.09598,-0.15118,-1.45618,0.11412,1.27823,1.34622,0.83241,0.36788,49.60631,41.36119,56.18702,304.92507,0.3,0.3,0.0,0.0,0.0,0.0,0.0,0.0,0.05714,0,0,2.73254,-0.7,0.58442,0.0,0.0,1.0,0.0,0.0,0.0
7yqe1d52i50e8nlv2rm_0005,0.05714285714285714,2,35	-0.49344,-1.43805,2.01226,0.01298,-0.69179,-0.14047,0.97735,1.38096,0.69174,0.29061,57.36233,43.46507,313.11036,314.62794,0.3,0.3,0.0,0.0,0.0,0.0,0.0,0.0,0.05714,0,0,6.08703,-1.86,0.36314,0.0,0.0,1.0,0.0,0.0,0.0
27az0bh6d0y5i6c4mcpq_0007,0.05714285714285714,2,35	-0.49344,-1.43805,-7.78643,-0.04994,-1.25263,1.82374,1.34479,1.57677,0.94528,0.4473,60.90155,52.64811,52.12567,51.96919,0.3,0.3,0.0,0.0,0.0,0.0,0.0,0.0,0.05714,0,0,1.82874,-0.74,0.7945,0.0,0.0,1.0,1.0,0.0,0.0
27az0bh6d0y5i6c4mcpq_0010,0.05714285714285714,2,35	-0.49344,-1.43805,-0.57672,0.54054,-0.65629,1.82374,0.9586,1.09307,0.77618,0.371,45.59484,46.22932,300.3955,238.29946,0.3,0.3,0.0,0.0,0.0,0.0,0.0,0.0,0.05714,0,0,1.6563,-1.26,0.79569,0.0,0.0,1.0,1.0,0.0,0.0
247ne6dbmxy5qohpu3o5_0002,0.05714285714285714,2,35	-0.49344,-1.43805,3.96664,-0.66947,-0.8309,0.8414,0.96074,0.96233,1.00223,0.29458,51.46281,44.165,226.75335,232.72199,0.3,0.3,0.0,0.0,0.0,0.0,0.0,0.0,0.05714,0,0,0.50172,-2.49999,1.33842,0.0,0.0,1.0,2.0,0.0,0.0
7uat6fwaqr8eyodwd3y_0005,0.05714285714285714,2,35	-0.49344,-1.43805,1.46635,-0.18069,-1.02121,-1.91184,1.46505,0.94972,1.01063,0.29193,54.86368,39.46867,227.02629,47.38414,0.3,0.3,0.0,0.0,0.0,0.0,0.0,0.0,0.05714,0,0,38.26717,-1.06,0.12964,0.0,0.0,1.0,0.0,0.0,0.0
7ytsk46mycr5hs5myqn_0003,0.05714285714285714,2,35	-0.49344,-1.43805,0.38953,-0.26726,-0.44432,-1.90776,0.8364,1.25086,1.16811,0.66497,38.625,50.75,315.2795,149.81366,0.3,0.3,0.0,0.0,0.0,0.0,0.0,0.0,0.05714,0,0,151.17589,-1.1,0.06335,0.0,1.0,1.0,2.0,0.0,0.0
7oja001y59vewwbe94y_0002,0.05555555555555555,2,36	-0.49344,-1.43805,2.61447,-0.88075,-0.35463,1.39183,1.20333,1.4278,0.74408,0.38694,46.01096,49.82046,301.29228,238.43564,0.3,0.3,0.0,0.0,0.0,0.0,0.0,0.0,0.05555,0,0,1.26713,-1.36,0.84921,0.0,0.0,1.0,0.0,0.0,0.0
7oja001y59vewwbe94y_0003,0.05555555555555555,2,36	-0.49344,-1.43805,0.50855,1.39301,-0.7697,1.39183,1.44032,1.05179,1.30236,0.35557,46.93004,47.34483,46.64531,299.02479,0.3,0.3,0.0,0.0,0.0,0.0,0.0,0.0,0.05555,0,0,0.48895,0.0,1.60565,0.0,0.0,1.0,0.0,0.0,0.0
7x1u48jqcqseot4arsf_0002,0.05555555555555555,2,36	-0.49344,-1.43805,3.42723,-0.47213,-0.71456,-0.23828,0.68618,0.64094,0.79748,0.37671,56.41121,57.30027,310.71005,45.79666,0.3,0.3,0.0,0.0,0.0,0.0,0.0,0.0,0.05555,0,0,3.95595,-1.88,0.34505,0.0,0.0,1.0,0.0,0.0,0.0
25k0wr8o8rlwkgfx61ya_0002,0.05555555555555555,2,36	-0.49344,-1.43805,-1.78774,0.29916,-0.24106,1.34704,1.40809,1.00208,1.35777,0.32011,54.28967,47.97563,307.156,119.07434,0.3,0.3,0.0,0.0,0.0,0.0,0.0,0.0,0.05555,0,0,2.18615,-1.68,0.67491,0.0,0.0,0.0,0.0,0.0,0.0
27az0bh6d0y5i6c4mcpq_0024,0.05555555555555555,2,36	-0.49344,-1.43805,0.16928,0.28727,-0.42379,1.91729,1.19521,0.9976,1.0751,0.32349,48.37318,51.13107,315.9646,123.65661,0.3,0.3,0.0,0.0,0.0,0.0,0.0,0.0,0.05555,0,0,0.80416,-1.08,1.39133,0.0,0.0,1.0,0.0,0.0,0.0
27az0bh6d0y5i6c4mcpq_0025,0.05555555555555555,2,36	-0.49344,-1.43805,0.23244,0.84235,-1.15754,1.82374,1.48699,1.1264,0.9593,0.4159,42.53573,49.44048,42.74362,238.96831,0.3,0.3,0.0,0.0,0.0,0.0,0.0,0.0,0.05555,0,0,1.07789,-0.74,1.06031,0.0,0.0,1.0,0.0,0.0,0.0
27az0bh6d0y5i6c4mcpq_0035,0.05555555555555555,2,36	-0.49344,-1.43805,0.3562,0.58818,-0.9319,-1.16467,0.70274,1.08517,1.14839,0.41596,55.32007,39.51152,308.5749,50.5823,0.3,0.3,0.0,0.0,0.0,0.0,0.0,0.0,0.05555,0,0,0.87881,-1.1,1.12802,0.0,0.0,1.0,0.0,0.0,0.0
247ne6dbmxy5qohpu3o5_0015,0.05555555555555555,2,36	-0.49344,-1.43805,1.01436,-1.46454,-0.59544,2.09955,0.81369,1.20428,0.82418,0.48624,50.31348,48.59063,125.81731,304.90578,0.3,0.3,0.0,0.0,0.0,0.0,0.0,0.0,0.05555,0,0,0.89483,-0.8,0.9686,0.0,0.0,1.0,0.0,0.0,0.0
247ne6dbmxy5qohpu3o5_0016,0.05555555555555555,2,36	-0.49344,-1.43805,0.26107,-1.33926,-0.66603,-1.83844,0.99606,0.77586,1.23467,0.31526,59.15232,44.40443,238.09954,235.49837,0.3,0.3,0.0,0.0,0.0,0.0,0.0,0.0,0.05555,0,0,1.33432,-0.88,0.80121,0.0,0.0,1.0,0.0,0.0,0.0
247ne6dbmxy5qohpu3o5_0019,0.05555555555555555,2,36	-0.49344,-1.43805,0.53323,-0.16899,-1.5561,-1.83844,1.25139,0.6704,0.98114,0.45862,45.41459,44.83938,55.69308,124.04978,0.3,0.3,0.0,0.0,0.0,0.0,0.0,0.0,0.05555,0,0,12.41282,-0.76,0.22176,0.0,0.0,1.0,0.0,0.0,0.0
7uat6fwaqr8eyodwd3y_0000,0.05555555555555555,2,36	-0.49344,-1.43805,0.4931,-0.16397,0.08187,-1.91184,0.70502,1.3794,1.29147,0.31615,52.11756,41.83708,51.07932,123.08665,0.3,0.3,0.0,0.0,0.0,0.0,0.0,0.0,0.05555,0,0,2.10052,-1.82,0.72098,0.0,0.0,1.0,1.0,0.0,0.0
7uat6fwaqr8eyodwd3y_0009,0.05555555555555555,2,36	-0.49344,-1.43805,1.78519,-0.61286,-0.88186,-1.91184,1.03968,1.26125,1.34059,0.4794,43.42986,58.44425,58.32133,126.59854,0.3,0.3,0.0,0.0,0.0,0.0,0.0,0.0,0.05555,0,0,16.42228,-1.06,0.19653,0.0,0.0,1.0,0.0,0.0,0.0
2628l9v5s8bum2jkwl0m_0000,0.05555555555555555,2,36	-0.49344,-1.43805,1.38525,-0.483,-1.47068,-1.53576,1.12418,1.59691,0.68366,0.45213,49.82659,56.66281,55.67631,232.12728,0.3,0.3,0.0,0.0,0.0,0.0,0.0,0.0,0.05555,0,0,9.53567,-0.88,0.28102,0.0,0.0,0.0,0.0,0.0,0.0
268acke6xjaw50qolzvc_0001,0.05555555555555555,2,36	-0.49344,-1.43805,-0.23416,-1.18667,-1.59428,-1.72936,1.4701,1.40179,1.15178,0.36751,45.78148,41.52464,312.75379,235.49344,0.3,0.3,0.0,0.0,0.0,0.0,0.0,0.0,0.05555,0,0,8.04596,-0.59999,0.3161,0.0,0.0,0.0,0.0,0.0,0.0
7ytsk46mycr5hs5myqn_0017,0.05555555555555555,2,36	-0.49344,-1.43805,0.38953,-0.19754,-0.37416,-1.90776,0.90782,1.52036,1.34391,0.80654,38.25,43.0625,357.76397,167.70186,0.3,0.3,0.0,0.0,0.0,0.0,0.0,0.0,0.05555,0,0,202.59164,-1.1,0.05682,0.0,1.0,1.0,1.0,0.0,0.0
7ytsk46mycr5hs5myqn_0018,0.05555555555555555,2,36	-0.49344,-1.43805,0.44433,-1.74587,0.50186,-1.90776,1.52425,1.23808,1.46698,0.78402,50.12261,56.07622,226.54487,238.27912,0.3,0.3,0.0,0.0,0.0,0.0,0.0,0.0,0.05555,0,0,0.53922,-0.2,1.53986,0.0,1.0,1.0,0.0,0.0,0.0
7ytsk46mycr5hs5myqn_0019,0.05555555555555555,2,36	-0.49344,-1.43805,0.44433,-1.52222,0.51447,-1.90776,1.52425,1.23808,1.15639,0.78724,50.12261,56.07622,226.54487,238.27912,0.3,0.3,0.0,0.0,0.0,0.0,0.0,0.0,0.05555,0,0,0.58118,-0.22,1.54676,0.0,1.0,1.0,0.0,0.0,0.0
7ytsk46mycr5hs5myqn_0022,0.05555555555555555,2,36	-0.49344,-1.43805,0.38953,0.22816,-0.85301,-1.90776,0.8364,1.25086,1.11537,0.71001,42.97494,52.55521,297.79621,43.76791,0.3,0.3,0.0,0.0,0.0,0.0,0.0,0.0,0.05555,0,0,8.63649,-1.06,0.29621,0.0,1.0,1.0,0.0,0.0,0.0
7ytsk46mycr5hs5myqn_0028,0.05555555555555555,2,36	-0.49344,-1.43805,0.38953,-0.19754,-0.37416,-1.90776,0.8364,1.25086,1.16811,0.66497,38.625,48.3125,315.2795,149.81366,0.3,0.3,0.0,0.0,0.0,0.0,0.0,0.0,0.05555,0,0,233.21492,-1.16,0.05086,0.0,1.0,1.0,0.0,0.0,0.0
7ytsk46mycr5hs5myqn_0049,0.05555555555555555,2,36	-0.49344,-1.43805,0.38953,-0.19754,-0.37416,-1.90776,0.83045,1.52036,1.23843,0.80654,38.25,43.0625,357.76397,167.70186,0.3,0.3,0.0,0.0,0.0,0.0,0.0,0.0,0.05555,0,0,241.23857,-1.1,0.05154,0.0,1.0,0.0,0.0,0.0,0.0
1n2voel1y05zac0u6ah1_0002,0.05555555555555555,2,36	-0.49344,-1.43805,-0.59102,-0.19914,-1.54423,-1.18007,1.30975,1.14413,1.04799,0.48102,42.30692,41.77822,46.21951,121.76451,0.3,0.3,0.0,0.0,0.0,0.0,0.0,0.0,0.05555,0,0,0.86362,-0.7,1.13634,0.0,0.0,1.0,1.0,0.0,0.0
1n2voel1y05zac0u6ah1_0006,0.05555555555555555,2,36	-0.49344,-1.43805,4.63325,-0.46565,0.05275,-1.18007,1.06594,0.81977,1.20694,0.35162,58.27394,51.61891,122.56741,306.91688,0.3,0.3,0.0,0.0,0.0,0.0,0.0,0.0,0.05555,0,0,0.49954,-3.33999,1.38055,0.0,0.0,1.0,0.0,0.0,0.0
1n2voel1y05zac0u6ah1_0010,0.05555555555555555,2,36	-0.49344,-1.43805,0.26666,-0.30854,0.48715,-0.17777,1.24772,0.78461,1.22121,0.43917,51.67368,41.05711,316.24584,46.1122,0.3,0.3,0.0,0.0,0.0,0.0,0.0,0.0,0.05555,0,0,0.50031,0.0,1.54535,0.0,0.0,1.0,0.0,0.0,0.0
7olzjyway1ch66ilfb3_0003,0.05405405405405406,2,37	-0.49344,-1.43805,1.41328,0.3654,-0.97902,1.68756,1.47471,1.05214,1.15716,0.41538,56.96263,58.15607,232.27456,135.44936,0.3,0.3,0.0,0.0,0.0,0.0,0.0,0.0,0.05405,0,0,3.10704,-1.26,0.54974,0.0,0.0,1.0,1.0,0.0,0.0
7n72jp3yn5f2437wcaz_0007,0.05405405405405406,2,37	-0.49344,-1.43805,-1.01281,-0.87721,-1.40344,0.61388,1.29262,1.49834,0.72849,0.47735,54.04547,49.59107,302.4811,307.36451,0.3,0.3,0.0,0.0,0.0,0.0,0.0,0.0,0.05405,0,0,21.75795,-0.7,0.17878,0.0,0.0,0.0,0.0,0.0,0.0
247ne6dbmxy5qohpu3o5_0013,0.05405405405405406,2,37	-0.49344,-1.43805,-0.38952,-1.34227,-0.00523,2.09955,0.68459,1.36562,1.35955,0.48718,56.11863,46.98967,228.09562,43.37488,0.3,0.3,0.0,0.0,0.0,0.0,0.0,0.0,0.05405,0,0,0.48276,-0.12,1.55788,0.0,0.0,1.0,0.0,0.0,0.0
247ne6dbmxy5qohpu3o5_0014,0.05405405405405406,2,37	-0.49344,-1.43805,-0.08905,-1.59984,-0.2005,2.09955,1.46552,1.46451,1.36168,0.31277,50.42719,46.81232,131.61742,222.55345,0.3,0.3,0.0,0.0,0.0,0.0,0.0,0.0,0.05405,0,0,0.77062,-0.45999,1.34945,0.0,0.0,1.0,0.0,0.0,0.0
247ne6dbmxy5qohpu3o5_0017,0.05405405405405406,2,37	-0.49344,-1.43805,-0.21966,-0.98893,0.11056,-1.83844,1.28477,1.00158,0.8963,0.36886,60.32005,48.05464,236.20716,229.62905,0.3,0.3,0.0,0.0,0.0,0.0,0.0,0.0,0.05405,0,0,1.47086,-1.78,0.95229,0.0,0.0,1.0,0.0,0.0,0.0
247ne6dbmxy5qohpu3o5_0028,0.05405405405405406,2,37	-0.49344,-1.43805,3.14212,-0.03281,-1.00938,-0.34219,1.51763,1.22006,1.20818,0.37197,59.17803,53.262,223.87783,51.52605,0.3,0.3,0.0,0.0,0.0,0.0,0.0,0.0,0.05405,0,0,3.79302,-1.72,0.46908,0.0,0.0,1.0,0.0,0.0,0.0
26vuhhoec5g1he2fxp0d_0002,0.05405405405405406,2,37	-0.49344,-1.43805,1.98512,-0.01128,-1.04964,-0.3339,1.02667,1.3717,1.19754,0.29613,46.04709,56.16079,317.39066,121.19323,0.3,0.3,0.0,0.0,0.0,0.0,0.0,0.0,0.05405,0,0,0.44707,-27.97999,2.04821,0.0,0.0,1.0,0.0,0.0,0.0
26zzh5ajb8zcugzhnvdp_0005,0.05405405405405406,2,37	-0.49344,-1.43805,-0.56235,-0.06592,0.98494,1.08171,1.582,0.68148,1.21694,0.33285,50.2722,41.32946,49.27842,231.25696,0.3,0.3,0.0,0.0,0.0,0.0,0.0,0.0,0.05405,0,0,0.5566,0.0,1.63005,0.0,0.0,1.0,0.0,0.0,0.0
7ytsk46mycr5hs5myqn_0040,0.05405405405405406,2,37	-0.49344,-1.43805,0.38953,-0.19754,-0.37416,-1.90776,0.90782,1.52036,0.96301,0.7615,38.25,43.0625,357.76397,167.70186,0.3,0.3,0.0,0.0,0.0,0.0,0.0,0.0,0.05405,0,0,202.59164,-1.1,0.05682,0.0,1.0,1.0,0.0,0.0,0.0
7yqe1d52i50e8nlv2rm_0004,0.02857142857142857,1,35	-0.49344,-1.43805,-0.25021,-0.65301,-0.16132,-0.14047,0.78342,0.99138,1.10259,0.47764,58.47601,50.14946,118.67041,226.93101,0.3,0.3,0.0,0.0,0.0,0.0,0.0,0.0,0.02857,0,0,0.72072,-0.86,1.244,0.0,0.0,1.0,0.0,0.0,0.0
247ne6dbmxy5qohpu3o5_0008,0.02857142857142857,1,35	-0.49344,-1.43805,0.88739,-0.19574,-0.66093,0.47069,1.03074,1.41594,0.99598,0.28918,42.88286,46.73858,43.25533,138.70858,0.3,0.3,0.0,0.0,0.0,0.0,0.0,0.0,0.02857,0,0,5.60277,-0.96,0.38482,0.0,0.0,1.0,1.0,0.0,0.0
25sfwqbiaape94zp2pkr_0002,0.02857142857142857,1,35	-0.49344,-1.43805,2.28386,-0.32716,-1.31395,-0.46362,1.38565,1.53764,0.96733,0.36476,47.03592,51.36262,223.03629,314.08624,0.3,0.3,0.0,0.0,0.0,0.0,0.0,0.0,0.02857,0,0,6.50994,-1.18,0.35001,0.0,0.0,1.0,0.0,0.0,0.0
7ytsk46mycr5hs5myqn_0009,0.02857142857142857,1,35	-0.49344,-1.43805,0.38953,-0.19754,-0.37416,-1.90776,0.8364,1.25086,1.16811,0.66497,38.625,50.75,315.2795,149.81366,0.3,0.3,0.0,0.0,0.0,0.0,0.0,0.0,0.02857,0,0,233.21492,-1.16,0.05086,0.0,1.0,1.0,1.0,0.0,0.0
7ytsk46mycr5hs5myqn_0010,0.02857142857142857,1,35	-0.49344,-1.43805,0.38953,-0.19754,-0.37416,-1.90776,0.90782,1.52036,0.92199,0.68106,38.25,43.0625,357.76397,167.70186,0.3,0.3,0.0,0.0,0.0,0.0,0.0,0.0,0.02857,0,0,202.59164,-1.1,0.05682,0.0,1.0,1.0,1.0,0.0,0.0
7ytsk46mycr5hs5myqn_0011,0.02857142857142857,1,35	-0.49344,-1.43805,0.38953,-0.19754,-0.37416,-1.90776,0.90782,1.52036,0.72274,0.70036,38.25,43.0625,357.76397,167.70186,0.3,0.3,0.0,0.0,0.0,0.0,0.0,0.0,0.02857,0,0,202.59164,-1.1,0.05682,0.0,1.0,1.0,1.0,0.0,0.0
7ytsk46mycr5hs5myqn_0027,0.02857142857142857,1,35	-0.49344,-1.43805,0.38953,-0.19754,-0.37416,-1.90776,0.8364,1.25086,1.16811,0.66497,38.625,50.75,315.2795,192.29813,0.3,0.3,0.0,0.0,0.0,0.0,0.0,0.0,0.02857,0,0,233.21492,-1.16,0.05086,0.0,1.0,1.0,0.0,0.0,0.0
1n2voel1y05zac0u6ah1_0005,0.02857142857142857,1,35	-0.49344,-1.43805,4.34233,-0.1145,-0.06267,-1.18007,0.84262,0.7218,1.26843,0.314,60.78852,52.2944,223.15127,128.34291,0.3,0.3,0.0,0.0,0.0,0.0,0.0,0.0,0.02857,0,0,0.50012,-2.04,1.09902,0.0,0.0,1.0,0.0,0.0,0.0
25eddh3444hft6ao6vvj_0001,0.027777777777777776,1,36	-0.49344,-1.43805,0.10055,0.11634,-1.33416,-2.16207,0.79754,1.38951,1.30441,0.29711,57.2226,50.94612,305.50685,137.53347,0.3,0.3,0.0,0.0,0.0,0.0,0.0,0.0,0.02777,0,0,2.51129,-0.8,0.58812,0.0,0.0,0.0,0.0,0.0,0.0
7olzjyway1ch66ilfb3_0016,0.027777777777777776,1,36	-0.49344,-1.43805,-0.684,-1.27578,-1.43873,1.68756,0.98852,1.12,1.11695,0.44827,53.91579,50.50933,131.42069,44.90587,0.3,0.3,0.0,0.0,0.0,0.0,0.0,0.0,0.02777,0,0,4.26408,-0.65999,0.39446,0.0,0.0,1.0,0.0,0.0,0.0
27j5p5hructxdhuv8th8_0009,0.027777777777777776,1,36	-0.49344,-1.43805,-0.93392,0.55255,0.45929,-1.56636,1.21556,1.01476,1.07094,0.45102,46.48513,39.34286,301.4513,300.16405,0.3,0.3,0.0,0.0,0.0,0.0,0.0,0.0,0.02777,0,0,4.00472,-12.85999,0.45659,0.0,0.0,0.0,0.0,0.0,0.0
27j5p5hructxdhuv8th8_0010,0.027777777777777776,1,36	-0.49344,-1.43805,0.21017,-0.86717,-1.42385,-1.56636,0.67535,1.2383,0.81548,0.40555,55.16161,47.68661,50.72605,60.54401,0.3,0.3,0.0,0.0,0.0,0.0,0.0,0.0,0.02777,0,0,4.84975,-0.72,0.37204,0.0,0.0,0.0,0.0,0.0,0.0
27az0bh6d0y5i6c4mcpq_0001,0.027777777777777776,1,36	-0.49344,-1.43805,0.24048,0.49235,-1.34135,1.82374,1.58708,1.51406,1.30101,0.31507,59.69486,48.97867,308.48347,304.51909,0.3,0.3,0.0,0.0,0.0,0.0,0.0,0.0,0.02777,0,0,2.06031,-0.86,0.77955,0.0,0.0,1.0,2.0,0.0,0.0
27az0bh6d0y5i6c4mcpq_0020,0.027777777777777776,1,36	-0.49344,-1.43805,1.79145,0.75232,-1.04231,-1.51408,1.21162,0.90353,1.35042,0.42509,53.42702,56.64948,312.22692,240.19378,0.3,0.3,0.0,0.0,0.0,0.0,0.0,0.0,0.02777,0,0,0.70402,-0.98,1.08517,0.0,0.0,1.0,0.0,0.0,0.0
27az0bh6d0y5i6c4mcpq_0022,0.027777777777777776,1,36	-0.49344,-1.43805,0.78263,-0.66681,-0.95721,1.91729,0.94693,0.75483,0.98154,0.42206,49.35943,48.33849,45.12463,138.31371,0.3,0.3,0.0,0.0,0.0,0.0,0.0,0.0,0.02777,0,0,9.90815,-1.0,0.24803,0.0,0.0,1.0,0.0,0.0,0.0
27az0bh6d0y5i6c4mcpq_0023,0.027777777777777776,1,36	-0.49344,-1.43805,0.32631,0.4241,-1.4791,1.91729,0.73985,0.66416,1.17106,0.49646,55.75997,49.17803,42.99746,238.97862,0.3,0.3,0.0,0.0,0.0,0.0,0.0,0.0,0.02777,0,0,1.5356,-0.86,0.65467,0.0,0.0,1.0,0.0,0.0,0.0
27az0bh6d0y5i6c4mcpq_0026,0.027777777777777776,1,36	-0.49344,-1.43805,0.06968,0.20543,-0.05763,1.82374,1.42711,0.92184,1.21791,0.46615,43.45342,53.04889,313.10885,119.68472,0.3,0.3,0.0,0.0,0.0,0.0,0.0,0.0,0.02777,0,0,1.74617,-2.29999,0.86586,0.0,0.0,1.0,0.0,0.0,0.0
27az0bh6d0y5i6c4mcpq_0036,0.027777777777777776,1,36	-0.49344,-1.43805,0.2522,0.72635,-0.17081,-1.16467,1.48526,1.44884,1.06221,0.41809,50.17527,48.32542,314.68727,300.14874,0.3,0.3,0.0,0.0,0.0,0.0,0.0,0.0,0.02777,0,0,1.58653,-2.31999,0.98416,0.0,0.0,1.0,0.0,0.0,0.0
25sfwqbiaape94zp2pkr_0003,0.027777777777777776,1,36	-0.49344,-1.43805,2.04627,0.1499,-0.99897,-0.46362,1.46356,0.77101,1.21115,0.35069,41.47773,52.73887,223.66809,300.2229,0.3,0.3,0.0,0.0,0.0,0.0,0.0,0.0,0.02777,0,0,3.24244,-1.52,0.50159,0.0,0.0,1.0,0.0,0.0,0.0
7uat6fwaqr8eyodwd3y_0003,0.027777777777777776,1,36	-0.49344,-1.43805,-0.1714,-0.50938,-1.38505,0.37075,1.00162,1.48646,1.23295,0.43872,53.20143,50.43913,53.48892,128.52003,0.3,0.3,0.0,0.0,0.0,0.0,0.0,0.0,0.02777,0,0,1.5433,-0.7,0.80344,0.0,0.0,1.0,1.0,0.0,0.0
7uat6fwaqr8eyodwd3y_0007,0.027777777777777776,1,36	-0.49344,-1.43805,1.52503,-0.21199,-1.6563,-1.91184,1.2352,0.88645,1.00577,0.39747,59.67999,54.74314,315.08501,314.28053,0.3,0.3,0.0,0.0,0.0,0.0,0.0,0.0,0.02777,0,0,1.52551,-1.06,0.73474,0.0,0.0,1.0,0.0,0.0,0.0
7uat6fwaqr8eyodwd3y_0008,0.027777777777777776,1,36	-0.49344,-1.43805,1.0416,-0.2871,-0.95128,-1.91184,1.45603,1.43904,0.68055,0.4064,56.10213,54.6926,233.9598,309.70985,0.3,0.3,0.0,0.0,0.0,0.0,0.0,0.0,0.02777,0,0,223.91648,-0.9,0.05505,0.0,0.0,1.0,0.0,0.0,0.0
7m1b8twsqa4vqelo3c4_0003,0.027777777777777776,1,36	-0.49344,-1.43805,1.40691,-0.05196,0.02052,-1.46126,1.42956,0.92287,1.27575,0.38854,47.92866,41.29813,44.60135,235.74069,0.3,0.3,0.0,0.0,0.0,0.0,0.0,0.0,0.02777,0,0,4.72323,-1.76,0.43336,0.0,0.0,0.0,0.0,0.0,0.0
26zzh5ajb8zcugzhnvdp_0006,0.027777777777777776,1,36	-0.49344,-1.43805,-0.14858,-0.70025,-0.5138,1.08171,1.52779,1.29043,0.75048,0.45342,48.88767,46.55583,124.6096,120.12065,0.3,0.3,0.0,0.0,0.0,0.0,0.0,0.0,0.02777,0,0,7.39328,-1.02,0.35924,0.0,0.0,1.0,0.0,0.0,0.0
7ytsk46mycr5hs5myqn_0006,0.027777777777777776,1,36	-0.49344,-1.43805,0.38953,-0.19754,-0.37416,-1.90776,0.90782,1.52036,1.45526,0.81941,38.25,43.0625,357.76397,167.70186,0.3,0.3,0.0,0.0,0.0,0.0,0.0,0.0,0.02777,0,0,202.59164,-1.1,0.05682,0.0,1.0,1.0,2.0,0.0,0.0
7ytsk46mycr5hs5myqn_0014,0.027777777777777776,1,36	-0.49344,-1.43805,0.38953,-0.19754,-0.37416,-1.90776,0.90782,1.52036,0.79892,0.67462,38.25,43.0625,357.76397,167.70186,0.3,0.3,0.0,0.0,0.0,0.0,0.0,0.0,0.02777,0,0,202.59164,-1.1,0.05682,0.0,1.0,1.0,1.0,0.0,0.0
7ytsk46mycr5hs5myqn_0023,0.027777777777777776,1,36	-0.49344,-1.43805,0.38953,0.22816,-0.85301,-1.90776,0.8364,1.25086,1.11537,0.71001,39.75,50.75,339.87577,149.81366,0.3,0.3,0.0,0.0,0.0,0.0,0.0,0.0,0.02777,0,0,8.63649,-1.06,0.29621,0.0,1.0,1.0,0.0,0.0,0.0
7ytsk46mycr5hs5myqn_0029,0.027777777777777776,1,36	-0.49344,-1.43805,0.38953,-0.19754,-0.37416,-1.90776,0.8364,1.25086,1.35564,0.65853,38.625,48.3125,315.2795,149.81366,0.3,0.3,0.0,0.0,0.0,0.0,0.0,0.0,0.02777,0,0,233.21492,-1.16,0.05086,0.0,1.0,1.0,0.0,0.0,0.0
7ytsk46mycr5hs5myqn_0033,0.027777777777777776,1,36	-0.49344,-1.43805,0.38953,-0.19754,-0.37416,-1.90776,0.90782,1.52036,1.03919,0.85159,38.25,43.0625,357.76397,167.70186,0.3,0.3,0.0,0.0,0.0,0.0,0.0,0.0,0.02777,0,0,202.59164,-1.1,0.05682,0.0,1.0,1.0,0.0,0.0,0.0
7ytsk46mycr5hs5myqn_0038,0.027777777777777776,1,36	-0.49344,-1.43805,0.38953,-0.19754,-0.37416,-1.90776,0.90782,1.52036,0.7872,0.67462,38.25,43.0625,357.76397,167.70186,0.3,0.3,0.0,0.0,0.0,0.0,0.0,0.0,0.02777,0,0,202.59164,-1.1,0.05682,0.0,1.0,1.0,0.0,0.0,0.0
7ytsk46mycr5hs5myqn_0044,0.027777777777777776,1,36	-0.49344,-1.43805,0.38953,-0.19754,-0.37416,-1.90776,0.83045,1.52036,1.34391,0.80654,38.25,43.0625,357.76397,167.70186,0.3,0.3,0.0,0.0,0.0,0.0,0.0,0.0,0.02777,0,0,241.23857,-1.1,0.05154,0.0,1.0,0.0,0.0,0.0,0.0
7ytsk46mycr5hs5myqn_0046,0.027777777777777776,1,36	-0.49344,-1.43805,0.38953,-0.19754,-0.37416,-1.90776,0.83045,1.52036,1.08607,0.55879,38.25,43.0625,357.76397,167.70186,0.3,0.3,0.0,0.0,0.0,0.0,0.0,0.0,0.02777,0,0,241.23857,-1.1,0.05154,0.0,1.0,0.0,0.0,0.0,0.0
7ytsk46mycr5hs5myqn_0048,0.027777777777777776,1,36	-0.49344,-1.43805,0.38953,-0.19754,-0.37416,-1.90776,0.83045,1.52036,1.24429,0.67784,38.25,43.0625,357.76397,167.70186,0.3,0.3,0.0,0.0,0.0,0.0,0.0,0.0,0.02777,0,0,241.23857,-1.1,0.05154,0.0,1.0,0.0,0.0,0.0,0.0
26ubxo05owbgjmhg7zw2_0000,0.027777777777777776,1,36	-0.49344,-1.43805,0.67532,-0.30527,-0.68756,0.12759,0.69657,0.78034,0.72866,0.33395,60.08869,53.42993,136.4879,305.82319,0.3,0.3,0.0,0.0,0.0,0.0,0.0,0.0,0.02777,0,0,0.61784,-1.26,1.33675,0.0,0.0,0.0,0.0,0.0,0.0
25eddh3444hft6ao6vvj_0002,0.02702702702702703,1,37	-0.49344,-1.43805,0.29701,0.41726,-1.58842,-1.79902,1.41554,1.26167,0.90953,0.33286,57.58045,58.29847,310.82456,223.36506,0.3,0.3,0.0,0.0,0.0,0.0,0.0,0.0,0.02702,0,0,3.59875,-0.76,0.50987,0.0,0.0,0.0,0.0,0.0,0.0
27bjdz5gqt5y7anif0qn_0000,0.02702702702702703,1,37	-0.49344,-1.43805,1.48264,-0.60252,-1.48087,-1.46611,1.2452,1.37175,1.19065,0.41527,41.53374,45.00073,240.9229,221.06922,0.3,0.3,0.0,0.0,0.0,0.0,0.0,0.0,0.02702,0,0,4.50766,-0.96,0.42368,0.0,0.0,0.0,1.0,0.0,0.0
27bjdz5gqt5y7anif0qn_0007,0.02702702702702703,1,37	-0.49344,-1.43805,2.65235,-0.47478,-1.10312,-0.43254,1.58292,0.98403,0.86249,0.29939,52.46648,57.74283,234.67157,60.58409,0.3,0.3,0.0,0.0,0.0,0.0,0.0,0.0,0.02702,0,0,6.22878,-1.38,0.34264,0.0,0.0,0.0,0.0,0.0,0.0
7oja001y59vewwbe94y_0000,0.02702702702702703,1,37	-0.49344,-1.43805,-0.91967,-0.11737,-1.41023,1.39183,1.49753,0.9218,1.08156,0.33528,56.88429,47.49172,305.21532,52.06966,0.3,0.3,0.0,0.0,0.0,0.0,0.0,0.0,0.02702,0,0,8.7677,-0.88,0.29244,0.0,0.0,1.0,1.0,0.0,0.0
27j5p5hructxdhuv8th8_0003,0.02702702702702703,1,37	-0.49344,-1.43805,0.21444,-0.2599,-0.91103,0.11412,0.84049,1.06766,1.21117,0.31751,60.28292,54.48858,125.60027,316.78558,0.3,0.3,0.0,0.0,0.0,0.0,0.0,0.0,0.02702,0,0,6.84471,-0.94,0.32317,0.0,0.0,1.0,0.0,0.0,0.0
27j5p5hructxdhuv8th8_0008,0.02702702702702703,1,37	-0.49344,-1.43805,1.7955,-0.5594,-0.65656,-1.65021,1.0294,1.06929,1.1459,0.44211,51.64928,55.71308,52.95706,238.54633,0.3,0.3,0.0,0.0,0.0,0.0,0.0,0.0,0.02702,0,0,2.88862,-1.02,0.48703,0.0,0.0,0.0,0.0,0.0,0.0
7n72jp3yn5f2437wcaz_0012,0.02702702702702703,1,37	-0.49344,-1.43805,1.37066,-0.33298,-1.23823,1.82854,0.84572,1.07729,1.25353,0.47757,44.59953,44.93104,301.10633,42.99545,0.3,0.3,0.0,0.0,0.0,0.0,0.0,0.0,0.02702,0,0,0.85919,-1.34,1.08012,0.0,0.0,0.0,0.0,0.0,0.0
7o10iqv5191hi5l1eo9_0011,0.02702702702702703,1,37	-0.49344,-1.43805,1.86351,-1.55146,-1.17629,-0.16826,1.02655,0.92782,1.1759,0.30791,44.77836,53.19892,127.09706,123.12844,0.3,0.3,0.0,0.0,0.0,0.0,0.0,0.0,0.02702,0,0,0.94673,-0.76,0.78313,0.0,0.0,1.0,0.0,0.0,0.0
247ne6dbmxy5qohpu3o5_0021,0.02702702702702703,1,37	-0.49344,-1.43805,-1.30389,-0.12109,-0.34204,0.8414,1.13652,0.92692,0.78231,0.42231,50.4831,41.72411,46.37825,130.45998,0.3,0.3,0.0,0.0,0.0,0.0,0.0,0.0,0.02702,0,0,1.22838,-2.35999,0.97659,0.0,0.0,1.0,0.0,0.0,0.0
7padnxbh7d2y9jl0gis_0002,0.02702702702702703,1,37	-0.49344,-1.43805,0.1021,0.02938,-0.95737,0.32898,0.76278,1.37152,0.92592,0.40103,57.68306,45.59938,227.9706,230.96381,0.3,0.3,0.0,0.0,0.0,0.0,0.0,0.0,0.02702,0,0,2.2244,-0.96,0.65361,0.0,0.0,0.0,0.0,0.0,0.0
7s7m11cywtfvh8l8mc5_0005,0.02702702702702703,1,37	-0.49344,-1.43805,-0.08613,-0.02803,-0.25733,0.52477,1.3642,1.43133,1.19178,0.43962,43.36098,44.89746,312.36452,126.60268,0.3,0.3,0.0,0.0,0.0,0.0,0.0,0.0,0.02702,0,0,0.96248,-0.94,1.30876,0.0,0.0,1.0,0.0,0.0,0.0
7ytsk46mycr5hs5myqn_0007,0.02702702702702703,1,37	-0.49344,-1.43805,0.38953,0.22816,-0.85301,-1.90776,1.2229,1.5163,1.33708,0.43903,42.97494,52.55521,297.79621,43.76791,0.3,0.3,0.0,0.0,0.0,0.0,0.0,0.0,0.02702,0,0,13.25755,-0.96,0.25176,0.0,0.0,1.0,1.0,0.0,0.0
7ytsk46mycr5hs5myqn_0008,0.02702702702702703,1,37	-0.49344,-1.43805,0.44433,-1.74587,0.50186,-1.90776,1.17565,1.20894,1.51972,0.84515,50.12261,56.07622,226.54487,238.27912,0.3,0.3,0.0,0.0,0.0,0.0,0.0,0.0,0.02702,0,0,0.46499,-0.18,1.54321,0.0,1.0,1.0,1.0,0.0,0.0
7ytsk46mycr5hs5myqn_0025,0.02702702702702703,1,37	-0.49344,-1.43805,0.38953,0.22816,-0.85301,-1.90776,0.8364,1.25086,1.19741,0.84515,38.625,50.75,315.2795,149.81366,0.3,0.3,0.0,0.0,0.0,0.0,0.0,0.0,0.02702,0,0,8.63649,-1.06,0.29621,0.0,1.0,1.0,0.0,0.0,0.0
7ytsk46mycr5hs5myqn_0039,0.02702702702702703,1,37	-0.49344,-1.43805,0.38953,-0.19754,-0.37416,-1.90776,0.90782,1.52036,0.90441,0.80333,38.25,43.0625,357.76397,167.70186,0.3,0.3,0.0,0.0,0.0,0.0,0.0,0.0,0.02702,0,0,202.59164,-1.1,0.05682,0.0,1.0,1.0,0.0,0.0,0.0
7olzjyway1ch66ilfb3_0009,0.02631578947368421,1,38	-0.49344,-1.43805,-0.18636,-0.2488,0.02743,-0.41774,0.77222,1.10846,0.98554,0.43155,60.18739,40.03534,126.72881,232.29539,0.3,0.3,0.0,0.0,0.0,0.0,0.0,0.0,0.02631,0,0,0.83542,-1.52,1.28888,0.0,0.0,1.0,0.0,0.0,0.0
7olzjyway1ch66ilfb3_0017,0.0,0,37	-0.49344,-1.43805,-0.07824,-0.65815,0.30118,1.68756,0.70416,1.33941,1.29101,0.33557,54.88025,54.85533,131.98501,222.47099,0.3,0.3,0.0,0.0,0.0,0.0,0.0,0.0,0.0,0,0,0.56399,0.0,1.52252,0.0,0.0,1.0,0.0,0.0,0.0
7olzjyway1ch66ilfb3_0019,0.0,0,37	-0.49344,-1.43805,0.54418,0.45828,-1.38387,1.68756,1.28546,1.16569,0.92532,0.29148,53.95133,41.29019,313.84244,42.15095,0.3,0.3,0.0,0.0,0.0,0.0,0.0,0.0,0.0,0,0,1.12548,-0.9,1.02394,0.0,0.0,1.0,0.0,0.0,0.0
27bjdz5gqt5y7anif0qn_0003,0.0,0,37	-0.49344,-1.43805,0.42279,-0.86828,-1.24295,-1.75728,0.8068,1.52881,0.75657,0.42248,46.84287,41.33782,60.39971,310.37343,0.3,0.3,0.0,0.0,0.0,0.0,0.0,0.0,0.0,0,0,7.98068,-0.76,0.30608,0.0,0.0,0.0,0.0,0.0,0.0
7oja001y59vewwbe94y_0001,0.0,0,37	-0.49344,-1.43805,-2.54734,0.08889,-0.38055,1.39183,1.52552,0.66704,0.90093,0.29722,44.03745,56.26508,233.89133,56.19967,0.3,0.3,0.0,0.0,0.0,0.0,0.0,0.0,0.0,0,0,14.93334,-2.51999,0.21404,0.0,0.0,1.0,0.0,0.0,0.0
27az0bh6d0y5i6c4mcpq_0015,0.0,0,37	-0.49344,-1.43805,0.78263,-0.34083,-1.01692,1.91729,0.94693,0.75483,0.98154,0.42206,49.35943,48.33849,45.12463,138.31371,0.3,0.3,0.0,0.0,0.0,0.0,0.0,0.0,0.0,0,0,41.0964,-0.98,0.11476,0.0,1.0,1.0,0.0,0.0,0.0
27az0bh6d0y5i6c4mcpq_0027,0.0,0,37	-0.49344,-1.43805,-0.02653,0.19093,-0.34969,1.82374,1.12279,0.73033,1.22536,0.37755,60.51913,39.80504,43.59504,304.61479,0.3,0.3,0.0,0.0,0.0,0.0,0.0,0.0,0.0,0,0,0.94484,-1.58,1.18429,0.0,0.0,1.0,0.0,0.0,0.0
7ytsk46mycr5hs5myqn_0024,0.0,0,37	-0.49344,-1.43805,0.38953,0.22816,-0.85301,-1.90776,0.8364,1.25086,1.11537,0.71001,38.625,50.75,315.2795,149.81366,0.3,0.3,0.0,0.0,0.0,0.0,0.0,0.0,0.0,0,0,8.63649,-1.06,0.29621,0.0,1.0,1.0,0.0,0.0,0.0
7ytsk46mycr5hs5myqn_0030,0.0,0,37	-0.49344,-1.43805,0.38953,-0.19754,-0.37416,-1.90776,0.8364,1.25086,1.08021,0.58775,38.625,48.3125,315.2795,149.81366,0.3,0.3,0.0,0.0,0.0,0.0,0.0,0.0,0.0,0,0,233.21492,-1.16,0.05086,0.0,1.0,1.0,0.0,0.0,0.0
7ytsk46mycr5hs5myqn_0045,0.0,0,37	-0.49344,-1.43805,0.38953,-0.19754,-0.37416,-1.90776,0.83045,1.52036,1.26773,0.77758,38.25,43.0625,357.76397,167.70186,0.3,0.3,0.0,0.0,0.0,0.0,0.0,0.0,0.0,0,0,241.23857,-1.1,0.05154,0.0,1.0,0.0,0.0,0.0,0.0
1n2voel1y05zac0u6ah1_0000,0.0,0,37	-0.49344,-1.43805,1.6031,-0.57319,-1.86396,-0.17777,1.45227,1.08455,1.19114,0.42348,58.09006,47.25798,44.10609,309.35295,0.3,0.3,0.0,0.0,0.0,0.0,0.0,0.0,0.0,0,0,1.46055,-0.94,0.77854,0.0,0.0,1.0,1.0,0.0,0.0
7olzjyway1ch66ilfb3_0004,0.0,0,36	-0.49344,-1.43805,1.51249,-0.19408,-0.76931,1.68756,1.4996,0.8464,0.8779,0.47653,53.22438,53.10247,311.99019,129.29339,0.3,0.3,0.0,0.0,0.0,0.0,0.0,0.0,0.0,0,0,1.30985,-2.13999,0.96582,0.0,0.0,1.0,1.0,0.0,0.0
22ydbpmdxpszditrpj48_0004,0.0,0,36	-0.49344,-1.43805,1.58727,0.00265,-0.88728,1.39409,1.53866,1.26024,1.35512,0.49033,46.68278,41.15333,133.67468,221.2351,0.3,0.3,0.0,0.0,0.0,0.0,0.0,0.0,0.0,0,0,0.48439,0.0,2.19793,0.0,0.0,1.0,0.0,0.0,0.0
25k0wr8o8rlwkgfx61ya_0004,0.0,0,36	-0.49344,-1.43805,2.07129,-0.32669,-1.64013,-1.53043,1.30805,1.51465,1.18516,0.45509,58.54757,55.42125,52.30961,45.75937,0.3,0.3,0.0,0.0,0.0,0.0,0.0,0.0,0.0,0,0,2.03599,-1.12,0.67082,0.0,0.0,0.0,0.0,0.0,0.0
7o10iqv5191hi5l1eo9_0013,0.0,0,36	-0.49344,-1.43805,0.21021,-0.95851,1.73287,-0.16826,1.49712,1.40749,1.22394,0.35793,42.14279,51.88909,239.36647,308.34265,0.3,0.3,0.0,0.0,0.0,0.0,0.0,0.0,0.0,0,0,0.47402,0.0,1.55723,0.0,0.0,1.0,0.0,0.0,0.0
27az0bh6d0y5i6c4mcpq_0011,0.0,0,36	-0.49344,-1.43805,-0.60542,0.42213,-1.7385,1.82374,0.68674,1.46803,1.30977,0.41239,47.49874,41.93105,308.44543,42.63112,0.3,0.3,0.0,0.0,0.0,0.0,0.0,0.0,0.0,0,0,2.21931,-0.74,0.59769,0.0,0.0,1.0,1.0,0.0,0.0
27az0bh6d0y5i6c4mcpq_0040,0.0,0,36	-0.49344,-1.43805,0.07327,0.82563,-0.71089,1.86079,0.98681,1.49183,0.81423,0.46352,60.48161,43.05769,49.37011,46.10603,0.3,0.3,0.0,0.0,0.0,0.0,0.0,0.0,0.0,0,0,1.28104,-1.26,1.03888,0.0,0.0,0.0,0.0,0.0,0.0
25sfwqbiaape94zp2pkr_0001,0.0,0,36	-0.49344,-1.43805,1.54014,0.11392,-1.83073,-0.46362,1.58351,1.10418,1.34331,0.42237,50.62602,42.40832,306.41557,311.44348,0.3,0.3,0.0,0.0,0.0,0.0,0.0,0.0,0.0,0,0,1.29257,-0.98,0.87666,0.0,0.0,1.0,1.0,0.0,0.0
7ytsk46mycr5hs5myqn_0002,0.0,0,36	-0.49344,-1.43805,0.38953,-0.19754,-0.37416,-1.90776,0.90782,1.52036,0.65242,0.79689,38.25,43.0625,357.76397,167.70186,0.3,0.3,0.0,0.0,0.0,0.0,0.0,0.0,0.0,0,0,202.59164,-1.1,0.05682,0.0,1.0,1.0,2.0,0.0,0.0
7ytsk46mycr5hs5myqn_0004,0.0,0,36	-0.49344,-1.43805,0.38953,-0.19754,-0.37416,-1.90776,0.90782,1.52036,1.37322,0.70036,38.25,43.0625,357.76397,167.70186,0.3,0.3,0.0,0.0,0.0,0.0,0.0,0.0,0.0,0,0,202.59164,-1.1,0.05682,0.0,1.0,1.0,2.0,0.0,0.0
7ytsk46mycr5hs5myqn_0015,0.0,0,36	-0.49344,-1.43805,0.44433,-1.74587,0.50186,-1.90776,1.52425,1.23808,1.57246,0.59418,50.12261,56.07622,226.54487,238.27912,0.3,0.3,0.0,0.0,0.0,0.0,0.0,0.0,0.0,0,0,0.53922,-0.2,1.53986,0.0,1.0,1.0,1.0,0.0,0.0
7ytsk46mycr5hs5myqn_0020,0.0,0,36	-0.49344,-1.43805,0.38953,0.22816,-0.85301,-1.90776,1.2229,1.5163,0.97473,0.73576,42.97494,52.55521,297.79621,43.76791,0.3,0.3,0.0,0.0,0.0,0.0,0.0,0.0,0.0,0,0,13.25755,-0.96,0.25176,0.0,1.0,1.0,0.0,0.0,0.0
7ytsk46mycr5hs5myqn_0032,0.0,0,36	-0.49344,-1.43805,0.38953,-0.19754,-0.37416,-1.90776,0.90782,1.52036,1.00989,0.66819,38.25,43.0625,357.76397,167.70186,0.3,0.3,0.0,0.0,0.0,0.0,0.0,0.0,0.0,0,0,202.59164,-1.1,0.05682,0.0,1.0,1.0,0.0,0.0,0.0
7ytsk46mycr5hs5myqn_0036,0.0,0,36	-0.49344,-1.43805,0.38953,-0.19754,-0.37416,-1.90776,0.90782,1.52036,0.65242,0.79689,38.25,43.0625,357.76397,167.70186,0.3,0.3,0.0,0.0,0.0,0.0,0.0,0.0,0.0,0,0,202.59164,-1.1,0.05682,0.0,1.0,1.0,0.0,0.0,0.0
7ytsk46mycr5hs5myqn_0037,0.0,0,36	-0.49344,-1.43805,0.38953,-0.19754,-0.37416,-1.90776,0.90782,1.52036,0.74032,0.73254,38.25,43.0625,357.76397,167.70186,0.3,0.3,0.0,0.0,0.0,0.0,0.0,0.0,0.0,0,0,202.59164,-1.1,0.05682,0.0,1.0,1.0,0.0,0.0,0.0
7ytsk46mycr5hs5myqn_0042,0.0,0,36	-0.49344,-1.43805,0.44433,-1.74587,0.50186,-1.90776,1.52425,1.23808,1.16603,0.44149,50.12261,56.07622,226.54487,238.27912,0.3,0.3,0.0,0.0,0.0,0.0,0.0,0.0,0.0,0,0,0.53922,-0.2,1.53986,0.0,0.0,1.0,0.0,0.0,0.0
7ytsk46mycr5hs5myqn_0043,0.0,0,36	-0.49344,-1.43805,0.38953,-0.19754,-0.37416,-1.90776,0.90782,1.52036,1.34391,0.80654,38.25,43.0625,357.76397,167.70186,0.3,0.3,0.0,0.0,0.0,0.0,0.0,0.0,0.0,0,0,202.59164,-1.1,0.05682,0.0,1.0,0.0,0.0,0.0,0.0
27bx63u5f3z2yxjjja14_0000,0.0,0,36	-0.49344,-1.43805,0.90062,-0.53981,-0.67117,1.08171,1.0656,1.3627,1.28148,0.38213,43.875,41.9375,308.57142,199.00621,0.3,0.3,0.0,0.0,0.0,0.0,0.0,0.0,0.0,0,0,1.93037,-1.48,0.77093,0.0,1.0,1.0,2.0,0.0,0.0
27j5p5hructxdhuv8th8_0000,0.0,0,35	-0.49344,-1.43805,0.30479,-0.41305,-0.68328,0.11412,1.50087,0.88725,1.34866,0.42181,48.79143,50.48091,128.37517,52.99411,0.3,0.3,0.0,0.0,0.0,0.0,0.0,0.0,0.0,0,0,7.21559,-0.96,0.3407,0.0,0.0,1.0,1.0,0.0,0.0
7x1u48jqcqseot4arsf_0004,0.0,0,35	-0.49344,-1.43805,1.62715,0.28415,-0.99598,-0.23828,1.54579,1.31598,0.99433,0.33644,47.92409,54.26411,228.45465,133.56895,0.3,0.3,0.0,0.0,0.0,0.0,0.0,0.0,0.0,0,0,2.41417,-1.52,0.67608,0.0,0.0,1.0,0.0,0.0,0.0
27az0bh6d0y5i6c4mcpq_0018,0.0,0,35	-0.49344,-1.43805,2.92041,-0.83056,-0.16921,-1.51408,0.81976,1.36966,0.77572,0.33962,57.65142,46.10875,309.57294,302.58123,0.3,0.3,0.0,0.0,0.0,0.0,0.0,0.0,0.0,0,0,0.72189,-1.82,1.14255,0.0,0.0,1.0,0.0,0.0,0.0
