2gxii17wrx4gyrcsajw6_0002,0.631578947368421,24,38	-0.54962,0.12782,-0.36991,-0.84946,-0.5931,0.28701,0.95397,0.78733,0.53931,0.32651,92.46412,69.94114,331.9529,319.64518,0.3,0.3,0.0,0.0,0.0,0.0,0.0,0.0,0.63157,0,0,11.02223,-0.36,0.25677,0.0,1.0,1.0,0.0,0.0,0.0
2gxii17wrx4gyrcsajw6_0004,0.631578947368421,24,38	-0.54962,0.12782,-0.36991,-0.77065,-0.30062,0.28701,0.90492,0.78959,0.53931,0.32651,92.46412,69.94114,331.9529,319.64518,0.3,0.3,0.0,0.0,0.0,0.0,0.0,0.0,0.63157,0,0,20.43177,-0.36,0.18087,0.0,0.0,1.0,0.0,0.0,0.0
8up1m0vnt8fk0haappf_0002,0.6216216216216216,23,37	-0.54962,0.12782,0.06548,0.95347,-1.36065,-0.36251,1.27053,0.84262,0.30948,0.52603,92.22496,55.93378,337.81609,24.16386,0.3,0.3,0.0,0.0,0.0,0.0,0.0,0.0,0.62162,0,0,9.25857,-2.41999,0.30153,0.0,1.0,1.0,1.0,0.0,0.0
8wahrxi4aq8wgptt24x_0005,0.5833333333333334,21,36	-0.54962,0.12782,-0.51901,-0.12547,-1.05199,0.52668,1.3368,0.67765,0.52318,0.45688,95.11128,69.43585,29.23514,138.73073,0.3,0.3,0.0,0.0,0.0,0.0,0.0,0.0,0.58333,0,0,4.11006,-0.61999,0.51926,0.0,1.0,1.0,0.0,0.0,0.0
2fmzdqbbdektqdygovno_0001,0.5789473684210527,22,38	-0.54962,0.12782,0.64018,-0.0463,-0.10516,-0.38724,0.82747,0.47246,0.49919,0.39409,87.69007,67.43472,13.06223,333.17867,0.3,0.3,0.0,0.0,0.0,0.0,0.0,0.0,0.57894,0,0,37.01248,-1.3,0.12412,0.0,0.0,1.0,1.0,0.0,0.0
2fmzdqbbdektqdygovno_0003,0.5555555555555556,20,36	-0.54962,0.12782,0.64018,-0.0463,-0.10516,-0.38724,0.86824,0.60488,0.49919,0.39409,87.69007,67.43472,13.06223,333.17867,0.3,0.3,0.0,0.0,0.0,0.0,0.0,0.0,0.55555,0,0,44.4608,-1.2,0.11631,0.0,1.0,1.0,0.0,0.0,0.0
2hd2wf6us9gygpa2epys_0012,0.5555555555555556,20,36	-0.54962,0.12782,0.23447,1.22757,-0.87315,0.6997,1.20788,0.9197,0.24944,0.55582,98.07991,54.22294,21.98043,321.35654,0.3,0.3,0.0,0.0,0.0,0.0,0.0,0.0,0.55555,0,0,6.97704,-6.6,0.33108,0.0,0.0,1.0,0.0,0.0,0.0
8wnlcj8jodfb13792in_0001,0.5428571428571428,19,35	-0.54962,0.12782,0.06548,0.64143,-1.11643,0.88129,0.84845,0.84262,0.30948,0.52603,92.22496,55.93378,337.81609,24.16386,0.3,0.3,0.0,0.0,0.0,0.0,0.0,0.0,0.54285,0,0,8.01295,-2.05999,0.31731,0.0,1.0,1.0,1.0,0.0,0.0
8wnlcj8jodfb13792in_0000,0.5405405405405406,20,37	-0.54962,0.12782,0.06548,0.64143,-1.11643,0.88129,0.82207,1.12458,0.30948,0.52603,92.22496,55.93378,337.81609,24.16386,0.3,0.3,0.0,0.0,0.0,0.0,0.0,0.0,0.54054,0,0,9.89578,-1.62,0.29662,0.0,1.0,1.0,2.0,0.0,0.0
2gxii17wrx4gyrcsajw6_0001,0.5333333333333333,56,105	-0.54962,0.12782,0.12509,0.50274,-0.83732,0.28701,1.08587,0.45008,0.52331,0.34502,86.86455,55.83273,348.72428,148.42085,0.3,0.3,0.0,0.0,0.0,0.0,0.0,0.0,0.53333,0,0,11.06724,-1.64,0.26106,0.0,1.0,1.0,1.0,0.0,0.0
2gwnwbusm9ki4uacyhwx_0000,0.5277777777777778,19,36	-0.54962,0.12782,-0.3059,0.32938,-0.87221,-0.74534,1.13203,0.57171,0.29626,0.21901,83.57331,66.98342,27.91249,320.13696,0.3,0.3,0.0,0.0,0.0,0.0,0.0,0.0,0.52777,0,0,10.14247,-1.06,0.29402,0.0,1.0,1.0,1.0,0.0,0.0
8wd0cj8uiex3chxvjb1_0009,0.5277777777777778,19,36	-0.54962,0.12782,-1.78424,-1.28287,0.0778,-2.36347,0.70224,0.59649,0.50345,0.48318,98.57486,59.23009,164.7842,147.86954,0.3,0.3,0.0,0.0,0.0,0.0,0.0,0.0,0.52777,0,0,2.24936,-0.74,0.44643,0.0,0.0,1.0,0.0,0.0,0.0
8up1m0vnt8fk0haappf_0000,0.5277777777777778,19,36	-0.54962,0.12782,-0.81975,-0.68124,-0.12801,-0.36251,1.258,1.06559,0.30925,0.51444,82.55856,58.35721,344.39361,27.57914,0.3,0.3,0.0,0.0,0.0,0.0,0.0,0.0,0.52777,0,0,31.70635,-0.65999,0.155,0.0,0.0,1.0,1.0,0.0,0.0
8w9ok2rnlk0rk69a17p_0000,0.5,18,36	-0.54962,0.12782,-4.58578,-0.35821,0.02335,-1.19638,0.7286,0.27245,0.38904,0.4755,90.6164,69.74963,150.52948,35.08282,0.3,0.3,0.0,0.0,0.0,0.0,0.0,0.0,0.5,0,0,0.73656,-5.69999,0.96599,0.0,0.0,0.0,0.0,0.0,0.0
8up1m0vnt8fk0haappf_0005,0.5,18,36	-0.54962,0.12782,0.08791,0.69006,-0.82677,-0.36251,1.06478,0.89865,0.26604,0.28951,82.57791,53.83402,341.84092,152.02658,0.3,0.3,0.0,0.0,0.0,0.0,0.0,0.0,0.5,0,0,19.36977,-1.26,0.20371,0.0,0.0,1.0,0.0,0.0,0.0
2h69ken7h1ab4rz2fxex_0014,0.4864864864864865,18,37	-0.54962,0.12782,2.15096,-0.8813,-0.30398,1.85329,1.32765,1.03821,0.5247,0.53809,98.76021,55.32273,26.68157,29.37084,0.3,0.3,0.0,0.0,0.0,0.0,0.0,0.0,0.48648,0,0,3.73808,-1.0,0.45029,0.0,0.0,1.0,0.0,0.0,0.0
2gxii17wrx4gyrcsajw6_0000,0.4864864864864865,18,37	-0.54962,0.12782,2.34273,0.16379,0.1328,0.28701,0.77138,0.73632,0.55971,0.60225,99.40199,62.72089,22.91015,27.45155,0.3,0.3,0.0,0.0,0.0,0.0,0.0,0.0,0.48648,0,0,3.39124,-1.74,0.4363,0.0,0.0,1.0,1.0,0.0,0.0
8wahrxi4aq8wgptt24x_0003,0.4854368932038835,50,103	-0.54962,0.12782,-0.51901,-0.12547,-1.05199,0.52668,1.3368,0.67765,0.52318,0.45688,86.9375,78.3125,24.59627,102.85714,0.3,0.3,0.0,0.0,0.0,0.0,0.0,0.0,0.48543,0,0,4.11006,-0.61999,0.51926,0.0,1.0,1.0,1.0,0.0,0.0
2gz3g5wh2zdp40ph0m1d_0011,0.4722222222222222,17,36	-0.54962,0.12782,0.72496,-0.45871,-0.12804,-0.82384,0.79205,0.60311,0.38416,0.44976,88.48204,56.30958,163.23241,318.15546,0.3,0.3,0.0,0.0,0.0,0.0,0.0,0.0,0.47222,0,0,25.39967,-0.86,0.15454,0.0,0.0,1.0,0.0,0.0,0.0
8wd0cj8uiex3chxvjb1_0013,0.4722222222222222,17,36	-0.54962,0.12782,0.62169,-0.72581,-0.77448,1.63166,1.04568,0.61047,0.47845,0.46962,93.93909,69.54268,11.04181,31.07658,0.3,0.3,0.0,0.0,0.0,0.0,0.0,0.0,0.47222,0,0,3.01918,-1.02,0.60006,0.0,0.0,1.0,0.0,0.0,0.0
8up1m0vnt8fk0haappf_0006,0.4722222222222222,17,36	-0.54962,0.12782,0.08791,0.69006,-0.82677,-0.36251,1.06478,0.89865,0.26604,0.28951,80.1875,53.83402,337.63975,152.02658,0.3,0.3,0.0,0.0,0.0,0.0,0.0,0.0,0.47222,0,0,19.36977,-1.26,0.20371,0.0,1.0,0.0,0.0,0.0,0.0
2fmzdqbbdektqdygovno_0000,0.4444444444444444,16,36	-0.54962,0.12782,0.0848,0.70452,-1.2686,-0.38724,0.80856,1.10127,0.33734,0.39053,93.71252,66.6341,168.41634,329.79425,0.3,0.3,0.0,0.0,0.0,0.0,0.0,0.0,0.44444,0,0,10.38801,-1.74,0.28415,0.0,0.0,1.0,1.0,0.0,0.0
8wahrxi4aq8wgptt24x_0006,0.4444444444444444,16,36	-0.54962,0.12782,1.52952,-0.6663,-0.34133,0.52668,0.6506,0.94766,0.30082,0.22409,91.4375,66.875,319.75155,140.86956,0.3,0.3,0.0,0.0,0.0,0.0,0.0,0.0,0.44444,0,0,2.72114,-1.42,0.5435,0.0,1.0,1.0,0.0,0.0,0.0
8wahrxi4aq8wgptt24x_0002,0.4368932038834951,45,103	-0.54962,0.12782,-0.51901,-0.12547,-1.05199,0.52668,1.3368,0.67765,0.52318,0.45688,86.9375,78.3125,24.59627,102.85714,0.3,0.3,0.0,0.0,0.0,0.0,0.0,0.0,0.43689,0,0,4.11006,-0.61999,0.51926,0.0,1.0,1.0,1.0,0.0,0.0
2gf59i2pemadlav9b851_0001,0.42857142857142855,45,105	-0.54962,0.12782,0.25572,-0.77904,-0.59702,0.32865,1.45805,0.89797,0.25552,0.31872,97.18069,58.91167,24.26132,220.57723,0.3,0.3,0.0,0.0,0.0,0.0,0.0,0.0,0.42857,0,0,17.38403,-0.44,0.2361,0.0,0.0,0.0,0.0,0.0,0.0
2h69ken7h1ab4rz2fxex_0006,0.4166666666666667,15,36	-0.54962,0.12782,1.54968,-0.52499,-0.21478,0.78381,0.86757,0.95675,0.50963,0.62301,99.06969,71.35226,24.88422,323.31594,0.3,0.3,0.0,0.0,0.0,0.0,0.0,0.0,0.41666,0,0,15.2506,-0.96,0.20134,0.0,0.0,1.0,1.0,0.0,0.0
8wd0cj8uiex3chxvjb1_0018,0.4166666666666667,15,36	-0.54962,0.12782,-0.17513,-1.02204,-0.90188,0.47312,1.37669,0.91029,0.49213,0.61606,91.57551,59.44406,28.24411,222.73018,0.3,0.3,0.0,0.0,0.0,0.0,0.0,0.0,0.41666,0,0,11.8691,-0.32,0.28265,0.0,0.0,0.0,0.0,0.0,0.0
8ouebd94tklhh0ayzi3_0000,0.4166666666666667,15,36	-0.54962,0.12782,2.0545,-0.00721,-0.0761,1.4616,0.77112,0.93341,0.47276,0.33056,85.4067,62.76556,12.11782,33.35616,0.3,0.3,0.0,0.0,0.0,0.0,0.0,0.0,0.41666,0,0,6.07963,-1.12,0.31368,0.0,0.0,0.0,0.0,0.0,0.0
2gxii17wrx4gyrcsajw6_0003,0.41346153846153844,43,104	-0.54962,0.12782,-0.51901,-0.19069,-1.11643,0.28701,1.32329,0.80944,0.52318,0.45688,95.11128,69.43585,29.23514,138.73074,0.3,0.3,0.0,0.0,0.0,0.0,0.0,0.0,0.41346,0,0,4.12758,-0.57999,0.52506,0.0,1.0,1.0,0.0,0.0,0.0
8wd0cj8uiex3chxvjb1_0011,0.40540540540540543,15,37	-0.54962,0.12782,-4.21758,-0.04576,0.32957,-2.36347,0.78695,1.02384,0.48606,0.58645,96.65385,72.17603,207.36468,222.76173,0.3,0.3,0.0,0.0,0.0,0.0,0.0,0.0,0.40540,0,0,2.44482,-1.66,0.47246,0.0,0.0,1.0,0.0,0.0,0.0
8wahrxi4aq8wgptt24x_0007,0.40540540540540543,15,37	-0.54962,0.12782,1.52952,-0.6663,-0.34133,0.52668,0.6506,0.94766,0.30082,0.22409,91.4375,66.875,319.75155,140.86956,0.3,0.3,0.0,0.0,0.0,0.0,0.0,0.0,0.40540,0,0,2.72114,-1.42,0.5435,0.0,1.0,1.0,0.0,0.0,0.0
2gws9fr45sdnkjno30q3_0006,0.4,14,35	-0.54962,0.12782,1.17482,-0.76188,-0.50297,-0.4412,1.03633,0.85766,0.55869,0.4568,87.85704,69.74433,16.93337,150.81076,0.3,0.3,0.0,0.0,0.0,0.0,0.0,0.0,0.4,0,0,7.22374,-0.57999,0.29656,0.0,0.0,1.0,0.0,0.0,0.0
2h69ken7h1ab4rz2fxex_0005,0.35135135135135137,13,37	-0.54962,0.12782,0.8986,-2.09425,-0.60986,0.78381,0.81079,0.74374,0.5583,0.28334,82.28676,59.2922,341.7174,42.22097,0.3,0.3,0.0,0.0,0.0,0.0,0.0,0.0,0.35135,0,0,1.32146,-0.36,0.67678,0.0,0.0,1.0,1.0,0.0,0.0
2gz3g5wh2zdp40ph0m1d_0007,0.35135135135135137,13,37	-0.54962,0.12782,-3.65566,0.34415,0.08371,-0.82384,1.39618,0.57656,0.43208,0.58803,87.38062,68.48849,12.56917,334.93388,0.3,0.3,0.0,0.0,0.0,0.0,0.0,0.0,0.35135,0,0,0.89397,-1.4,0.85043,0.0,0.0,1.0,0.0,0.0,0.0
2haaxpn68qa3lg0hfp50_0000,0.3333333333333333,12,36	-0.54962,0.12782,-0.1311,1.01318,-1.24396,-0.74534,1.36945,1.03059,0.21433,0.15889,92.22496,55.93378,337.81609,24.16386,0.3,0.3,0.0,0.0,0.0,0.0,0.0,0.0,0.33333,0,0,12.26212,-1.52,0.27563,0.0,1.0,0.0,0.0,0.0,0.0
2gwnwbusm9ki4uacyhwx_0003,0.3333333333333333,12,36	-0.54962,0.12782,0.83365,0.19069,-0.38377,-0.74534,1.46178,0.37821,0.29626,0.2224,81.00734,62.47619,166.67056,34.29507,0.3,0.3,0.0,0.0,0.0,0.0,0.0,0.0,0.33333,0,0,17.24922,-1.0,0.20656,0.0,1.0,1.0,0.0,0.0,0.0
2gws9fr45sdnkjno30q3_0003,0.3333333333333333,12,36	-0.54962,0.12782,0.12509,0.72207,-0.70898,-0.4412,0.59097,0.31196,0.52331,0.34502,86.86455,55.83273,348.72428,148.42085,0.3,0.3,0.0,0.0,0.0,0.0,0.0,0.0,0.33333,0,0,6.83672,-4.73999,0.27453,0.0,1.0,1.0,1.0,0.0,0.0
2gv8t6polfhazqwbf8r1_0002,0.3333333333333333,12,36	-0.54962,0.12782,-0.05942,-1.24641,-1.37707,0.8951,1.42914,0.99788,0.49743,0.60299,83.89384,66.76227,349.25516,24.51553,0.3,0.3,0.0,0.0,0.0,0.0,0.0,0.0,0.33333,0,0,3.85612,-0.12,0.51021,0.0,0.0,1.0,0.0,0.0,0.0
2gf59i2pemadlav9b851_0004,0.32432432432432434,12,37	-0.54962,0.12782,0.30291,0.79346,-0.69229,-0.21581,0.42053,1.05992,0.52692,0.36071,87.2312,63.90463,19.32473,139.82649,0.3,0.3,0.0,0.0,0.0,0.0,0.0,0.0,0.32432,0,0,23.29641,-2.53999,0.16046,0.0,0.0,0.0,0.0,0.0,0.0
8wnlcj8jodfb13792in_0002,0.32432432432432434,12,37	-0.54962,0.12782,0.50526,0.78235,-0.71215,0.88129,0.98941,0.84978,0.44446,0.34085,92.24784,59.89391,23.26848,322.96971,0.3,0.3,0.0,0.0,0.0,0.0,0.0,0.0,0.32432,0,0,24.18857,-2.89999,0.16415,0.0,0.0,1.0,0.0,0.0,0.0
2gwnwbusm9ki4uacyhwx_0002,0.3055555555555556,11,36	-0.54962,0.12782,-1.4128,-0.62235,-0.78113,-0.74534,0.81638,0.77208,0.45126,0.48428,84.5197,53.98782,29.64359,329.75324,0.3,0.3,0.0,0.0,0.0,0.0,0.0,0.0,0.30555,0,0,2.01371,-0.67999,0.55368,0.0,0.0,1.0,1.0,0.0,0.0
2gws9fr45sdnkjno30q3_0001,0.3055555555555556,11,36	-0.54962,0.12782,0.12509,0.72207,-0.70898,-0.4412,0.59097,0.31196,0.52331,0.34502,86.86455,55.83273,348.72428,148.42085,0.3,0.3,0.0,0.0,0.0,0.0,0.0,0.0,0.30555,0,0,6.83672,-4.73999,0.27453,0.0,1.0,1.0,1.0,0.0,0.0
2gv8t6polfhazqwbf8r1_0004,0.3055555555555556,11,36	-0.54962,0.12782,0.78759,-0.14029,-0.28441,0.8951,1.07234,1.03273,0.25112,0.56732,92.77667,58.84067,209.26928,38.40472,0.3,0.3,0.0,0.0,0.0,0.0,0.0,0.0,0.30555,0,0,67.63185,-0.78,0.10109,0.0,0.0,1.0,0.0,0.0,0.0
2hd2wf6us9gygpa2epys_0011,0.2972972972972973,11,37	-0.54962,0.12782,0.54172,-0.98545,-0.64519,0.6997,0.52811,0.95165,0.41555,0.55424,96.22621,72.9474,343.00848,154.40166,0.3,0.3,0.0,0.0,0.0,0.0,0.0,0.0,0.29729,0,0,4.05649,-0.59999,0.4568,0.0,0.0,1.0,0.0,0.0,0.0
8wahrxi4aq8wgptt24x_0014,0.2972972972972973,11,37	-0.54962,0.12782,0.68081,-0.1696,-0.18143,0.42175,0.91504,0.94128,0.45747,0.43671,87.19655,66.82268,198.61791,36.97604,0.3,0.3,0.0,0.0,0.0,0.0,0.0,0.0,0.29729,0,0,30.37953,-0.57999,0.15003,0.0,0.0,0.0,0.0,0.0,0.0
2hd2wf6us9gygpa2epys_0014,0.2857142857142857,10,35	-0.54962,0.12782,-0.52882,0.24416,-0.27767,0.6997,0.41391,0.81996,0.36688,0.49825,99.64699,56.64536,207.00051,213.66492,0.3,0.3,0.0,0.0,0.0,0.0,0.0,0.0,0.28571,0,0,31.57429,-1.84,0.13197,0.0,0.0,1.0,0.0,0.0,0.0
2fmzdqbbdektqdygovno_0006,0.2571428571428571,9,35	-0.54962,0.12782,-0.46647,0.92811,-0.62668,-0.38724,0.74967,1.04936,0.37893,0.39797,95.89206,59.22947,191.417,141.38441,0.3,0.3,0.0,0.0,0.0,0.0,0.0,0.0,0.25714,0,0,46.50909,-2.37999,0.11541,0.0,0.0,1.0,0.0,0.0,0.0
2gz3g5wh2zdp40ph0m1d_0009,0.2571428571428571,9,35	-0.54962,0.12782,-3.36844,-0.28129,-0.38639,-0.82384,1.24153,0.74732,0.41776,0.62679,88.39377,60.2605,194.31566,325.84859,0.3,0.3,0.0,0.0,0.0,0.0,0.0,0.0,0.25714,0,0,2.10353,-2.15999,0.61076,0.0,0.0,1.0,0.0,0.0,0.0
8up1m0vnt8fk0haappf_0001,0.25,9,36	-0.54962,0.12782,-0.81975,-0.68124,-0.12801,-0.36251,1.258,1.06559,0.30925,0.51444,82.55856,58.35721,344.39361,27.57914,0.3,0.3,0.0,0.0,0.0,0.0,0.0,0.0,0.25,0,0,31.70635,-0.65999,0.155,0.0,1.0,1.0,1.0,0.0,0.0
8w2cj1vhrtax66wygi3_0001,0.25,9,36	-0.54962,0.12782,0.2185,0.84946,-0.5931,-2.21907,1.25074,0.98083,0.23822,0.21308,95.1875,60.6875,160.99378,53.66459,0.3,0.3,0.0,0.0,0.0,0.0,0.0,0.0,0.25,0,0,106.81796,-2.45999,0.08237,0.0,1.0,1.0,1.0,0.0,0.0
2ggvxepvy07qedtd4g3v_0000,0.25,9,36	-0.54962,0.12782,0.42421,0.21285,-1.03275,-1.68947,1.12698,1.00887,0.4259,0.47252,95.54376,60.76283,13.51473,332.77086,0.3,0.3,0.0,0.0,0.0,0.0,0.0,0.0,0.25,0,0,10.19861,-1.28,0.30253,0.0,0.0,0.0,1.0,0.0,0.0
2hd2wf6us9gygpa2epys_0003,0.24324324324324326,9,37	-0.54962,0.12782,-0.46149,0.42885,-0.38728,-1.87623,0.51541,0.6265,0.51392,0.49445,87.4397,73.12982,27.12081,32.21679,0.3,0.3,0.0,0.0,0.0,0.0,0.0,0.0,0.24324,0,0,34.34687,-2.19999,0.12253,0.0,0.0,1.0,1.0,0.0,0.0
8wd0cj8uiex3chxvjb1_0005,0.23684210526315788,9,38	-0.54962,0.12782,0.49912,0.12067,-0.8751,1.63166,0.88122,0.95358,0.44872,0.54837,90.07362,73.28063,10.07932,141.4742,0.3,0.3,0.0,0.0,0.0,0.0,0.0,0.0,0.23684,0,0,3.85006,-0.7,0.53207,0.0,0.0,1.0,1.0,0.0,0.0
2gwnwbusm9ki4uacyhwx_0001,0.22857142857142856,8,35	-0.54962,0.12782,0.16008,0.32938,-0.87221,-0.74534,1.00673,1.12458,0.14832,0.09624,83.57331,66.98342,27.91249,320.13696,0.3,0.3,0.0,0.0,0.0,0.0,0.0,0.0,0.22857,0,0,22.32777,-0.88,0.19785,0.0,1.0,1.0,1.0,0.0,0.0
2h12attnnl7p2lir4env_0002,0.2222222222222222,8,36	-0.54962,0.12782,-4.98136,-0.26544,-0.13576,-1.58121,1.41227,1.12183,0.4381,0.48314,93.76209,57.96703,161.3182,221.33445,0.3,0.3,0.0,0.0,0.0,0.0,0.0,0.0,0.22222,0,0,8.80954,-2.57999,0.28161,0.0,0.0,1.0,0.0,0.0,0.0
2gwnwbusm9ki4uacyhwx_0006,0.2222222222222222,8,36	-0.54962,0.12782,0.16008,1.11213,-0.56244,-0.74534,1.3946,0.44339,0.2952,0.47049,83.57331,66.98342,207.91249,140.13696,0.3,0.3,0.0,0.0,0.0,0.0,0.0,0.0,0.22222,0,0,160.20948,-5.19999,0.06234,0.0,0.0,1.0,0.0,0.0,0.0
8wahrxi4aq8wgptt24x_0004,0.2222222222222222,8,36	-0.54962,0.12782,1.52952,-0.6663,-0.34133,0.52668,0.6506,0.94766,0.30082,0.22409,87.125,59.1875,304.09937,248.19875,0.3,0.3,0.0,0.0,0.0,0.0,0.0,0.0,0.22222,0,0,2.72114,-1.42,0.5435,0.0,1.0,1.0,0.0,0.0,0.0
8wahrxi4aq8wgptt24x_0009,0.2222222222222222,8,36	-0.54962,0.12782,-4.96196,-0.1762,0.11508,0.52668,1.22496,0.98341,0.46067,0.60993,84.75195,58.74526,337.27886,318.85452,0.3,0.3,0.0,0.0,0.0,0.0,0.0,0.0,0.22222,0,0,9.83342,-5.05999,0.26688,0.0,0.0,1.0,0.0,0.0,0.0
2gws9fr45sdnkjno30q3_0010,0.21621621621621623,8,37	-0.54962,0.12782,1.43943,-0.75029,-0.9839,-1.65767,0.90912,0.99026,0.55193,0.52106,88.92661,55.40293,161.31242,137.69189,0.3,0.3,0.0,0.0,0.0,0.0,0.0,0.0,0.21621,0,0,1.71816,-0.55999,0.61092,0.0,0.0,0.0,0.0,0.0,0.0
2gv8t6polfhazqwbf8r1_0001,0.21621621621621623,8,37	-0.54962,0.12782,0.84571,-0.47483,-0.99319,0.8951,0.48167,1.03399,0.57958,0.47181,87.33743,72.66186,24.09644,205.58059,0.3,0.3,0.0,0.0,0.0,0.0,0.0,0.0,0.21621,0,0,2.17122,-0.61999,0.61162,0.0,0.0,1.0,1.0,0.0,0.0
2hd2wf6us9gygpa2epys_0018,0.21621621621621623,8,37	-0.54962,0.12782,-0.084,0.05609,1.71572,-0.41857,1.37941,0.69162,0.31193,0.28299,86.4647,58.06188,26.00458,208.24581,0.3,0.3,0.0,0.0,0.0,0.0,0.0,0.0,0.21621,0,0,4.04372,-0.18,0.53063,0.0,0.0,1.0,0.0,0.0,0.0
2h69ken7h1ab4rz2fxex_0012,0.21052631578947367,8,38	-0.54962,0.12782,0.17189,-0.00829,-0.13701,-0.88052,0.68395,0.76501,0.57723,0.5836,97.85788,67.38154,339.46291,209.39332,0.3,0.3,0.0,0.0,0.0,0.0,0.0,0.0,0.21052,0,0,3.8771,-0.38,0.49817,0.0,0.0,1.0,0.0,0.0,0.0
8p512aag25u4kt2we2v_0005,0.21052631578947367,8,38	-0.54962,0.12782,0.4668,-0.9136,-1.65218,2.32753,1.3059,1.03594,0.49083,0.54393,94.96826,69.11098,21.44814,332.56563,0.3,0.3,0.0,0.0,0.0,0.0,0.0,0.0,0.21052,0,0,2.79812,-0.24,0.62738,0.0,0.0,1.0,0.0,0.0,0.0
8wd0cj8uiex3chxvjb1_0019,0.2,7,35	-0.54962,0.12782,0.55802,0.21858,-1.06087,2.21851,0.80307,0.91324,0.4184,0.33011,88.65501,67.18096,14.49747,32.95922,0.3,0.3,0.0,0.0,0.0,0.0,0.0,0.0,0.2,0,0,4.06108,-1.62,0.50052,0.0,0.0,0.0,0.0,0.0,0.0
2g9l14xuus6zto5ppve5_0002,0.19444444444444445,7,36	-0.54962,0.12782,-1.53613,0.54591,0.63122,-1.32332,1.23714,0.65806,0.40378,0.57426,91.99761,61.62472,152.36598,33.49804,0.3,0.3,0.0,0.0,0.0,0.0,0.0,0.0,0.19444,0,0,1.0495,-0.53999,0.77852,0.0,0.0,0.0,0.0,0.0,0.0
2h69ken7h1ab4rz2fxex_0011,0.19444444444444445,7,36	-0.54962,0.12782,-0.48343,0.49832,0.44447,-0.88052,1.32589,1.10659,0.41558,0.37199,94.75663,66.31155,167.95083,216.10257,0.3,0.3,0.0,0.0,0.0,0.0,0.0,0.0,0.19444,0,0,9.15538,-0.63999,0.34191,0.0,0.0,1.0,0.0,0.0,0.0
2gz3g5wh2zdp40ph0m1d_0006,0.19444444444444445,7,36	-0.54962,0.12782,0.62775,-1.32963,-1.02875,1.85269,1.17,1.03481,0.40952,0.59821,81.92493,61.70198,14.16558,331.19587,0.3,0.3,0.0,0.0,0.0,0.0,0.0,0.0,0.19444,0,0,2.67591,-0.42,0.63938,0.0,0.0,1.0,1.0,0.0,0.0
8wahrxi4aq8wgptt24x_0011,0.19444444444444445,7,36	-0.54962,0.12782,0.28225,-0.13054,0.94616,1.06336,1.15135,0.61323,0.27602,0.5955,90.49961,56.76396,165.00652,145.91711,0.3,0.3,0.0,0.0,0.0,0.0,0.0,0.0,0.19444,0,0,6.13802,-0.38,0.3799,0.0,0.0,0.0,0.0,0.0,0.0
2fmzdqbbdektqdygovno_0004,0.1891891891891892,7,37	-0.54962,0.12782,0.89082,-0.19681,-0.8279,-0.38724,1.27413,0.72497,0.41325,0.41423,92.78722,57.88396,333.55582,146.28411,0.3,0.3,0.0,0.0,0.0,0.0,0.0,0.0,0.18918,0,0,4.50988,-0.9,0.4615,0.0,0.0,1.0,0.0,0.0,0.0
2h69ken7h1ab4rz2fxex_0003,0.1891891891891892,7,37	-0.54962,0.12782,-1.66244,-1.54108,-0.45427,0.78381,1.27342,0.91493,0.42675,0.54685,88.73578,56.84711,25.86021,325.66897,0.3,0.3,0.0,0.0,0.0,0.0,0.0,0.0,0.18918,0,0,1.39019,-0.7,0.75368,0.0,0.0,1.0,1.0,0.0,0.0
2hd2wf6us9gygpa2epys_0008,0.1891891891891892,7,37	-0.54962,0.12782,0.30305,-0.052,-0.9071,-1.87623,1.02652,0.57171,0.27645,0.34903,83.86801,56.48969,205.25307,139.68953,0.3,0.3,0.0,0.0,0.0,0.0,0.0,0.0,0.18918,0,0,8.50222,-0.94,0.32518,0.0,1.0,1.0,1.0,0.0,0.0
2hd2wf6us9gygpa2epys_0009,0.18421052631578946,7,38	-0.54962,0.12782,0.4283,-1.02282,-0.45355,-0.41857,1.24415,0.57724,0.48582,0.56517,98.28301,65.91038,20.37014,216.37082,0.3,0.3,0.0,0.0,0.0,0.0,0.0,0.0,0.18421,0,0,6.97902,-0.55999,0.36313,0.0,1.0,1.0,0.0,0.0,0.0
2gitxv07kdx9rn5843cy_0040,0.18421052631578946,7,38	-0.54962,0.12782,1.18915,0.29497,0.46871,2.3178,1.31376,0.44524,0.52763,0.56655,81.12367,68.38887,19.01498,29.90437,0.3,0.3,0.0,0.0,0.0,0.0,0.0,0.0,0.18421,0,0,2.43916,-0.67999,0.55199,0.0,0.0,1.0,0.0,0.0,0.0
2h69ken7h1ab4rz2fxex_0018,0.16666666666666666,6,36	-0.54962,0.12782,2.07737,-0.12957,-0.36155,1.85329,1.09393,0.78046,0.5829,0.37296,96.05487,73.13935,159.80971,318.41399,0.3,0.3,0.0,0.0,0.0,0.0,0.0,0.0,0.16666,0,0,4.87011,-1.68,0.39054,0.0,0.0,1.0,0.0,0.0,0.0
2gf59i2pemadlav9b851_0002,0.16666666666666666,6,36	-0.54962,0.12782,0.25941,0.41161,0.32104,0.7469,0.86576,0.70853,0.42395,0.57291,94.09795,57.45302,10.6368,219.00471,0.3,0.3,0.0,0.0,0.0,0.0,0.0,0.0,0.16666,0,0,26.91312,-1.04,0.16143,0.0,0.0,0.0,0.0,0.0,0.0
8wnlcj8jodfb13792in_0004,0.16666666666666666,6,36	-0.54962,0.12782,-0.10757,0.60675,-1.2211,0.88129,1.20458,0.85367,0.1267,0.22579,84.72646,66.5,153.68534,306.3354,0.3,0.3,0.0,0.0,0.0,0.0,0.0,0.0,0.16666,0,0,7.14382,-1.54,0.37459,0.0,1.0,0.0,0.0,0.0,0.0
2gz3g5wh2zdp40ph0m1d_0021,0.16666666666666666,6,36	-0.54962,0.12782,-0.23669,0.72123,-0.62363,1.85269,1.0309,0.48553,0.42762,0.55218,82.60714,71.1312,22.69308,26.08725,0.3,0.3,0.0,0.0,0.0,0.0,0.0,0.0,0.16666,0,0,6.36346,-1.58,0.37083,0.0,0.0,1.0,0.0,0.0,0.0
84kvxys369yw3orkyya_0000,0.16666666666666666,6,36	-0.54962,0.12782,-0.77139,0.5851,0.70308,-1.32776,1.09888,0.97702,0.32678,0.60984,92.06487,73.35663,19.55108,36.48834,0.3,0.3,0.0,0.0,0.0,0.0,0.0,0.0,0.16666,0,0,7.14531,-1.76,0.35577,0.0,0.0,0.0,0.0,0.0,0.0
8up1m0vnt8fk0haappf_0004,0.16666666666666666,6,36	-0.54962,0.12782,-0.8295,-0.53524,0.79094,-0.36251,1.27412,0.67369,0.52697,0.25891,97.66605,65.49883,167.85026,217.18743,0.3,0.3,0.0,0.0,0.0,0.0,0.0,0.0,0.16666,0,0,12.46038,-0.45999,0.23059,0.0,0.0,1.0,0.0,0.0,0.0
8vhu4qkki5b0xvjetb9_0000,0.16216216216216217,6,37	-0.54962,0.12782,-0.1782,-0.23659,-1.47276,1.92437,0.97926,0.88521,0.40346,0.50636,88.65294,72.15108,349.07679,36.23975,0.3,0.3,0.0,0.0,0.0,0.0,0.0,0.0,0.16216,0,0,3.37336,-2.29999,0.58256,0.0,1.0,0.0,1.0,0.0,0.0
8xeoywcr9x1n34ovfy3_0001,0.16216216216216217,6,37	-0.54962,0.12782,-1.03783,-0.41787,-1.22284,1.4029,1.36858,1.07595,0.57544,0.52188,85.63349,61.72386,345.36751,335.62369,0.3,0.3,0.0,0.0,0.0,0.0,0.0,0.0,0.16216,0,0,1.81933,-0.94,0.86323,0.0,0.0,0.0,0.0,0.0,0.0
2gws9fr45sdnkjno30q3_0004,0.16216216216216217,6,37	-0.54962,0.12782,-1.3994,-2.03797,0.88274,-0.74534,0.65016,0.97175,0.54267,0.61834,92.30346,59.79931,165.94464,205.1026,0.3,0.3,0.0,0.0,0.0,0.0,0.0,0.0,0.16216,0,0,0.42985,-0.38,1.26601,0.0,0.0,1.0,0.0,0.0,0.0
2gws9fr45sdnkjno30q3_0000,0.15789473684210525,6,38	-0.54962,0.12782,0.12509,0.72207,-0.70898,-0.4412,0.59097,0.31196,0.52331,0.34502,86.86455,55.83273,348.72428,148.42085,0.3,0.3,0.0,0.0,0.0,0.0,0.0,0.0,0.15789,0,0,6.83672,-4.73999,0.27453,0.0,1.0,1.0,1.0,0.0,0.0
2gws9fr45sdnkjno30q3_0008,0.15789473684210525,6,38	-0.54962,0.12782,0.28972,0.91163,-0.54181,2.42067,1.07854,0.57002,0.2259,0.29223,93.732,60.79284,346.86392,37.95204,0.3,0.3,0.0,0.0,0.0,0.0,0.0,0.0,0.15789,0,0,83.36573,-6.3,0.08423,0.0,0.0,0.0,0.0,0.0,0.0
2gv8t6polfhazqwbf8r1_0000,0.15789473684210525,6,38	-0.54962,0.12782,-2.4334,0.35638,-0.04235,0.8951,0.58657,1.04094,0.49816,0.52611,95.40957,53.90294,344.73654,137.91198,0.3,0.3,0.0,0.0,0.0,0.0,0.0,0.0,0.15789,0,0,1.13851,-1.34,0.77964,0.0,0.0,1.0,1.0,0.0,0.0
2hd2wf6us9gygpa2epys_0023,0.15789473684210525,6,38	-0.54962,0.12782,-0.33454,-0.9826,-0.49588,-1.87623,1.20941,0.87348,0.42539,0.26159,82.41977,59.97348,19.68571,40.95962,0.3,0.3,0.0,0.0,0.0,0.0,0.0,0.0,0.15789,0,0,16.14033,-0.42,0.23101,0.0,0.0,1.0,0.0,0.0,0.0
8wahrxi4aq8wgptt24x_0013,0.15789473684210525,6,38	-0.54962,0.12782,-0.96189,-0.40841,0.34986,-0.22567,0.46527,0.56245,0.40291,0.53526,86.13503,65.94796,166.27724,152.05656,0.3,0.3,0.0,0.0,0.0,0.0,0.0,0.0,0.15789,0,0,10.34251,-1.12,0.22776,0.0,0.0,0.0,0.0,0.0,0.0
8up1m0vnt8fk0haappf_0009,0.14285714285714285,5,35	-0.54962,0.12782,0.12509,0.71077,-0.73266,-2.37456,0.57146,0.30081,0.52331,0.34502,87.6875,51.3125,326.45962,326.45962,0.3,0.3,0.0,0.0,0.0,0.0,0.0,0.0,0.14285,0,0,5.04355,-5.43999,0.32249,0.0,1.0,0.0,0.0,0.0,0.0
8w2cj1vhrtax66wygi3_0003,0.14285714285714285,5,35	-0.54962,0.12782,-0.09576,0.81478,-0.62799,-2.21907,1.25074,0.98083,0.20522,0.18684,93.875,60.6875,163.22981,53.66459,0.3,0.3,0.0,0.0,0.0,0.0,0.0,0.0,0.14285,0,0,103.87657,-0.88,0.08493,0.0,1.0,1.0,0.0,0.0,0.0
2h12attnnl7p2lir4env_0003,0.1388888888888889,5,36	-0.54962,0.12782,-0.1271,-0.70594,-1.63585,-1.58121,1.26843,0.41196,0.46697,0.34878,88.74116,56.88032,349.2033,336.45111,0.3,0.3,0.0,0.0,0.0,0.0,0.0,0.0,0.13888,0,0,2.9151,-0.08,0.56359,0.0,0.0,1.0,0.0,0.0,0.0
2h69ken7h1ab4rz2fxex_0019,0.1388888888888889,5,36	-0.54962,0.12782,2.64659,0.2667,-0.27432,0.78381,1.07891,1.01473,0.43341,0.55207,91.6771,61.83998,194.77643,142.72346,0.3,0.3,0.0,0.0,0.0,0.0,0.0,0.0,0.13888,0,0,1.37248,-1.2,0.73928,0.0,0.0,1.0,0.0,0.0,0.0
2hd2wf6us9gygpa2epys_0017,0.1388888888888889,5,36	-0.54962,0.12782,1.12298,-0.22175,-0.30942,-0.41857,1.22751,0.43957,0.48439,0.61637,85.92549,67.95104,154.08785,150.5628,0.3,0.3,0.0,0.0,0.0,0.0,0.0,0.0,0.13888,0,0,21.50611,-1.08,0.17191,0.0,0.0,1.0,0.0,0.0,0.0
8up1m0vnt8fk0haappf_0008,0.1388888888888889,5,36	-0.54962,0.12782,0.12509,0.72207,-0.70898,-2.37456,0.57146,0.30634,0.52331,0.34502,86.86455,55.83273,348.72428,328.42085,0.3,0.3,0.0,0.0,0.0,0.0,0.0,0.0,0.13888,0,0,5.92459,-5.15999,0.29467,0.0,1.0,0.0,0.0,0.0,0.0
8wahrxi4aq8wgptt24x_0001,0.1388888888888889,5,36	-0.54962,0.12782,-2.39287,-0.42792,0.1614,0.52668,1.42306,0.8433,0.52808,0.61255,83.53627,68.12902,27.70693,149.60264,0.3,0.3,0.0,0.0,0.0,0.0,0.0,0.0,0.13888,0,0,2.24324,-4.71999,0.67288,0.0,0.0,1.0,1.0,0.0,0.0
8wahrxi4aq8wgptt24x_0010,0.1388888888888889,5,36	-0.54962,0.12782,-4.91904,0.18814,-0.00531,0.52668,1.45176,1.03527,0.46357,0.51222,99.99114,58.77813,27.70523,142.76712,0.3,0.3,0.0,0.0,0.0,0.0,0.0,0.0,0.13888,0,0,2.52683,-3.09999,0.58476,0.0,0.0,1.0,0.0,0.0,0.0
2gitxv07kdx9rn5843cy_0014,0.1388888888888889,5,36	-0.54962,0.12782,-0.02134,0.19069,-1.39554,2.3178,1.442,1.0527,0.29057,0.20631,96.875,71.0,344.34782,252.6708,0.3,0.3,0.0,0.0,0.0,0.0,0.0,0.0,0.13888,0,0,5.70451,-1.38,0.47211,0.0,1.0,1.0,1.0,0.0,0.0
8xeoywcr9x1n34ovfy3_0000,0.13513513513513514,5,37	-0.54962,0.12782,0.93949,-0.02366,-1.16394,-0.74534,1.37864,0.84056,0.48482,0.43611,83.73028,70.11748,197.94801,331.80793,0.3,0.3,0.0,0.0,0.0,0.0,0.0,0.0,0.13513,0,0,2.02571,-1.46,0.82123,0.0,0.0,0.0,0.0,0.0,0.0
2gz3g5wh2zdp40ph0m1d_0013,0.13513513513513514,5,37	-0.54962,0.12782,-2.43427,-0.23942,0.10886,1.55795,0.51596,0.77756,0.57353,0.32926,94.44134,56.76082,12.29503,208.66402,0.3,0.3,0.0,0.0,0.0,0.0,0.0,0.0,0.13513,0,0,2.71845,-4.51999,0.49522,0.0,0.0,1.0,0.0,0.0,0.0
8wd0cj8uiex3chxvjb1_0016,0.13513513513513514,5,37	-0.54962,0.12782,-3.48207,-0.1128,-0.23687,1.68673,0.62265,1.08878,0.5016,0.57528,90.07479,53.86202,13.92789,142.10508,0.3,0.3,0.0,0.0,0.0,0.0,0.0,0.0,0.13513,0,0,3.75819,-1.98,0.40288,0.0,0.0,0.0,0.0,0.0,0.0
2hd2wf6us9gygpa2epys_0015,0.13513513513513514,5,37	-0.54962,0.12782,0.4283,-1.04019,0.74605,-0.41857,0.6894,0.56435,0.48582,0.56517,98.28301,65.91038,20.37014,216.37082,0.3,0.3,0.0,0.0,0.0,0.0,0.0,0.0,0.13513,0,0,3.93793,-0.45999,0.4267,0.0,0.0,1.0,0.0,0.0,0.0
2hd2wf6us9gygpa2epys_0019,0.13513513513513514,5,37	-0.54962,0.12782,-0.30132,0.57138,-0.39248,-1.87623,1.05185,0.64913,0.54529,0.40551,91.78728,71.92183,339.5401,139.98263,0.3,0.3,0.0,0.0,0.0,0.0,0.0,0.0,0.13513,0,0,7.12568,-1.04,0.36898,0.0,0.0,1.0,0.0,0.0,0.0
2gws9fr45sdnkjno30q3_0011,0.13157894736842105,5,38	-0.54962,0.12782,-0.01677,-1.55736,0.64066,1.43823,1.14866,0.47527,0.54446,0.33645,90.66276,56.29684,196.562,336.00222,0.3,0.3,0.0,0.0,0.0,0.0,0.0,0.0,0.13157,0,0,54.81857,-0.24,0.1011,0.0,0.0,0.0,0.0,0.0,0.0
8p512aag25u4kt2we2v_0004,0.13157894736842105,5,38	-0.54962,0.12782,-2.1083,0.43575,-0.14822,2.32753,0.56559,0.88093,0.57986,0.30898,91.31365,72.04103,345.64149,215.8987,0.3,0.3,0.0,0.0,0.0,0.0,0.0,0.0,0.13157,0,0,0.76988,-2.67999,1.12864,0.0,0.0,1.0,0.0,0.0,0.0
2hd2wf6us9gygpa2epys_0021,0.13157894736842105,5,38	-0.54962,0.12782,-0.0282,0.89262,-0.45222,-1.87623,0.71251,0.76447,0.42221,0.48446,95.93151,72.14787,26.89167,150.44757,0.3,0.3,0.0,0.0,0.0,0.0,0.0,0.0,0.13157,0,0,81.35316,-1.36,0.08526,0.0,0.0,1.0,0.0,0.0,0.0
2gitxv07kdx9rn5843cy_0022,0.13157894736842105,5,38	-0.54962,0.12782,-0.02134,0.19069,-1.39554,2.3178,1.442,1.0527,0.30537,0.20716,85.4375,74.75,326.45962,261.6149,0.3,0.3,0.0,0.0,0.0,0.0,0.0,0.0,0.13157,0,0,5.70451,-1.38,0.47211,0.0,1.0,1.0,0.0,0.0,0.0
2gitxv07kdx9rn5843cy_0025,0.13157894736842105,5,38	-0.54962,0.12782,-0.02134,0.19069,-1.39554,2.3178,1.442,1.0527,0.29057,0.20631,95.0,74.75,360.0,261.6149,0.3,0.3,0.0,0.0,0.0,0.0,0.0,0.0,0.13157,0,0,5.70451,-1.38,0.47211,0.0,1.0,1.0,0.0,0.0,0.0
2h69ken7h1ab4rz2fxex_0010,0.11428571428571428,4,35	-0.54962,0.12782,-1.56803,-1.36678,0.12283,-0.88052,0.50036,1.09906,0.52904,0.61798,100.44863,71.50651,337.37539,33.35536,0.3,0.3,0.0,0.0,0.0,0.0,0.0,0.0,0.11428,0,0,0.77074,-0.92,1.05876,0.0,0.0,1.0,0.0,0.0,0.0
2gf59i2pemadlav9b851_0003,0.11428571428571428,4,35	-0.54962,0.12782,-0.6434,0.08391,-0.59318,0.85943,0.52628,0.63273,0.46163,0.31612,98.70952,57.52603,196.17119,141.34089,0.3,0.3,0.0,0.0,0.0,0.0,0.0,0.0,0.11428,0,0,8.83862,-1.68,0.26995,0.0,0.0,0.0,0.0,0.0,0.0
8wnlcj8jodfb13792in_0003,0.11428571428571428,4,35	-0.54962,0.12782,-0.10757,0.4984,-1.35315,0.88129,1.22574,0.31463,0.22449,0.4527,84.72646,66.57276,153.68534,318.1534,0.3,0.3,0.0,0.0,0.0,0.0,0.0,0.0,0.11428,0,0,3.86531,-3.03999,0.47305,0.0,0.0,1.0,0.0,0.0,0.0
2gz3g5wh2zdp40ph0m1d_0001,0.11428571428571428,4,35	-0.54962,0.12782,-1.87913,-0.36405,-0.24422,1.85269,0.74953,0.93107,0.43236,0.49706,87.69913,55.47734,336.99002,331.132,0.3,0.3,0.0,0.0,0.0,0.0,0.0,0.0,0.11428,0,0,10.19213,-1.2,0.2423,0.0,1.0,1.0,2.0,0.0,0.0
2g9l14xuus6zto5ppve5_0000,0.1111111111111111,4,36	-0.54962,0.12782,-0.163,0.04889,2.11985,-0.12696,0.99485,0.67899,0.44628,0.57353,89.42424,53.99573,21.51348,219.53516,0.3,0.3,0.0,0.0,0.0,0.0,0.0,0.0,0.11111,0,0,2.22448,-0.02,0.58207,0.0,0.0,0.0,0.0,0.0,0.0
8vge5d3k5k5rrx20uzi_0001,0.1111111111111111,4,36	-0.54962,0.12782,1.86809,-0.54164,-0.12547,1.69816,0.80303,0.47159,0.57578,0.59113,99.25818,68.14697,10.51246,144.44596,0.3,0.3,0.0,0.0,0.0,0.0,0.0,0.0,0.11111,0,0,1.29019,-2.33999,0.80448,0.0,0.0,0.0,0.0,0.0,0.0
2gz3g5wh2zdp40ph0m1d_0018,0.1111111111111111,4,36	-0.54962,0.12782,-3.6646,-0.23108,0.22536,1.85269,0.81034,0.88584,0.36206,0.60883,89.64728,68.05006,203.53207,214.78259,0.3,0.3,0.0,0.0,0.0,0.0,0.0,0.0,0.11111,0,0,14.58991,-1.7,0.18418,0.0,0.0,1.0,0.0,0.0,0.0
2gwnwbusm9ki4uacyhwx_0004,0.1111111111111111,4,36	-0.54962,0.12782,0.81847,0.46091,-1.06601,-0.74534,1.03327,0.30634,0.30993,0.55107,90.8837,65.30625,341.40391,34.06215,0.3,0.3,0.0,0.0,0.0,0.0,0.0,0.0,0.11111,0,0,0.99214,-0.32,0.91291,0.0,0.0,1.0,0.0,0.0,0.0
8wd0cj8uiex3chxvjb1_0006,0.1111111111111111,4,36	-0.54962,0.12782,0.1311,0.15602,-0.87221,1.63166,1.07928,0.88684,0.44872,0.54837,89.9375,71.1875,11.18012,190.06211,0.3,0.3,0.0,0.0,0.0,0.0,0.0,0.0,0.11111,0,0,6.60176,-0.92,0.41703,0.0,1.0,1.0,0.0,0.0,0.0
2gws9fr45sdnkjno30q3_0012,0.1111111111111111,4,36	-0.54962,0.12782,2.40947,-0.7133,-0.45008,0.23041,1.4294,0.86332,0.49941,0.24976,88.22452,63.87412,12.90552,140.78504,0.3,0.3,0.0,0.0,0.0,0.0,0.0,0.0,0.11111,0,0,2.41763,-1.22,0.57808,0.0,0.0,0.0,0.0,0.0,0.0
2hd2wf6us9gygpa2epys_0002,0.1111111111111111,4,36	-0.54962,0.12782,0.10443,-1.0549,-0.27672,-1.87623,0.76022,0.70815,0.35979,0.57303,85.83696,72.75,29.76446,36.58917,0.3,0.3,0.0,0.0,0.0,0.0,0.0,0.0,0.11111,0,0,36.51909,-0.34,0.13061,0.0,0.0,1.0,2.0,0.0,0.0
8up1m0vnt8fk0haappf_0003,0.1111111111111111,4,36	-0.54962,0.12782,-1.98388,0.62056,-0.00426,-0.36251,1.40051,0.25647,0.57951,0.50295,93.37496,53.61707,334.4273,333.77108,0.3,0.3,0.0,0.0,0.0,0.0,0.0,0.0,0.11111,0,0,0.82242,-1.46,1.06786,0.0,0.0,1.0,0.0,0.0,0.0
8wahrxi4aq8wgptt24x_0015,0.1111111111111111,4,36	-0.54962,0.12782,1.17398,-0.16122,0.1336,-0.1975,0.6748,0.84466,0.3955,0.21455,87.34442,71.73696,157.36437,217.83046,0.3,0.3,0.0,0.0,0.0,0.0,0.0,0.0,0.11111,0,0,140.63444,-1.22,0.0617,0.0,0.0,0.0,0.0,0.0,0.0
2gitxv07kdx9rn5843cy_0008,0.1111111111111111,4,36	-0.54962,0.12782,-0.02134,0.19069,-1.39554,2.3178,1.46178,1.03612,0.30537,0.20631,93.6875,74.75,351.0559,261.6149,0.3,0.3,0.0,0.0,0.0,0.0,0.0,0.0,0.11111,0,0,5.71922,-1.38,0.47164,0.0,1.0,1.0,1.0,0.0,0.0
2fmzdqbbdektqdygovno_0002,0.10810810810810811,4,37	-0.54962,0.12782,0.04935,-1.54289,1.32576,-0.38724,1.36945,0.88684,0.55279,0.5407,80.56923,68.98363,203.70783,213.27918,0.3,0.3,0.0,0.0,0.0,0.0,0.0,0.0,0.10810,0,0,23.70036,-0.2,0.1749,0.0,1.0,1.0,1.0,0.0,0.0
2gf59i2pemadlav9b851_0000,0.10810810810810811,4,37	-0.54962,0.12782,-0.25998,-0.75644,-0.22509,2.43974,0.55761,0.98217,0.56853,0.25274,84.02616,63.68022,12.692,320.57293,0.3,0.3,0.0,0.0,0.0,0.0,0.0,0.0,0.10810,0,0,28.47778,-0.38,0.15031,0.0,0.0,0.0,0.0,0.0,0.0
8p512aag25u4kt2we2v_0000,0.10810810810810811,4,37	-0.54962,0.12782,-0.2035,0.90224,-0.96468,2.32753,1.15373,1.03355,0.50013,0.4567,81.51092,65.46836,16.31638,203.33055,0.3,0.3,0.0,0.0,0.0,0.0,0.0,0.0,0.10810,0,0,6.72606,-1.6,0.39242,0.0,0.0,1.0,1.0,0.0,0.0
8p512aag25u4kt2we2v_0006,0.10810810810810811,4,37	-0.54962,0.12782,-0.13682,0.41539,0.13881,2.32753,0.58945,0.50456,0.51585,0.30648,88.84504,64.89543,346.08343,327.40354,0.3,0.3,0.0,0.0,0.0,0.0,0.0,0.0,0.10810,0,0,2.50518,0.0,0.58235,0.0,0.0,1.0,0.0,0.0,0.0
2gitxv07kdx9rn5843cy_0010,0.10810810810810811,4,37	-0.54962,0.12782,-0.02134,0.19069,-1.39554,2.3178,1.442,1.0527,0.29057,0.20631,95.5625,71.0,286.21118,252.6708,0.3,0.3,0.0,0.0,0.0,0.0,0.0,0.0,0.10810,0,0,5.70451,-1.38,0.47211,0.0,1.0,1.0,1.0,0.0,0.0
2gitxv07kdx9rn5843cy_0017,0.10810810810810811,4,37	-0.54962,0.12782,-0.02134,-0.43339,-1.46532,2.3178,1.3415,0.89319,0.43405,0.3034,93.6875,74.75,351.0559,261.6149,0.3,0.3,0.0,0.0,0.0,0.0,0.0,0.0,0.10810,0,0,3.9743,-0.06,0.5595,0.0,1.0,1.0,0.0,0.0,0.0
2gitxv07kdx9rn5843cy_0023,0.10810810810810811,4,37	-0.54962,0.12782,-0.02134,0.19069,-1.39554,2.3178,1.442,1.0527,0.30537,0.20716,86.5625,74.75,333.1677,261.6149,0.3,0.3,0.0,0.0,0.0,0.0,0.0,0.0,0.10810,0,0,5.70451,-1.38,0.47211,0.0,1.0,1.0,0.0,0.0,0.0
2gitxv07kdx9rn5843cy_0033,0.10810810810810811,4,37	-0.54962,0.12782,-0.02134,0.19069,-1.39554,2.3178,1.46178,1.12458,0.28602,0.22579,97.25,71.0,360.0,252.6708,0.3,0.3,0.0,0.0,0.0,0.0,0.0,0.0,0.10810,0,0,6.02046,-1.3,0.46395,0.0,1.0,1.0,0.0,0.0,0.0
2fmzdqbbdektqdygovno_0005,0.10526315789473684,4,38	-0.54962,0.12782,0.04935,-1.63607,1.20928,-0.38724,1.22956,1.03412,0.55279,0.5407,80.56923,68.98363,203.70783,213.27918,0.3,0.3,0.0,0.0,0.0,0.0,0.0,0.0,0.10526,0,0,33.6171,-0.2,0.14429,0.0,0.0,1.0,0.0,0.0,0.0
2h69ken7h1ab4rz2fxex_0009,0.10526315789473684,4,38	-0.54962,0.12782,-1.93782,0.38073,0.54737,-0.88052,0.95664,0.58953,0.3812,0.44321,92.42391,54.66272,22.58478,322.40995,0.3,0.3,0.0,0.0,0.0,0.0,0.0,0.0,0.10526,0,0,0.96604,-1.02,0.84136,0.0,0.0,1.0,0.0,0.0,0.0
2h69ken7h1ab4rz2fxex_0020,0.10526315789473684,4,38	-0.54962,0.12782,-2.38267,-0.01729,0.65109,0.78381,1.43834,0.33741,0.5146,0.5723,96.89458,58.84522,150.77519,332.59165,0.3,0.3,0.0,0.0,0.0,0.0,0.0,0.0,0.10526,0,0,1.70699,-0.92,0.57885,0.0,0.0,1.0,0.0,0.0,0.0
2h69ken7h1ab4rz2fxex_0021,0.10526315789473684,4,38	-0.54962,0.12782,-3.41436,-0.27618,0.36199,0.78381,0.67565,0.52735,0.31139,0.42132,80.6061,56.89198,27.4343,203.92603,0.3,0.3,0.0,0.0,0.0,0.0,0.0,0.0,0.10526,0,0,3.64661,-1.38,0.32572,0.0,0.0,1.0,0.0,0.0,0.0
2gws9fr45sdnkjno30q3_0002,0.10526315789473684,4,38	-0.54962,0.12782,-1.96653,-2.03797,0.88274,-0.74534,0.72974,0.60488,0.54267,0.61834,89.5625,61.8125,149.81366,338.75776,0.3,0.3,0.0,0.0,0.0,0.0,0.0,0.0,0.10526,0,0,0.16709,-0.36,1.87549,0.0,1.0,1.0,1.0,0.0,0.0
8up1m0vnt8fk0haappf_0010,0.10526315789473684,4,38	-0.54962,0.12782,0.09731,0.75508,0.95821,0.89377,1.44181,0.82481,0.45249,0.34792,84.13265,57.79058,155.71278,40.32304,0.3,0.3,0.0,0.0,0.0,0.0,0.0,0.0,0.10526,0,0,7.35796,-1.36,0.38433,0.0,0.0,0.0,0.0,0.0,0.0
8wahrxi4aq8wgptt24x_0012,0.10526315789473684,4,38	-0.54962,0.12782,0.06669,0.57682,-0.12306,0.20527,0.66748,0.41087,0.48697,0.47471,81.01114,64.0395,201.6868,142.85183,0.3,0.3,0.0,0.0,0.0,0.0,0.0,0.0,0.10526,0,0,89.37311,-1.14,0.07653,0.0,0.0,0.0,0.0,0.0,0.0
2gitxv07kdx9rn5843cy_0000,0.10526315789473684,4,38	-0.54962,0.12782,-0.02134,0.19069,-1.39554,2.3178,1.39583,1.03612,0.29513,0.21901,97.25,71.0,360.0,252.6708,0.3,0.3,0.0,0.0,0.0,0.0,0.0,0.0,0.10526,0,0,5.48794,-1.46,0.47794,0.0,1.0,0.0,3.0,0.0,0.0
2gitxv07kdx9rn5843cy_0039,0.10526315789473684,4,38	-0.54962,0.12782,-0.02134,0.32938,-1.25598,2.3178,1.3035,1.0527,0.29513,0.21901,97.25,71.0,360.0,252.6708,0.3,0.3,0.0,0.0,0.0,0.0,0.0,0.0,0.10526,0,0,6.55398,-1.34,0.42247,0.0,1.0,1.0,0.0,0.0,0.0
2gitxv07kdx9rn5843cy_0002,0.08571428571428572,3,35	-0.54962,0.12782,-0.02134,0.19069,-1.39554,2.3178,1.36286,1.08587,0.29626,0.17498,86.5625,74.75,333.1677,261.6149,0.3,0.3,0.0,0.0,0.0,0.0,0.0,0.0,0.08571,0,0,5.53628,-1.44,0.47683,0.0,1.0,1.0,2.0,0.0,0.0
2h69ken7h1ab4rz2fxex_0004,0.08333333333333333,3,36	-0.54962,0.12782,-1.36481,-0.15464,0.29432,0.78381,1.2132,0.66613,0.51316,0.56346,85.86943,58.64503,202.69362,336.22752,0.3,0.3,0.0,0.0,0.0,0.0,0.0,0.0,0.08333,0,0,38.96536,-1.06,0.12581,0.0,0.0,1.0,1.0,0.0,0.0
2h69ken7h1ab4rz2fxex_0016,0.08333333333333333,3,36	-0.54962,0.12782,0.62906,0.1335,-0.34896,1.85329,0.76277,0.29865,0.30414,0.40321,98.00694,65.2145,344.23774,147.63393,0.3,0.3,0.0,0.0,0.0,0.0,0.0,0.0,0.08333,0,0,13.25333,-1.12,0.21017,0.0,0.0,1.0,0.0,0.0,0.0
2gz3g5wh2zdp40ph0m1d_0016,0.08333333333333333,3,36	-0.54962,0.12782,-2.59175,-0.64389,-0.28202,1.55795,0.75863,0.9315,0.43236,0.49706,87.69913,55.47734,336.99002,331.132,0.3,0.3,0.0,0.0,0.0,0.0,0.0,0.0,0.08333,0,0,1.90879,-1.64,0.61137,0.0,0.0,1.0,0.0,0.0,0.0
8wd0cj8uiex3chxvjb1_0020,0.08333333333333333,3,36	-0.54962,0.12782,-0.39274,-1.19656,0.5996,-0.97175,1.16205,0.75157,0.49546,0.2131,93.34418,64.6689,190.22374,145.68056,0.3,0.3,0.0,0.0,0.0,0.0,0.0,0.0,0.08333,0,0,18.60145,-0.36,0.19856,0.0,0.0,0.0,0.0,0.0,0.0
2hd2wf6us9gygpa2epys_0000,0.08333333333333333,3,36	-0.54962,0.12782,0.4283,0.36405,-0.80243,-1.87623,0.6894,0.56435,0.48582,0.56517,98.28301,65.91038,20.37014,216.37082,0.3,0.3,0.0,0.0,0.0,0.0,0.0,0.0,0.08333,0,0,8.88996,-1.82,0.27713,0.0,1.0,1.0,2.0,0.0,0.0
2hd2wf6us9gygpa2epys_0010,0.08333333333333333,3,36	-0.54962,0.12782,-0.85145,1.0487,0.15604,-0.75784,0.84702,0.96948,0.243,0.57926,89.56069,57.61082,195.73954,150.13759,0.3,0.3,0.0,0.0,0.0,0.0,0.0,0.0,0.08333,0,0,1.00907,-0.24,0.80647,0.0,0.0,0.0,0.0,0.0,0.0
2gitxv07kdx9rn5843cy_0004,0.08333333333333333,3,36	-0.54962,0.12782,-0.02134,0.19069,-1.39554,2.3178,1.442,1.0527,0.30537,0.20631,93.6875,74.75,351.0559,261.6149,0.3,0.3,0.0,0.0,0.0,0.0,0.0,0.0,0.08333,0,0,5.70451,-1.38,0.47211,0.0,1.0,1.0,1.0,0.0,0.0
2gitxv07kdx9rn5843cy_0012,0.08333333333333333,3,36	-0.54962,0.12782,-0.02134,0.36405,-1.29087,2.3178,1.29031,1.10799,0.29513,0.21901,97.25,71.0,360.0,252.6708,0.3,0.3,0.0,0.0,0.0,0.0,0.0,0.0,0.08333,0,0,6.59416,-1.36,0.42066,0.0,1.0,1.0,1.0,0.0,0.0
2gitxv07kdx9rn5843cy_0013,0.08333333333333333,3,36	-0.54962,0.12782,-0.02134,-0.15602,-1.29087,2.3178,1.46178,1.03612,0.30537,0.20631,93.6875,74.75,351.0559,261.6149,0.3,0.3,0.0,0.0,0.0,0.0,0.0,0.0,0.08333,0,0,5.18301,-1.08,0.53181,0.0,1.0,1.0,1.0,0.0,0.0
2gitxv07kdx9rn5843cy_0026,0.08333333333333333,3,36	-0.54962,0.12782,-0.02134,0.19069,-1.39554,2.3178,1.442,1.0527,0.29057,0.20631,95.5625,74.75,286.21118,261.6149,0.3,0.3,0.0,0.0,0.0,0.0,0.0,0.0,0.08333,0,0,5.70451,-1.38,0.47211,0.0,1.0,1.0,0.0,0.0,0.0
2gitxv07kdx9rn5843cy_0030,0.08333333333333333,3,36	-0.54962,0.12782,-0.02134,0.19069,-1.39554,2.3178,1.442,1.0527,0.29171,0.22155,97.25,71.0,360.0,252.6708,0.3,0.3,0.0,0.0,0.0,0.0,0.0,0.0,0.08333,0,0,5.70451,-1.38,0.47211,0.0,1.0,1.0,0.0,0.0,0.0
2hetslzki1a3dy5oxka9_0000,0.08108108108108109,3,37	-0.54962,0.12782,0.12509,0.71077,-0.69777,-1.92298,0.70996,0.40033,0.52331,0.34502,86.86455,55.83273,348.72428,148.42085,0.3,0.3,0.0,0.0,0.0,0.0,0.0,0.0,0.08108,0,0,10.82075,-2.85999,0.23015,0.0,1.0,0.0,1.0,0.0,0.0
2h69ken7h1ab4rz2fxex_0008,0.08108108108108109,3,37	-0.54962,0.12782,-2.43361,0.29492,0.38469,0.78381,0.86294,0.7265,0.55729,0.23129,88.60747,66.29738,330.60316,328.6623,0.3,0.3,0.0,0.0,0.0,0.0,0.0,0.0,0.08108,0,0,1.07241,-1.08,0.7471,0.0,0.0,1.0,1.0,0.0,0.0
2h69ken7h1ab4rz2fxex_0017,0.08108108108108109,3,37	-0.54962,0.12782,-0.73438,-0.11247,1.59717,1.85329,1.21285,0.96726,0.43406,0.51965,88.37618,67.88447,190.9381,153.97653,0.3,0.3,0.0,0.0,0.0,0.0,0.0,0.0,0.08108,0,0,2.33804,-0.42,0.65095,0.0,0.0,1.0,0.0,0.0,0.0
2h69ken7h1ab4rz2fxex_0022,0.08108108108108109,3,37	-0.54962,0.12782,-5.13634,-0.31148,-0.04846,0.78381,0.50495,0.79877,0.22545,0.45602,98.46252,58.47791,25.90066,153.03539,0.3,0.3,0.0,0.0,0.0,0.0,0.0,0.0,0.08108,0,0,10.58774,-2.04,0.18878,0.0,0.0,1.0,0.0,0.0,0.0
2gz3g5wh2zdp40ph0m1d_0000,0.08108108108108109,3,37	-0.54962,0.12782,-2.59175,-0.36405,-0.17444,1.85269,0.74953,0.93107,0.43236,0.49706,87.69913,55.47734,336.99002,331.132,0.3,0.3,0.0,0.0,0.0,0.0,0.0,0.0,0.08108,0,0,9.19498,-1.62,0.25076,0.0,1.0,1.0,2.0,0.0,0.0
2gz3g5wh2zdp40ph0m1d_0010,0.08108108108108109,3,37	-0.54962,0.12782,-0.43406,0.53842,-1.05783,-0.82384,0.72808,0.904,0.32455,0.34551,81.98432,54.73828,347.54835,155.82153,0.3,0.3,0.0,0.0,0.0,0.0,0.0,0.0,0.08108,0,0,2.29812,0.0,0.71522,0.0,0.0,1.0,0.0,0.0,0.0
8wd0cj8uiex3chxvjb1_0003,0.08108108108108109,3,37	-0.54962,0.12782,0.65551,0.53741,-0.76754,1.63166,0.55168,0.66017,0.47845,0.46962,93.93909,69.54268,11.04181,31.07658,0.3,0.3,0.0,0.0,0.0,0.0,0.0,0.0,0.08108,0,0,2.28023,-2.57999,0.6354,0.0,1.0,1.0,1.0,0.0,0.0
8wd0cj8uiex3chxvjb1_0010,0.08108108108108109,3,37	-0.54962,0.12782,-1.88021,-1.2911,-0.58645,-2.36347,1.15076,1.05275,0.31105,0.54959,99.08061,71.67086,199.0431,326.85588,0.3,0.3,0.0,0.0,0.0,0.0,0.0,0.0,0.08108,0,0,1.62491,-0.74,0.66613,0.0,0.0,1.0,0.0,0.0,0.0
2gws9fr45sdnkjno30q3_0005,0.08108108108108109,3,37	-0.54962,0.12782,-0.87566,-1.99622,0.50007,-0.74534,1.09929,1.04615,0.42802,0.58719,96.53818,61.14971,199.60653,139.76368,0.3,0.3,0.0,0.0,0.0,0.0,0.0,0.0,0.08108,0,0,5.21788,-0.36,0.35807,0.0,0.0,1.0,0.0,0.0,0.0
2gitxv07kdx9rn5843cy_0038,0.08108108108108109,3,37	-0.54962,0.12782,-0.02134,0.64143,-1.74442,2.3178,1.39583,1.03612,0.29513,0.21901,97.25,71.0,360.0,252.6708,0.3,0.3,0.0,0.0,0.0,0.0,0.0,0.0,0.08108,0,0,4.32461,-2.83999,0.4967,0.0,1.0,1.0,0.0,0.0,0.0
2h12attnnl7p2lir4env_0001,0.07894736842105263,3,38	-0.54962,0.12782,-0.23696,0.31739,-1.6497,-1.58121,1.27712,0.88132,0.23253,0.22409,99.47647,56.98435,346.07069,154.81616,0.3,0.3,0.0,0.0,0.0,0.0,0.0,0.0,0.07894,0,0,3.0865,0.0,0.61918,0.0,1.0,1.0,1.0,0.0,0.0
2h69ken7h1ab4rz2fxex_0002,0.07894736842105263,3,38	-0.54962,0.12782,-2.57866,0.60864,0.14081,0.78381,1.01958,1.04399,0.56161,0.41613,84.873,56.48499,165.0937,215.28036,0.3,0.3,0.0,0.0,0.0,0.0,0.0,0.0,0.07894,0,0,0.7403,-1.46,1.12234,0.0,0.0,1.0,2.0,0.0,0.0
2gz3g5wh2zdp40ph0m1d_0002,0.07894736842105263,3,38	-0.54962,0.12782,-2.75314,-0.39872,-0.20933,1.85269,0.74953,0.93107,0.43236,0.49706,100.8125,55.47734,0.0,331.132,0.3,0.3,0.0,0.0,0.0,0.0,0.0,0.0,0.07894,0,0,5.81398,-1.66,0.32103,0.0,1.0,1.0,2.0,0.0,0.0
2hd2wf6us9gygpa2epys_0007,0.07894736842105263,3,38	-0.54962,0.12782,-0.9086,-0.72668,-0.25986,-1.87623,1.11787,0.92622,0.2506,0.47671,89.58461,69.60537,17.8003,33.50904,0.3,0.3,0.0,0.0,0.0,0.0,0.0,0.0,0.07894,0,0,10.73693,-0.84,0.27543,0.0,0.0,1.0,1.0,0.0,0.0
2h69ken7h1ab4rz2fxex_0001,0.05714285714285714,2,35	-0.54962,0.12782,-2.16548,0.01641,0.48784,0.78381,0.9355,0.96724,0.43762,0.50834,88.2575,55.82185,161.78176,214.80866,0.3,0.3,0.0,0.0,0.0,0.0,0.0,0.0,0.05714,0,0,2.57977,-0.84,0.47868,0.0,0.0,1.0,2.0,0.0,0.0
8wd0cj8uiex3chxvjb1_0002,0.05714285714285714,2,35	-0.54962,0.12782,0.13795,-0.19154,-0.80941,-2.36347,0.81638,0.40364,0.48606,0.58645,82.4,72.2,77.64705,220.58823,0.3,0.3,0.0,0.0,0.0,0.0,0.0,0.0,0.05714,0,0,5.81625,-1.08,0.38863,0.0,1.0,1.0,1.0,0.0,0.0
5mukyozbathucdn3l8h_0000,0.05714285714285714,2,35	-0.54962,0.12782,-0.65362,-2.58304,2.51378,-1.73858,0.58932,0.70771,0.50998,0.39205,88.78978,60.95535,27.97473,320.06991,0.3,0.3,0.0,0.0,0.0,0.0,0.0,0.0,0.05714,0,0,0.477,-0.04,0.83607,0.0,0.0,0.0,0.0,0.0,0.0
2g9l14xuus6zto5ppve5_0001,0.05555555555555555,2,36	-0.54962,0.12782,-1.49583,-1.95698,0.92233,-0.74534,1.21078,0.56095,0.53761,0.46466,96.62292,54.66335,192.10642,218.72291,0.3,0.3,0.0,0.0,0.0,0.0,0.0,0.0,0.05555,0,0,0.74225,-0.51999,0.92488,0.0,0.0,0.0,0.0,0.0,0.0
8vqyxfbdsgutaatgugp_0000,0.05555555555555555,2,36	-0.54962,0.12782,-1.18565,-1.00371,0.10444,0.37512,1.03613,0.6625,0.28639,0.26833,94.941,57.23877,200.73948,327.58543,0.3,0.3,0.0,0.0,0.0,0.0,0.0,0.0,0.05555,0,0,0.65711,0.0,1.32414,0.0,0.0,0.0,0.0,0.0,0.0
2h69ken7h1ab4rz2fxex_0000,0.05555555555555555,2,36	-0.54962,0.12782,0.63723,-1.1558,1.189,0.78381,1.24689,0.62509,0.48714,0.4562,83.52569,71.07648,207.69426,325.44604,0.3,0.3,0.0,0.0,0.0,0.0,0.0,0.0,0.05555,0,0,3.20128,-0.44,0.52119,0.0,0.0,1.0,2.0,0.0,0.0
2h69ken7h1ab4rz2fxex_0013,0.05555555555555555,2,36	-0.54962,0.12782,-1.05443,-2.07055,-1.1578,-0.88052,1.38927,0.73961,0.56294,0.24478,83.23945,55.10317,11.00588,318.33604,0.3,0.3,0.0,0.0,0.0,0.0,0.0,0.0,0.05555,0,0,0.9035,-0.32,0.9521,0.0,0.0,1.0,0.0,0.0,0.0
2gz3g5wh2zdp40ph0m1d_0003,0.05555555555555555,2,36	-0.54962,0.12782,-1.25237,-0.2779,0.04017,1.85269,0.59396,0.47568,0.56557,0.50022,81.9368,64.09812,348.32277,325.30187,0.3,0.3,0.0,0.0,0.0,0.0,0.0,0.0,0.05555,0,0,8.10215,-2.29999,0.26336,0.0,0.0,1.0,1.0,0.0,0.0
2gz3g5wh2zdp40ph0m1d_0014,0.05555555555555555,2,36	-0.54962,0.12782,-3.95585,-0.03325,-0.02334,1.55795,0.87913,0.85067,0.43664,0.41872,90.15753,65.18161,10.27607,216.70639,0.3,0.3,0.0,0.0,0.0,0.0,0.0,0.0,0.05555,0,0,3.60866,-1.48,0.37122,0.0,0.0,1.0,0.0,0.0,0.0
2gebaoya4uy4i5srh6cb_0000,0.05555555555555555,2,36	-0.54962,0.12782,-0.65579,1.72478,-1.54604,-0.74534,1.09085,0.92492,0.3435,0.31823,90.06044,58.63764,335.18507,205.14049,0.3,0.3,0.0,0.0,0.0,0.0,0.0,0.0,0.05555,0,0,0.93593,0.0,0.86761,0.0,0.0,0.0,0.0,0.0,0.0
2gwnwbusm9ki4uacyhwx_0005,0.05555555555555555,2,36	-0.54962,0.12782,0.83365,-0.65179,1.44715,-0.74534,0.91491,1.00739,0.56807,0.50645,81.00734,62.47619,166.67056,34.29507,0.3,0.3,0.0,0.0,0.0,0.0,0.0,0.0,0.05555,0,0,1.80382,-0.51999,0.74298,0.0,0.0,1.0,0.0,0.0,0.0
8wd0cj8uiex3chxvjb1_0017,0.05555555555555555,2,36	-0.54962,0.12782,-1.87913,-0.12135,-0.17444,1.09097,0.74293,0.88132,0.5016,0.57528,87.875,55.25,6.70807,140.86956,0.3,0.3,0.0,0.0,0.0,0.0,0.0,0.0,0.05555,0,0,14.95324,-1.4,0.19726,0.0,1.0,0.0,0.0,0.0,0.0
5mukyozbathucdn3l8h_0001,0.05555555555555555,2,36	-0.54962,0.12782,-0.32367,-1.44552,0.74448,-1.73858,0.34283,0.50522,0.46235,0.38298,0.0,173.85996,0.0,284.47285,0.3,0.3,0.0,0.0,0.0,0.0,0.0,0.0,0.05555,0,0,6.07864,-0.32,0.25901,0.0,1.0,0.0,0.0,0.0,0.0
2hd2wf6us9gygpa2epys_0004,0.05555555555555555,2,36	-0.54962,0.12782,0.10443,-1.23085,-0.55821,-1.87623,0.74293,0.65464,0.35979,0.57303,85.83696,72.75,29.76446,36.58917,0.3,0.3,0.0,0.0,0.0,0.0,0.0,0.0,0.05555,0,0,12.76517,-0.34,0.22577,0.0,1.0,1.0,1.0,0.0,0.0
2hd2wf6us9gygpa2epys_0005,0.05555555555555555,2,36	-0.54962,0.12782,-0.16896,-0.31393,-0.96295,-1.87623,0.78686,1.09685,0.22234,0.20517,85.25924,72.26594,21.08538,150.47653,0.3,0.3,0.0,0.0,0.0,0.0,0.0,0.0,0.05555,0,0,5.54156,-0.47999,0.44746,0.0,0.0,1.0,1.0,0.0,0.0
2hd2wf6us9gygpa2epys_0016,0.05555555555555555,2,36	-0.54962,0.12782,1.19546,-1.18111,-0.89915,-0.41857,1.21913,1.02398,0.53592,0.3017,83.9837,70.50674,343.31124,336.353,0.3,0.3,0.0,0.0,0.0,0.0,0.0,0.0,0.05555,0,0,1.4765,-0.74,0.86267,0.0,0.0,1.0,0.0,0.0,0.0
8up1m0vnt8fk0haappf_0007,0.05555555555555555,2,36	-0.54962,0.12782,-0.1038,-2.57979,-0.85248,1.53822,0.91155,1.03917,0.57058,0.56401,84.83561,66.4044,340.05012,33.63502,0.3,0.3,0.0,0.0,0.0,0.0,0.0,0.0,0.05555,0,0,8.68783,-0.16,0.25569,0.0,0.0,0.0,0.0,0.0,0.0
2h69ken7h1ab4rz2fxex_0015,0.05405405405405406,2,37	-0.54962,0.12782,-0.79822,-1.2735,-0.46362,1.85329,0.83271,0.74357,0.5745,0.47122,98.07296,67.32618,347.00546,36.00595,0.3,0.3,0.0,0.0,0.0,0.0,0.0,0.0,0.05405,0,0,7.4731,-0.44,0.27807,0.0,0.0,1.0,0.0,0.0,0.0
8vge5d3k5k5rrx20uzi_0000,0.05405405405405406,2,37	-0.54962,0.12782,1.86809,-0.39872,-0.03488,1.69816,0.84845,0.70993,0.57578,0.59113,87.5,72.875,0.0,310.80745,0.3,0.3,0.0,0.0,0.0,0.0,0.0,0.0,0.05405,0,0,3.04605,-1.98,0.50009,0.0,1.0,0.0,1.0,0.0,0.0
8wd0cj8uiex3chxvjb1_0007,0.05405405405405406,2,37	-0.54962,0.12782,-4.76338,-0.43339,0.06977,1.63166,0.49232,0.78733,0.49977,0.35263,88.4375,63.875,15.65217,183.35403,0.3,0.3,0.0,0.0,0.0,0.0,0.0,0.0,0.05405,0,0,0.85696,-4.03999,0.89399,0.0,1.0,1.0,0.0,0.0,0.0
8wd0cj8uiex3chxvjb1_0014,0.05405405405405406,2,37	-0.54962,0.12782,-6.81492,-0.33151,0.08943,1.63166,0.49227,0.78802,0.49977,0.35263,91.02295,64.52099,28.94978,206.38944,0.3,0.3,0.0,0.0,0.0,0.0,0.0,0.0,0.05405,0,0,3.55963,-2.79999,0.33445,0.0,0.0,1.0,0.0,0.0,0.0
2hd2wf6us9gygpa2epys_0006,0.05405405405405406,2,37	-0.54962,0.12782,0.54172,-0.64143,-0.76754,-1.87623,1.27053,0.80391,0.30537,0.22579,92.5625,72.875,330.93167,154.28571,0.3,0.3,0.0,0.0,0.0,0.0,0.0,0.0,0.05405,0,0,8.0778,-0.67999,0.34652,0.0,1.0,1.0,1.0,0.0,0.0
8w2cj1vhrtax66wygi3_0000,0.05405405405405406,2,37	-0.54962,0.12782,0.2185,0.84946,-0.5931,-2.21907,1.25074,0.98083,0.20522,0.18684,95.1875,60.6875,160.99378,53.66459,0.3,0.3,0.0,0.0,0.0,0.0,0.0,0.0,0.05405,0,0,106.81796,-2.45999,0.08237,0.0,1.0,1.0,1.0,0.0,0.0
8wahrxi4aq8wgptt24x_0000,0.05405405405405406,2,37	-0.54962,0.12782,-4.91904,-0.01733,0.34888,0.52668,1.45176,1.03527,0.46357,0.51222,97.8125,50.1875,31.30434,187.82608,0.3,0.3,0.0,0.0,0.0,0.0,0.0,0.0,0.05405,0,0,2.38784,-3.03999,0.60292,0.0,1.0,1.0,1.0,0.0,0.0
8wahrxi4aq8wgptt24x_0008,0.05405405405405406,2,37	-0.54962,0.12782,-0.75553,-0.6663,-0.34133,0.52668,0.61866,0.70321,0.37041,0.51669,90.69843,59.81922,335.6984,148.05935,0.3,0.3,0.0,0.0,0.0,0.0,0.0,0.0,0.05405,0,0,4.86412,-1.1,0.39915,0.0,0.0,1.0,0.0,0.0,0.0
2gitxv07kdx9rn5843cy_0028,0.05405405405405406,2,37	-0.54962,0.12782,-0.02134,0.19069,-1.39554,2.3178,1.442,1.0527,0.29057,0.20631,95.5625,58.4375,286.21118,230.31055,0.3,0.3,0.0,0.0,0.0,0.0,0.0,0.0,0.05405,0,0,5.70451,-1.38,0.47211,0.0,1.0,1.0,0.0,0.0,0.0
2gitxv07kdx9rn5843cy_0032,0.05405405405405406,2,37	-0.54962,0.12782,-0.02134,0.19069,-1.39554,2.3178,1.442,1.0527,0.28602,0.22579,97.25,71.0,360.0,252.6708,0.3,0.3,0.0,0.0,0.0,0.0,0.0,0.0,0.05405,0,0,5.70451,-1.38,0.47211,0.0,1.0,1.0,0.0,0.0,0.0
2gitxv07kdx9rn5843cy_0036,0.05405405405405406,2,37	-0.54962,0.12782,-0.02134,0.50274,-1.25598,2.3178,1.39583,1.03612,0.29513,0.21901,97.25,71.0,360.0,252.6708,0.3,0.3,0.0,0.0,0.0,0.0,0.0,0.0,0.05405,0,0,7.57454,-1.36,0.38362,0.0,1.0,1.0,0.0,0.0,0.0
2gz3g5wh2zdp40ph0m1d_0004,0.05263157894736842,2,38	-0.54962,0.12782,-0.31005,-0.35993,-1.77817,1.85269,1.35351,0.90091,0.52926,0.42778,89.49715,71.84984,343.81043,217.93099,0.3,0.3,0.0,0.0,0.0,0.0,0.0,0.0,0.05263,0,0,2.95001,0.0,0.64739,0.0,0.0,1.0,1.0,0.0,0.0
2gz3g5wh2zdp40ph0m1d_0012,0.05263157894736842,2,38	-0.54962,0.12782,0.34293,-0.65717,0.12312,1.55795,1.45304,0.24309,0.32792,0.42914,95.85986,56.76959,337.13843,152.80313,0.3,0.3,0.0,0.0,0.0,0.0,0.0,0.0,0.05263,0,0,165.35816,-3.85999,0.06059,0.0,0.0,1.0,0.0,0.0,0.0
8wd0cj8uiex3chxvjb1_0012,0.05263157894736842,2,38	-0.54962,0.12782,0.72856,0.37718,-0.56497,1.63166,1.3215,0.60157,0.4071,0.35178,90.25127,65.33633,334.29744,334.34737,0.3,0.3,0.0,0.0,0.0,0.0,0.0,0.0,0.05263,0,0,11.4407,-1.14,0.26861,0.0,0.0,1.0,0.0,0.0,0.0
2gv8t6polfhazqwbf8r1_0005,0.05263157894736842,2,38	-0.54962,0.12782,-1.91022,-0.37512,-0.05161,0.8951,1.19716,0.86166,0.36409,0.21536,82.75451,54.25906,338.4775,25.08299,0.3,0.3,0.0,0.0,0.0,0.0,0.0,0.0,0.05263,0,0,20.97932,-1.38,0.17611,0.0,0.0,1.0,0.0,0.0,0.0
2hd2wf6us9gygpa2epys_0001,0.05263157894736842,2,38	-0.54962,0.12782,-0.15505,0.0256,-1.17105,-1.87623,1.1834,0.86607,0.44383,0.35659,98.76247,54.09058,158.68347,324.50182,0.3,0.3,0.0,0.0,0.0,0.0,0.0,0.0,0.05263,0,0,4.74664,-1.9,0.47866,0.0,0.0,1.0,2.0,0.0,0.0
8w2cj1vhrtax66wygi3_0002,0.05263157894736842,2,38	-0.54962,0.12782,0.2185,0.81478,-0.62799,-2.21907,1.25074,0.98083,0.20522,0.18684,95.1875,60.6875,160.99378,53.66459,0.3,0.3,0.0,0.0,0.0,0.0,0.0,0.0,0.05263,0,0,92.4159,-1.04,0.08908,0.0,1.0,1.0,1.0,0.0,0.0
2gitxv07kdx9rn5843cy_0031,0.05263157894736842,2,38	-0.54962,0.12782,-0.02134,0.19069,-1.39554,2.3178,1.442,1.0527,0.25188,0.21054,97.25,71.0,360.0,252.6708,0.3,0.3,0.0,0.0,0.0,0.0,0.0,0.0,0.05263,0,0,5.70451,-1.38,0.47211,0.0,1.0,1.0,0.0,0.0,0.0
2gz3g5wh2zdp40ph0m1d_0005,0.02857142857142857,1,35	-0.54962,0.12782,-0.55792,0.03158,-0.45717,1.85269,1.18836,1.0721,0.36113,0.26415,90.8064,61.75839,14.48187,152.86489,0.3,0.3,0.0,0.0,0.0,0.0,0.0,0.0,0.02857,0,0,31.87516,-1.02,0.15784,0.0,0.0,1.0,1.0,0.0,0.0
2gz3g5wh2zdp40ph0m1d_0019,0.02857142857142857,1,35	-0.54962,0.12782,-0.01519,0.67471,0.8427,1.85269,0.79567,0.32081,0.48493,0.51874,91.89183,73.17865,209.63756,37.75317,0.3,0.3,0.0,0.0,0.0,0.0,0.0,0.0,0.02857,0,0,3.14167,-3.47999,0.49078,0.0,0.0,1.0,0.0,0.0,0.0
2h12attnnl7p2lir4env_0000,0.027777777777777776,1,36	-0.54962,0.12782,1.01932,-0.75301,-0.19917,-1.58121,1.26501,0.63058,0.56281,0.4765,86.57767,73.29114,23.62413,24.8695,0.3,0.3,0.0,0.0,0.0,0.0,0.0,0.0,0.02777,0,0,32.76328,-0.55999,0.13461,0.0,0.0,1.0,1.0,0.0,0.0
2gz3g5wh2zdp40ph0m1d_0008,0.027777777777777776,1,36	-0.54962,0.12782,3.27342,0.31383,0.20818,-0.82384,1.34287,0.78502,0.27127,0.59675,84.68905,63.09066,209.46294,145.40958,0.3,0.3,0.0,0.0,0.0,0.0,0.0,0.0,0.02777,0,0,1.28446,-1.54,0.77377,0.0,0.0,1.0,0.0,0.0,0.0
2gz3g5wh2zdp40ph0m1d_0017,0.027777777777777776,1,36	-0.54962,0.12782,0.31809,0.17345,0.01634,1.85269,0.80671,1.04849,0.34084,0.47387,85.8782,56.99502,152.23327,142.50527,0.3,0.3,0.0,0.0,0.0,0.0,0.0,0.0,0.02777,0,0,4.90051,-2.57999,0.42987,0.0,0.0,1.0,0.0,0.0,0.0
2hb86n6ihccxgn8zhe36_0000,0.027777777777777776,1,36	-0.54962,0.12782,-3.34353,-0.12085,-0.40273,-1.41414,1.20418,0.54661,0.4961,0.55844,80.99693,55.04653,192.73419,39.25257,0.3,0.3,0.0,0.0,0.0,0.0,0.0,0.0,0.02777,0,0,1.49186,-3.35999,0.76658,0.0,0.0,0.0,0.0,0.0,0.0
8wd0cj8uiex3chxvjb1_0004,0.027777777777777776,1,36	-0.54962,0.12782,2.08153,-0.56012,0.05046,-2.36347,1.33545,1.06594,0.46781,0.61521,100.29512,69.09311,345.28059,320.17348,0.3,0.3,0.0,0.0,0.0,0.0,0.0,0.0,0.02777,0,0,3.25384,-1.98,0.54554,0.0,0.0,1.0,1.0,0.0,0.0
8wd0cj8uiex3chxvjb1_0008,0.027777777777777776,1,36	-0.54962,0.12782,0.28117,-1.02661,1.65575,-2.36347,0.87506,1.06863,0.51854,0.34188,81.10048,70.70629,208.833,142.286,0.3,0.3,0.0,0.0,0.0,0.0,0.0,0.0,0.02777,0,0,5.58179,-0.26,0.37747,0.0,0.0,1.0,0.0,0.0,0.0
2gws9fr45sdnkjno30q3_0007,0.027777777777777776,1,36	-0.54962,0.12782,-0.62039,0.95691,0.63675,-0.4412,1.42189,0.50764,0.50722,0.373,85.76894,57.88975,197.59834,222.18607,0.3,0.3,0.0,0.0,0.0,0.0,0.0,0.0,0.02777,0,0,2.87249,-1.8,0.65056,0.0,0.0,1.0,0.0,0.0,0.0
2gws9fr45sdnkjno30q3_0009,0.027777777777777776,1,36	-0.54962,0.12782,-2.74015,0.1071,0.46769,-1.65767,0.52795,0.7011,0.52993,0.49324,86.32182,67.83651,166.98685,34.92549,0.3,0.3,0.0,0.0,0.0,0.0,0.0,0.0,0.02777,0,0,1.02671,-1.46,0.71753,0.0,0.0,0.0,0.0,0.0,0.0
8p512aag25u4kt2we2v_0003,0.027777777777777776,1,36	-0.54962,0.12782,0.12509,0.72207,-0.70898,2.32753,0.60125,0.37996,0.52331,0.34502,86.86455,55.83273,348.72428,148.42085,0.3,0.3,0.0,0.0,0.0,0.0,0.0,0.0,0.02777,0,0,8.46858,-3.83999,0.2513,0.0,1.0,1.0,0.0,0.0,0.0
2ggvxepvy07qedtd4g3v_0001,0.027777777777777776,1,36	-0.54962,0.12782,0.23987,-1.25576,-0.35925,0.76273,0.68631,0.67778,0.26437,0.40384,97.02469,65.08266,341.52155,208.55584,0.3,0.3,0.0,0.0,0.0,0.0,0.0,0.0,0.02777,0,0,7.8841,-0.38,0.29521,0.0,0.0,0.0,0.0,0.0,0.0
2gitxv07kdx9rn5843cy_0011,0.027777777777777776,1,36	-0.54962,0.12782,-0.02134,0.19069,-1.39554,2.3178,1.39583,1.03612,0.28602,0.22579,97.25,71.0,360.0,252.6708,0.3,0.3,0.0,0.0,0.0,0.0,0.0,0.0,0.02777,0,0,5.48794,-1.46,0.47794,0.0,1.0,1.0,1.0,0.0,0.0
2gitxv07kdx9rn5843cy_0018,0.027777777777777776,1,36	-0.54962,0.12782,-0.02134,-0.43339,-1.46532,2.3178,1.46178,1.03612,0.30537,0.20631,93.6875,74.75,351.0559,261.6149,0.3,0.3,0.0,0.0,0.0,0.0,0.0,0.0,0.02777,0,0,4.45911,-0.1,0.55715,0.0,1.0,1.0,0.0,0.0,0.0
2gitxv07kdx9rn5843cy_0021,0.027777777777777776,1,36	-0.54962,0.12782,-0.02134,0.19069,-1.39554,2.3178,1.442,1.0527,0.30537,0.20716,92.5625,74.75,360.0,261.6149,0.3,0.3,0.0,0.0,0.0,0.0,0.0,0.0,0.02777,0,0,5.70451,-1.38,0.47211,0.0,1.0,1.0,0.0,0.0,0.0
2gitxv07kdx9rn5843cy_0027,0.027777777777777776,1,36	-0.54962,0.12782,-0.02134,0.19069,-1.39554,2.3178,1.442,1.0527,0.29057,0.20631,95.5625,60.3125,286.21118,192.29813,0.3,0.3,0.0,0.0,0.0,0.0,0.0,0.0,0.02777,0,0,5.70451,-1.38,0.47211,0.0,1.0,1.0,0.0,0.0,0.0
2h69ken7h1ab4rz2fxex_0007,0.02702702702702703,1,37	-0.54962,0.12782,-1.96086,-0.36842,-0.31763,0.78381,0.57969,0.33942,0.48559,0.56912,95.76959,56.42783,28.6298,153.30796,0.3,0.3,0.0,0.0,0.0,0.0,0.0,0.0,0.02702,0,0,2.68473,-1.42,0.41434,0.0,0.0,1.0,1.0,0.0,0.0
8w9ok2rnlk0rk69a17p_0001,0.02702702702702703,1,37	-0.54962,0.12782,-0.30876,-0.19386,0.75877,-1.50067,1.18447,0.69112,0.32732,0.425,93.25337,55.45183,23.16203,143.66114,0.3,0.3,0.0,0.0,0.0,0.0,0.0,0.0,0.02702,0,0,6.53397,-0.88,0.40446,0.0,0.0,0.0,0.0,0.0,0.0
8p512aag25u4kt2we2v_0001,0.02702702702702703,1,37	-0.54962,0.12782,0.12509,0.72207,-0.70898,2.32753,0.60125,0.37996,0.52331,0.34502,86.86455,55.83273,348.72428,148.42085,0.3,0.3,0.0,0.0,0.0,0.0,0.0,0.0,0.02702,0,0,8.46858,-3.83999,0.2513,0.0,1.0,1.0,1.0,0.0,0.0
2hd2wf6us9gygpa2epys_0013,0.02702702702702703,1,37	-0.54962,0.12782,-2.86471,0.59106,0.11444,0.6997,0.85958,1.09045,0.5658,0.27762,90.55158,62.374,342.32389,148.50694,0.3,0.3,0.0,0.0,0.0,0.0,0.0,0.0,0.02702,0,0,0.62208,-1.46,1.16154,0.0,0.0,1.0,0.0,0.0,0.0
2gitxv07kdx9rn5843cy_0005,0.02702702702702703,1,37	-0.54962,0.12782,-0.02134,0.19069,-1.39554,2.3178,1.36286,1.08587,0.30537,0.20716,86.5625,74.75,333.1677,261.6149,0.3,0.3,0.0,0.0,0.0,0.0,0.0,0.0,0.02702,0,0,5.53628,-1.44,0.47683,0.0,1.0,1.0,1.0,0.0,0.0
2gitxv07kdx9rn5843cy_0016,0.02702702702702703,1,37	-0.54962,0.12782,-0.02134,0.36405,-1.29087,2.3178,1.3035,1.0527,0.29513,0.21901,97.25,71.0,360.0,252.6708,0.3,0.3,0.0,0.0,0.0,0.0,0.0,0.0,0.02702,0,0,6.42467,-1.42,0.42419,0.0,1.0,1.0,1.0,0.0,0.0
2gitxv07kdx9rn5843cy_0020,0.02702702702702703,1,37	-0.54962,0.12782,-0.02134,0.19069,-1.39554,2.3178,1.442,1.0527,0.30537,0.20716,93.6875,74.75,351.0559,261.6149,0.3,0.3,0.0,0.0,0.0,0.0,0.0,0.0,0.02702,0,0,5.70451,-1.38,0.47211,0.0,1.0,1.0,0.0,0.0,0.0
2gitxv07kdx9rn5843cy_0035,0.02702702702702703,1,37	-0.54962,0.12782,-0.02134,0.39872,-1.39554,2.3178,1.39583,1.03612,0.29513,0.21901,97.25,71.0,360.0,252.6708,0.3,0.3,0.0,0.0,0.0,0.0,0.0,0.0,0.02702,0,0,6.15127,-1.54,0.43428,0.0,1.0,1.0,0.0,0.0,0.0
2gz3g5wh2zdp40ph0m1d_0020,0.02631578947368421,1,38	-0.54962,0.12782,-3.59478,-0.16655,-0.2719,1.85269,0.41147,0.76114,0.4207,0.56996,98.24054,61.48764,21.09386,23.55434,0.3,0.3,0.0,0.0,0.0,0.0,0.0,0.0,0.02631,0,0,1.83411,-2.11999,0.51998,0.0,0.0,1.0,0.0,0.0,0.0
2gitxv07kdx9rn5843cy_0019,0.02631578947368421,1,38	-0.54962,0.12782,-0.02134,-0.15602,-1.29087,2.3178,1.46178,1.03612,0.30537,0.20631,93.6875,74.75,351.0559,261.6149,0.3,0.3,0.0,0.0,0.0,0.0,0.0,0.0,0.02631,0,0,5.18301,-1.08,0.53181,0.0,1.0,1.0,0.0,0.0,0.0
2gitxv07kdx9rn5843cy_0024,0.02631578947368421,1,38	-0.54962,0.12782,-0.02134,0.19069,-1.39554,2.3178,1.19798,1.09693,0.30537,0.20716,86.5625,74.75,333.1677,261.6149,0.3,0.3,0.0,0.0,0.0,0.0,0.0,0.0,0.02631,0,0,5.01735,-1.62,0.49134,0.0,1.0,1.0,0.0,0.0,0.0
2gitxv07kdx9rn5843cy_0037,0.02631578947368421,1,38	-0.54962,0.12782,-0.02134,0.39872,-1.5002,2.3178,1.39583,1.03612,0.29513,0.21901,97.25,71.0,360.0,252.6708,0.3,0.3,0.0,0.0,0.0,0.0,0.0,0.0,0.02631,0,0,5.527,-1.74,0.45677,0.0,1.0,1.0,0.0,0.0,0.0
8wd0cj8uiex3chxvjb1_0000,0.0,0,37	-0.54962,0.12782,0.06897,0.71145,-0.7815,-2.36347,0.71229,0.28422,0.52331,0.34502,86.45,54.8,345.88235,167.64705,0.3,0.3,0.0,0.0,0.0,0.0,0.0,0.0,0.0,0,0,7.48551,-3.57999,0.27319,0.0,1.0,1.0,1.0,0.0,0.0
8wd0cj8uiex3chxvjb1_0015,0.0,0,37	-0.54962,0.12782,-0.52765,0.69188,-0.88667,1.56102,1.26585,0.65383,0.56172,0.57027,80.9015,63.24305,191.69019,215.86502,0.3,0.3,0.0,0.0,0.0,0.0,0.0,0.0,0.0,0,0,3.54962,-1.68,0.57015,0.0,0.0,0.0,0.0,0.0,0.0
2gitxv07kdx9rn5843cy_0006,0.0,0,37	-0.54962,0.12782,-0.02134,0.19069,-1.39554,2.3178,1.39583,1.03612,0.29513,0.21901,97.25,71.0,360.0,252.6708,0.3,0.3,0.0,0.0,0.0,0.0,0.0,0.0,0.0,0,0,5.48794,-1.46,0.47794,0.0,1.0,1.0,1.0,0.0,0.0
2gitxv07kdx9rn5843cy_0041,0.0,0,37	-0.54962,0.12782,-0.02134,-0.45858,-1.25261,2.3178,1.3415,0.89319,0.43405,0.3034,84.76768,72.72422,336.59341,138.79536,0.3,0.3,0.0,0.0,0.0,0.0,0.0,0.0,0.0,0,0,4.58718,-0.24,0.53558,0.0,0.0,1.0,0.0,0.0,0.0
2gitxv07kdx9rn5843cy_0042,0.0,0,37	-0.54962,0.12782,-0.02134,0.32938,-1.08154,2.3178,1.3035,1.0527,0.29513,0.21901,97.25,71.0,360.0,252.6708,0.3,0.3,0.0,0.0,0.0,0.0,0.0,0.0,0.0,0,0,8.05846,-1.1,0.37745,0.0,1.0,0.0,0.0,0.0,0.0
2h69ken7h1ab4rz2fxex_0023,0.0,0,36	-0.54962,0.12782,-1.89989,-1.50925,-0.46915,0.78381,1.09881,0.89004,0.57616,0.26851,95.14103,72.07615,21.66063,206.99645,0.3,0.3,0.0,0.0,0.0,0.0,0.0,0.0,0.0,0,0,0.7018,-0.86,1.09775,0.0,0.0,1.0,0.0,0.0,0.0
2gwnwbusm9ki4uacyhwx_0007,0.0,0,36	-0.54962,0.12782,0.56464,-0.37318,-0.216,-0.74534,0.74589,0.42252,0.42365,0.5785,82.55239,61.38733,198.27458,222.57962,0.3,0.3,0.0,0.0,0.0,0.0,0.0,0.0,0.0,0,0,8.31956,-1.24,0.28703,0.0,0.0,1.0,0.0,0.0,0.0
8wd0cj8uiex3chxvjb1_0001,0.0,0,36	-0.54962,0.12782,0.0437,-0.50274,-0.55821,1.63166,0.66379,0.38927,0.4071,0.35178,90.25127,65.33633,334.29744,334.34737,0.3,0.3,0.0,0.0,0.0,0.0,0.0,0.0,0.0,0,0,5.6032,-0.61999,0.37119,0.0,1.0,1.0,1.0,0.0,0.0
2gv8t6polfhazqwbf8r1_0003,0.0,0,36	-0.54962,0.12782,0.09194,-0.229,-1.85854,0.8951,0.91148,1.02527,0.3617,0.21595,83.99757,54.53194,201.26176,42.17013,0.3,0.3,0.0,0.0,0.0,0.0,0.0,0.0,0.0,0,0,2.49433,0.0,0.58109,0.0,0.0,1.0,0.0,0.0,0.0
8p512aag25u4kt2we2v_0002,0.0,0,36	-0.54962,0.12782,-3.62596,0.24125,0.02213,2.32753,1.34434,1.07286,0.35147,0.5513,99.03433,58.11976,11.45421,323.63445,0.3,0.3,0.0,0.0,0.0,0.0,0.0,0.0,0.0,0,0,9.01103,-6.06,0.29218,0.0,0.0,1.0,1.0,0.0,0.0
2hd2wf6us9gygpa2epys_0020,0.0,0,36	-0.54962,0.12782,0.30305,-1.04196,0.51476,-1.87623,1.07977,0.57977,0.27645,0.34903,83.86801,56.48969,205.25307,139.68953,0.3,0.3,0.0,0.0,0.0,0.0,0.0,0.0,0.0,0,0,27.53012,-0.36,0.15563,0.0,0.0,1.0,0.0,0.0,0.0
2gitxv07kdx9rn5843cy_0001,0.0,0,36	-0.54962,0.12782,-0.02134,0.19069,-1.39554,2.3178,1.442,1.0527,0.29057,0.20631,95.5625,67.4375,286.21118,243.7267,0.3,0.3,0.0,0.0,0.0,0.0,0.0,0.0,0.0,0,0,5.70451,-1.38,0.47211,0.0,1.0,1.0,2.0,0.0,0.0
2gitxv07kdx9rn5843cy_0007,0.0,0,36	-0.54962,0.12782,-0.02134,0.32938,-1.08154,2.3178,1.3035,1.0527,0.29513,0.21901,97.25,71.0,360.0,252.6708,0.3,0.3,0.0,0.0,0.0,0.0,0.0,0.0,0.0,0,0,8.05846,-1.1,0.37745,0.0,1.0,1.0,1.0,0.0,0.0
2gitxv07kdx9rn5843cy_0009,0.0,0,36	-0.54962,0.12782,-0.02134,0.19069,-1.39554,2.3178,1.36286,1.08587,0.30195,0.15381,86.5625,74.75,333.1677,261.6149,0.3,0.3,0.0,0.0,0.0,0.0,0.0,0.0,0.0,0,0,5.53628,-1.44,0.47683,0.0,1.0,1.0,1.0,0.0,0.0
2gitxv07kdx9rn5843cy_0034,0.0,0,36	-0.54962,0.12782,-0.02134,0.19069,-1.39554,2.3178,1.41562,1.08587,0.28602,0.22579,97.25,71.0,360.0,252.6708,0.3,0.3,0.0,0.0,0.0,0.0,0.0,0.0,0.0,0,0,5.72192,-1.38,0.47177,0.0,1.0,1.0,0.0,0.0,0.0
2gz3g5wh2zdp40ph0m1d_0015,0.0,0,35	-0.54962,0.12782,-0.16491,-0.81978,-0.07229,1.55795,0.51913,0.82338,0.25852,0.32496,91.505,71.74613,163.92316,30.85507,0.3,0.3,0.0,0.0,0.0,0.0,0.0,0.0,0.0,0,0,18.44034,-0.44,0.19055,0.0,0.0,1.0,0.0,0.0,0.0
2hd2wf6us9gygpa2epys_0022,0.0,0,35	-0.54962,0.12782,2.39664,-0.48411,-0.14153,-1.87623,1.30982,1.08275,0.47997,0.34644,100.41281,67.94746,23.23656,317.07605,0.3,0.3,0.0,0.0,0.0,0.0,0.0,0.0,0.0,0,0,18.9059,-1.16,0.18558,0.0,0.0,1.0,0.0,0.0,0.0
2gitxv07kdx9rn5843cy_0003,0.0,0,35	-0.54962,0.12782,-0.02134,0.19069,-1.39554,2.3178,1.29691,1.03612,0.30537,0.20716,86.5625,74.75,333.1677,261.6149,0.3,0.3,0.0,0.0,0.0,0.0,0.0,0.0,0.0,0,0,5.15471,-1.58,0.48714,0.0,1.0,1.0,2.0,0.0,0.0
2gitxv07kdx9rn5843cy_0015,0.0,0,35	-0.54962,0.12782,-0.02134,0.19069,-1.39554,2.3178,1.442,1.0527,0.30082,0.22579,97.25,71.0,360.0,252.6708,0.3,0.3,0.0,0.0,0.0,0.0,0.0,0.0,0.0,0,0,5.70451,-1.38,0.47211,0.0,1.0,1.0,1.0,0.0,0.0
2gitxv07kdx9rn5843cy_0029,0.0,0,35	-0.54962,0.12782,-0.02134,0.19069,-1.39554,2.3178,1.442,1.0527,0.29057,0.20631,95.5625,63.875,286.21118,317.51552,0.3,0.3,0.0,0.0,0.0,0.0,0.0,0.0,0.0,0,0,5.70451,-1.38,0.47211,0.0,1.0,1.0,0.0,0.0,0.0
