hst_Arp_273 0 1 0.9629629629629629 -0.10257,-4.89429,-0.45646,-0.25191,-0.99373,-0.80271,0.70144,0.35002,2.86951,2.36963,95.61553,-46.0,233.87594,82.8,0.3,0.3,0.0,0.0,0.0,0.0,0.0,0.0,0.96296,0,0,0.44674,-4.03999,1.20341,0.0,1.0,1.0,0.0,0.0,0.0
hst_Arp_273 0 2 0.9629629629629629 -0.10257,-4.89429,0.80698,0.36665,-0.31305,0.02902,1.46665,0.38064,2.83236,1.79582,86.35739,-52.68789,226.24208,108.23529,0.3,0.3,0.0,0.0,0.0,0.0,0.0,0.0,0.96296,0,0,0.79091,-7.74,1.18724,0.0,1.0,0.0,0.0,0.0,0.0
hst_Arp_273 0 3 0.8928571428571429 -0.10257,-4.89429,-0.34265,0.19924,-0.42691,0.29319,1.26321,0.19476,3.2237,2.29781,85.62056,294.12115,297.91207,262.85603,0.3,0.3,0.0,0.0,0.0,0.0,0.0,0.0,0.89285,0,0,0.76882,-7.14,1.11204,0.0,1.0,0.0,0.0,0.0,0.0
588017702948962343 0 1 0.8 0.77539,-1.76333,-2.70998,-1.95662,0.47284,-0.23787,11.02648,0.20856,0.90942,0.7809,86.28424,327.05065,132.95116,212.2362,0.3,0.3,0.0,0.0,0.0,0.0,0.0,0.0,0.8,0,0,0.51091,-18.11999,3.20352,0.0,0.0,1.0,2.0,0.0,0.0
588017702948962343 0 2 0.7142857142857143 0.77539,-1.76333,-1.54058,-0.43131,-0.13705,-0.42135,6.77659,0.83045,0.8722,0.34832,87.625,-15.3125,313.04347,160.99378,0.3,0.3,0.0,0.0,0.0,0.0,0.0,0.0,0.71428,0,0,18.90775,-1.52,0.27205,0.0,1.0,1.0,0.0,0.0,0.0
588017702948962343 0 3 0.7027027027027027 0.77539,-1.76333,-2.82238,-0.08233,-0.53068,-0.77332,5.3683,0.57811,0.51173,0.39148,89.34058,332.21544,241.39233,138.88598,0.3,0.3,0.0,0.0,0.0,0.0,0.0,0.0,0.70270,0,0,20.09015,-2.23999,0.24101,0.0,0.0,1.0,0.0,0.0,0.0
587722984435351614 0 1 0.9459459459459459 -9.93853,-4.5805,3.27377,-0.50008,-2.45565,-1.07799,23.33004,24.69427,3.49825,5.32056,309.6923,36.8125,41.78471,51.42857,0.3,0.3,0.0,0.0,0.0,0.0,0.0,0.0,0.94594,0,0,0.18901,-22.47999,9.02372,0.0,1.0,0.0,0.0,0.0,0.0
587722984435351614 0 2 0.9411764705882353 -9.93853,-4.5805,20.84411,-1.74126,-2.7698,6.11683,27.02299,23.08542,3.49716,4.74238,299.83308,24.48166,45.94874,302.74563,0.3,0.3,0.0,0.0,0.0,0.0,0.0,0.0,0.94117,0,0,0.21251,-3.49999,5.5938,0.0,0.0,1.0,1.0,0.0,0.0
587722984435351614 0 3 0.918918918918919 -9.93853,-4.5805,18.86315,-1.46024,-2.49591,5.98258,24.1574,24.69427,2.76867,4.70207,295.5625,19.5867,319.75155,310.28396,0.3,0.3,0.0,0.0,0.0,0.0,0.0,0.0,0.91891,0,0,0.21861,-2.89999,5.22648,0.0,1.0,1.0,0.0,0.0,0.0
hst_Arp_CGCG 0 1 0.8214285714285714 1.46799,-1.90751,-1.06473,0.07554,-0.38851,-0.60193,0.61882,0.16625,0.77494,0.88675,72.6875,118.0,116.27329,245.96273,0.3,0.3,0.0,0.0,0.0,0.0,0.0,0.0,0.82142,0,0,0.93128,-3.23999,0.79599,0.0,1.0,0.0,0.0,0.0,0.0
hst_Arp_CGCG 0 2 0.75 1.46799,-1.90751,-0.55072,0.07554,-0.38851,-0.60193,0.61882,0.16625,0.77494,0.88675,72.6875,118.0,116.27329,245.96273,0.3,0.3,0.0,0.0,0.0,0.0,0.0,0.0,0.75,0,0,0.30059,-2.59999,1.56147,0.0,1.0,0.0,0.0,0.0,0.0
hst_Arp_CGCG 0 3 0.7407407407407407 1.46799,-1.90751,-0.47729,0.07554,-0.38851,-0.60193,0.61882,0.16625,0.77494,0.88675,72.6875,118.0,116.27329,245.96273,0.3,0.3,0.0,0.0,0.0,0.0,0.0,0.0,0.74074,0,0,0.40104,-3.01999,1.35038,0.0,1.0,0.0,0.0,0.0,0.0
587733080814583863 0 1 0.8108108108108109 0.08788,-0.63517,-0.80265,1.58982,-0.69369,-0.44444,0.67232,0.93367,0.67988,0.28073,20.25,80.6875,248.19875,125.21739,0.3,0.3,0.0,0.0,0.0,0.0,0.0,0.0,0.81081,0,0,1.27875,-0.4,0.79073,0.0,1.0,1.0,2.0,0.0,0.0
587733080814583863 0 2 0.7567567567567568 0.08788,-0.63517,-1.10148,-1.05659,-0.78688,-0.07204,0.58708,1.12916,0.54108,0.38693,11.96859,86.89981,255.48075,241.93185,0.3,0.3,0.0,0.0,0.0,0.0,0.0,0.0,0.75675,0,0,1.02036,-0.76,1.03718,0.0,1.0,1.0,2.0,0.0,0.0
587733080814583863 0 3 0.7297297297297297 0.08788,-0.63517,0.4754,-1.13339,-0.9298,0.37652,0.51581,1.25689,0.28724,0.20612,14.69903,77.68742,109.56387,68.10131,0.3,0.3,0.0,0.0,0.0,0.0,0.0,0.0,0.72972,0,0,3.67827,-0.42,0.48021,0.0,0.0,1.0,0.0,0.0,0.0
587742010583941189 0 1 0.8 -0.98742,-0.65926,0.56232,0.33462,0.26937,0.48074,0.58781,0.0433,0.77211,0.32639,135.875,96.8125,286.21118,223.60248,0.3,0.3,0.0,0.0,0.0,0.0,0.0,0.0,0.8,0,0,1.43157,-5.57999,0.64573,0.0,1.0,1.0,0.0,0.0,0.0
587742010583941189 0 2 0.7777777777777778 -0.98742,-0.65926,0.90836,0.4111,-0.05772,0.48074,0.61187,0.11184,0.84608,0.2762,134.375,96.25,290.68322,241.49068,0.3,0.3,0.0,0.0,0.0,0.0,0.0,0.0,0.77777,0,0,1.48481,-4.29999,0.65738,0.0,1.0,1.0,0.0,0.0,0.0
587742010583941189 0 3 0.7714285714285715 -0.98742,-0.65926,-0.4955,-0.77687,-1.40714,0.44132,0.58019,0.2649,0.95341,0.32343,142.60745,110.17093,252.93927,81.85069,0.3,0.3,0.0,0.0,0.0,0.0,0.0,0.0,0.77142,0,0,0.76218,-0.63999,0.77375,0.0,0.0,0.0,0.0,0.0,0.0
1237678620102623480 0 1 0.918918918918919 -1.01385,-2.25736,-5.87671,-0.24915,-0.22999,-1.99056,0.28515,0.41314,0.88722,0.36813,141.01822,77.28138,243.908,238.89572,0.3,0.3,0.0,0.0,0.0,0.0,0.0,0.0,0.91891,0,0,0.28904,-3.91999,1.13595,0.0,1.0,1.0,0.0,0.0,0.0
1237678620102623480 0 2 0.8823529411764706 -1.01385,-2.25736,5.81993,-0.35118,-0.22759,0.85813,0.14579,0.66199,0.49045,0.38755,158.0625,59.0625,216.8944,297.3913,0.3,0.3,0.0,0.0,0.0,0.0,0.0,0.0,0.88235,0,0,0.54107,-5.88,0.97162,0.0,1.0,1.0,0.0,0.0,0.0
1237678620102623480 0 3 0.8648648648648649 -1.01385,-2.25736,-2.63839,-0.07666,-0.17249,-1.3272,0.39235,0.97117,0.61573,0.38194,156.63595,61.95299,254.37331,109.09845,0.3,0.3,0.0,0.0,0.0,0.0,0.0,0.0,0.86486,0,0,0.27056,-2.37999,1.72306,0.0,1.0,1.0,1.0,0.0,0.0
587727177926508595 0 1 0.6285714285714286 0.93974,0.17991,2.04467,1.26751,0.43911,0.80185,0.35582,0.24462,0.62686,0.49921,4.37978,83.31363,224.97395,235.95833,0.3,0.3,0.0,0.0,0.0,0.0,0.0,0.0,0.62857,0,0,1.20537,-0.94,0.44142,0.0,0.0,1.0,1.0,0.0,0.0
587727177926508595 0 2 0.6 0.93974,0.17991,1.87475,0.0,-0.26259,1.16041,0.52421,0.77793,0.43453,0.60498,3.29897,77.02415,220.21397,117.16954,0.3,0.3,0.0,0.0,0.0,0.0,0.0,0.0,0.6,0,0,1.86316,-2.81999,0.63139,0.0,1.0,1.0,0.0,0.0,0.0
587727177926508595 0 3 0.6 0.93974,0.17991,2.66529,0.25254,-0.48014,1.16041,0.36689,1.02587,0.58906,0.53272,9.21381,79.54136,224.8856,298.34902,0.3,0.3,0.0,0.0,0.0,0.0,0.0,0.0,0.6,0,0,0.94745,-1.9,0.85372,0.0,0.0,1.0,0.0,0.0,0.0
587741602030026825 0 1 0.6111111111111112 2.96778,3.61902,-0.12375,0.27623,0.77828,0.07129,0.3626,0.17567,0.79068,0.33841,58.9375,167.4375,73.78881,0.0,0.3,0.3,0.0,0.0,0.0,0.0,0.0,0.0,0.61111,0,0,0.31982,-5.11999,1.18569,0.0,1.0,1.0,0.0,0.0,0.0
587741602030026825 0 2 0.5833333333333334 2.96778,3.61902,0.44096,0.46047,0.90234,-0.07135,0.2907,0.15012,0.68927,0.63671,37.53918,172.85469,41.16859,248.43389,0.3,0.3,0.0,0.0,0.0,0.0,0.0,0.0,0.58333,0,0,0.57918,-4.23999,0.73356,0.0,0.0,1.0,1.0,0.0,0.0
587741602030026825 0 3 0.5555555555555556 2.96778,3.61902,0.86629,0.41128,0.77828,-0.01292,0.42207,0.13815,0.72711,0.59857,47.875,184.6875,64.84472,210.18633,0.3,0.3,0.0,0.0,0.0,0.0,0.0,0.0,0.55555,0,0,0.69941,-4.79999,0.75608,0.0,1.0,1.0,0.0,0.0,0.0
587726033843585146 0 1 0.7837837837837838 -0.49344,-1.43805,1.55172,-0.16807,-1.08213,-0.16826,1.14963,1.3138,1.29877,0.36083,56.94339,56.70754,96.82758,180.0,0.3,0.3,0.0,0.0,0.0,0.0,0.0,0.0,0.78378,0,0,1.38084,-1.6,0.90882,0.0,1.0,1.0,1.0,0.0,0.0
587726033843585146 0 2 0.6944444444444444 -0.49344,-1.43805,-2.3349,-1.0909,-1.39879,-1.5146,0.83344,1.47403,1.06806,0.29349,57.40789,39.37853,227.8591,121.86704,0.3,0.3,0.0,0.0,0.0,0.0,0.0,0.0,0.69444,0,0,1.34115,-1.06,0.74123,0.0,1.0,0.0,0.0,0.0,0.0
587726033843585146 0 3 0.6944444444444444 -0.49344,-1.43805,0.30507,-0.02478,-0.7773,1.08171,1.33634,1.41855,1.09193,0.46548,42.06035,49.20085,299.57897,48.45553,0.3,0.3,0.0,0.0,0.0,0.0,0.0,0.0,0.69444,0,0,21.33698,-0.96,0.19357,0.0,1.0,1.0,1.0,0.0,0.0
hst_ESO_77-14 0 1 0.8620689655172413 0.14477,-0.08121,0.05183,0.40326,0.92256,-0.18911,0.52406,0.22706,0.14222,0.1233,86.88849,285.81981,71.97108,288.43683,0.3,0.3,0.0,0.0,0.0,0.0,0.0,0.0,0.86206,0,0,25.06132,-0.94,0.17171,0.0,0.0,1.0,0.0,0.0,0.0
hst_ESO_77-14 0 2 0.7857142857142857 0.14477,-0.08121,0.18404,0.77737,0.44234,-0.62672,0.36079,0.11363,0.097,0.09379,78.25885,287.94064,107.17034,297.83858,0.3,0.3,0.0,0.0,0.0,0.0,0.0,0.0,0.78571,0,0,16.35009,-0.18,0.15262,0.0,1.0,1.0,1.0,0.0,0.0
hst_ESO_77-14 0 3 0.7857142857142857 0.14477,-0.08121,0.08467,0.38743,0.75335,1.00226,0.46139,0.27419,0.11852,0.11116,97.32753,286.40477,291.02778,74.648,0.3,0.3,0.0,0.0,0.0,0.0,0.0,0.0,0.78571,0,0,18.72025,-0.06,0.17019,0.0,1.0,0.0,0.0,0.0,0.0
758874299603222717 0 1 0.8055555555555556 -0.63148,0.63778,0.26845,-1.00831,-0.19458,0.42192,0.81492,1.1651,0.29162,0.27274,97.25,-4.75,194.53416,35.77639,0.3,0.3,0.0,0.0,0.0,0.0,0.0,0.0,0.80555,0,0,6.79558,-0.7,0.36071,0.0,1.0,1.0,0.0,0.0,0.0
758874299603222717 0 2 0.8 -0.63148,0.63778,0.26845,-1.00831,-0.19458,0.42192,0.85689,0.92249,0.29162,0.27274,97.25,-4.75,194.53416,35.77639,0.3,0.3,0.0,0.0,0.0,0.0,0.0,0.0,0.8,0,0,5.69299,-0.74,0.38742,0.0,1.0,1.0,1.0,0.0,0.0
758874299603222717 0 3 0.7714285714285715 -0.63148,0.63778,0.16354,-1.20638,-0.87263,0.4146,1.12205,0.87673,0.3372,0.33541,89.05198,-0.35443,218.31059,14.11764,0.3,0.3,0.0,0.0,0.0,0.0,0.0,0.0,0.77142,0,0,1.666,-0.3,0.87929,0.0,1.0,1.0,1.0,0.0,0.0
587736941981466667 0 1 0.8 -0.27341,0.18994,0.66879,0.79758,-0.27464,1.32781,0.12895,0.11046,0.3036,0.30121,89.04821,54.76104,158.13327,66.51484,0.3,0.3,0.0,0.0,0.0,0.0,0.0,0.0,0.8,0,0,0.49731,0.0,0.75561,0.0,0.0,1.0,1.0,0.0,0.0
587736941981466667 0 2 0.8 -0.27341,0.18994,0.00179,1.00379,-1.32238,1.97233,0.20511,0.26593,0.28456,0.27142,102.67915,47.38484,157.52413,292.99948,0.3,0.3,0.0,0.0,0.0,0.0,0.0,0.0,0.8,0,0,1.59593,0.0,0.36542,0.0,0.0,1.0,0.0,0.0,0.0
587736941981466667 0 3 0.8 -0.27341,0.18994,-0.10576,0.99154,0.01013,1.43329,0.24374,0.11643,0.29413,0.25821,102.50995,55.55714,204.3813,286.77966,0.3,0.3,0.0,0.0,0.0,0.0,0.0,0.0,0.8,0,0,1.63464,0.0,0.37278,0.0,1.0,0.0,0.0,0.0,0.0
hst_Arp_244 0 1 0.9285714285714286 -0.07728,-0.80372,-0.13938,-0.31746,-0.75224,-0.08412,0.33607,0.44353,0.91692,0.89357,79.55898,35.13127,141.02645,306.89238,0.3,0.3,0.0,0.0,0.0,0.0,0.0,0.0,0.92857,0,0,20.24723,-0.67999,0.14396,0.0,0.0,0.0,0.0,0.0,0.0
hst_Arp_244 0 2 0.8888888888888888 -0.07728,-0.80372,0.12298,-0.2236,-0.67937,0.0343,0.29311,0.35925,0.70052,0.99425,80.2,38.42956,230.4,306.34797,0.3,0.3,0.0,0.0,0.0,0.0,0.0,0.0,0.88888,0,0,47.2061,-0.72,0.08652,0.0,1.0,1.0,0.0,0.0,0.0
hst_Arp_244 0 3 0.8620689655172413 -0.07728,-0.80372,0.01638,-0.048,-0.79299,-0.12945,0.36928,0.38522,0.68775,0.78284,94.53363,50.72619,224.21979,58.01574,0.3,0.3,0.0,0.0,0.0,0.0,0.0,0.0,0.86206,0,0,138.26993,-0.61999,0.05004,0.0,1.0,0.0,0.0,0.0,0.0
587728676861051075 0 1 0.6111111111111112 0.05958,-0.64055,-0.50731,-0.46485,-0.24499,-0.0168,0.39912,0.45882,0.1076,0.07065,74.74433,84.11546,132.46981,349.8067,0.3,0.3,0.0,0.0,0.0,0.0,0.0,0.0,0.61111,0,0,8.02227,-0.96,0.26224,0.0,0.0,0.0,0.0,0.0,0.0
587728676861051075 0 2 0.5945945945945946 0.05958,-0.64055,1.12015,-0.21294,0.10627,0.33292,0.37781,0.44744,0.12535,0.05424,75.46996,80.85282,232.10309,10.0575,0.3,0.3,0.0,0.0,0.0,0.0,0.0,0.0,0.59459,0,0,5.90612,-1.7,0.29337,0.0,0.0,1.0,0.0,0.0,0.0
587728676861051075 0 3 0.5675675675675675 0.05958,-0.64055,-0.69504,0.2707,-0.05589,-0.31657,1.21698,0.30856,0.12625,0.05365,79.1068,73.19285,229.36895,339.19649,0.3,0.3,0.0,0.0,0.0,0.0,0.0,0.0,0.56756,0,0,25.56452,-1.24,0.15771,0.0,0.0,1.0,0.0,0.0,0.0
587732772130652231 0 1 0.6756756756756757 -0.10526,0.14243,2.49126,-0.49772,-0.64162,0.80926,0.79545,1.03288,0.71355,0.07045,120.29772,55.29307,321.14668,194.11042,0.3,0.3,0.0,0.0,0.0,0.0,0.0,0.0,0.67567,0,0,0.71236,-1.64,1.1516,0.0,1.0,1.0,0.0,0.0,0.0
587732772130652231 0 2 0.6571428571428571 -0.10526,0.14243,2.32922,0.02017,-0.94915,0.31595,0.73281,2.55821,0.62548,0.11015,123.32405,40.86389,314.60639,338.50614,0.3,0.3,0.0,0.0,0.0,0.0,0.0,0.0,0.65714,0,0,0.88506,-1.82,1.32347,0.0,0.0,1.0,1.0,0.0,0.0
587732772130652231 0 3 0.6571428571428571 -0.10526,0.14243,1.96636,-1.08914,-0.88035,0.32488,0.63198,2.12003,0.67604,0.12353,118.77349,40.64663,324.40405,3.99346,0.3,0.3,0.0,0.0,0.0,0.0,0.0,0.0,0.65714,0,0,0.48392,-0.65999,1.84809,0.0,0.0,1.0,0.0,0.0,0.0
587741534400217110 0 1 0.9142857142857143 -0.03825,1.80871,-1.20029,-0.13246,0.34128,0.02301,0.13389,0.13374,0.51082,0.43601,44.47154,137.73015,58.84027,212.05778,0.3,0.3,0.0,0.0,0.0,0.0,0.0,0.0,0.91428,0,0,0.43563,-4.19999,0.90081,0.0,1.0,1.0,2.0,0.0,0.0
587741534400217110 0 2 0.8571428571428571 -0.03825,1.80871,-0.94964,-0.15156,0.38529,0.02549,0.1495,0.1344,0.49663,0.42084,38.0,147.0,49.19254,207.95031,0.3,0.3,0.0,0.0,0.0,0.0,0.0,0.0,0.85714,0,0,0.54313,-3.57999,0.80035,0.0,1.0,1.0,1.0,0.0,0.0
587741534400217110 0 3 0.8571428571428571 -0.03825,1.80871,-0.41848,-0.20312,0.11506,-0.26693,0.11253,0.11551,0.67284,0.41881,36.47009,156.44666,307.44886,209.20596,0.3,0.3,0.0,0.0,0.0,0.0,0.0,0.0,0.85714,0,0,0.30358,-4.53999,1.15652,0.0,0.0,1.0,1.0,0.0,0.0
587731913110650988 0 1 0.75 -1.1109,1.42179,1.83622,-0.21681,0.16226,-0.16723,0.28431,0.24722,0.43073,0.39131,46.71265,312.66855,306.45659,65.7798,0.3,0.3,0.0,0.0,0.0,0.0,0.0,0.0,0.75,0,0,13.26839,-3.73999,0.15356,0.0,0.0,1.0,0.0,0.0,0.0
587731913110650988 0 2 0.7297297297297297 -1.1109,1.42179,0.41899,-0.90664,0.79798,-0.15529,0.03498,0.27985,0.45935,0.42143,50.2897,304.02636,293.12283,238.40106,0.3,0.3,0.0,0.0,0.0,0.0,0.0,0.0,0.72972,0,0,0.57663,-1.36,0.61286,0.0,0.0,1.0,0.0,0.0,0.0
587731913110650988 0 3 0.7222222222222222 -1.1109,1.42179,1.31993,-0.88231,0.97274,0.1796,0.07314,0.32587,0.46427,0.38802,39.08516,301.28009,287.96503,294.50932,0.3,0.3,0.0,0.0,0.0,0.0,0.0,0.0,0.72222,0,0,0.35802,-1.48,0.84614,0.0,1.0,1.0,2.0,0.0,0.0
587727222471131318 0 1 0.6944444444444444 0.66665,-2.12701,0.6768,-0.15954,-0.50545,0.30749,0.20978,0.14034,0.6169,0.45781,13.42741,93.42741,177.12,355.68,0.3,0.3,0.0,0.0,0.0,0.0,0.0,0.0,0.69444,0,0,0.34613,-3.03999,1.043,0.0,1.0,0.0,2.0,0.0,0.0
587727222471131318 0 2 0.6578947368421053 0.66665,-2.12701,0.77772,-0.16221,-0.62667,0.37693,0.216,0.19069,0.59406,0.58611,3.9375,102.94505,149.81366,24.49409,0.3,0.3,0.0,0.0,0.0,0.0,0.0,0.0,0.65789,0,0,0.57178,-2.93999,0.81567,0.0,1.0,1.0,1.0,0.0,0.0
587727222471131318 0 3 0.6578947368421053 0.66665,-2.12701,2.54834,-0.09226,-0.11773,0.51789,0.18983,0.20022,0.8875,0.54988,353.96365,100.23487,169.72682,163.5867,0.3,0.3,0.0,0.0,0.0,0.0,0.0,0.0,0.65789,0,0,0.25684,-5.33999,1.30481,0.0,0.0,0.0,0.0,0.0,0.0
587727178988388373 0 1 0.7222222222222222 -0.40793,-1.92518,0.70003,-0.65592,-0.39167,0.95708,2.10823,1.57388,0.77252,0.55692,95.58478,61.52085,225.54934,217.20973,0.3,0.3,0.0,0.0,0.0,0.0,0.0,0.0,0.72222,0,0,6.30923,-1.38,0.41618,0.0,0.0,1.0,0.0,0.0,0.0
587727178988388373 0 2 0.6857142857142857 -0.40793,-1.92518,-0.24268,-1.00952,-0.25721,0.22203,1.93382,1.54718,0.67403,0.5841,94.2311,76.56371,226.98248,225.29787,0.3,0.3,0.0,0.0,0.0,0.0,0.0,0.0,0.68571,0,0,1.53964,-1.6,0.9962,0.0,0.0,0.0,0.0,0.0,0.0
587727178988388373 0 3 0.6764705882352942 -0.40793,-1.92518,1.50822,-1.05587,-0.18528,0.22421,2.47178,1.63812,0.70852,0.8439,93.98369,68.46069,225.10324,132.30869,0.3,0.3,0.0,0.0,0.0,0.0,0.0,0.0,0.67647,0,0,1.2456,-1.68,1.15892,0.0,0.0,1.0,0.0,0.0,0.0
588018055130710322 0 1 0.7428571428571429 -0.10914,-1.06691,1.24206,0.54301,0.05548,0.02745,0.77276,0.44997,0.66672,0.35069,56.99126,291.05617,332.30769,173.26577,0.3,0.3,0.0,0.0,0.0,0.0,0.0,0.0,0.74285,0,0,1.54117,-3.25999,0.74902,0.0,1.0,1.0,2.0,0.0,0.0
588018055130710322 0 2 0.7368421052631579 -0.10914,-1.06691,2.79464,0.09308,-0.1506,0.02745,0.59107,0.44885,0.69267,0.19421,74.15283,-57.36244,300.0,230.76923,0.3,0.3,0.0,0.0,0.0,0.0,0.0,0.0,0.73684,0,0,5.20457,-5.73999,0.31552,0.0,1.0,1.0,3.0,0.0,0.0
588018055130710322 0 3 0.7368421052631579 -0.10914,-1.06691,1.094,0.64105,-0.07558,0.04252,0.64095,0.44841,0.65059,0.23519,61.72065,293.8313,312.34476,191.51191,0.3,0.3,0.0,0.0,0.0,0.0,0.0,0.0,0.73684,0,0,1.0997,-3.11999,0.91402,0.0,0.0,1.0,1.0,0.0,0.0
587736523764334706 0 1 0.7714285714285715 1.29969,-0.31467,-3.06031,1.44212,0.31346,2.29851,0.57417,0.26991,1.1236,0.68688,110.48197,51.34847,235.81447,138.91215,0.3,0.3,0.0,0.0,0.0,0.0,0.0,0.0,0.77142,0,0,0.03879,0.0,3.35226,0.0,0.0,1.0,0.0,0.0,0.0
587736523764334706 0 2 0.7428571428571429 1.29969,-0.31467,3.30684,1.41537,-0.5888,-1.58661,0.4874,0.42877,1.27609,0.87039,120.26444,53.12427,239.42865,52.65802,0.3,0.3,0.0,0.0,0.0,0.0,0.0,0.0,0.74285,0,0,0.10606,-1.64,2.1682,0.0,0.0,0.0,0.0,0.0,0.0
587736523764334706 0 3 0.7428571428571429 1.29969,-0.31467,3.5979,1.00295,0.39002,5.77683,0.50364,0.54545,1.23203,0.78713,123.18136,49.54589,236.86312,40.73211,0.3,0.3,0.0,0.0,0.0,0.0,0.0,0.0,0.74285,0,0,0.05448,0.0,3.84603,0.0,0.0,0.0,0.0,0.0,0.0
hst_Arp_272 0 1 0.7857142857142857 2.69455,-0.04067,0.02039,0.44033,-0.03982,0.20649,0.22587,0.12288,2.52756,1.21528,339.26402,62.125,320.75111,181.11801,0.3,0.3,0.0,0.0,0.0,0.0,0.0,0.0,0.78571,0,0,56.95151,-3.85999,0.06188,0.0,1.0,0.0,2.0,0.0,0.0
hst_Arp_272 0 2 0.6538461538461539 2.69455,-0.04067,0.01093,0.60641,-0.73865,-0.15533,0.31981,0.17886,2.47031,1.72409,336.41653,50.97519,310.85678,244.55447,0.3,0.3,0.0,0.0,0.0,0.0,0.0,0.0,0.65384,0,0,0.11974,-1.98,1.9724,0.0,0.0,1.0,1.0,0.0,0.0
hst_Arp_272 0 3 0.6538461538461539 2.69455,-0.04067,-0.25156,0.07702,-0.65219,0.07562,0.15787,0.14146,2.60592,1.68089,348.18147,58.76043,226.90202,230.84097,0.3,0.3,0.0,0.0,0.0,0.0,0.0,0.0,0.65384,0,0,0.05682,-0.36,2.69555,0.0,0.0,1.0,0.0,0.0,0.0
587739721376202860 0 1 0.7894736842105263 0.18431,-1.70765,-1.10986,0.44605,0.5285,0.65793,0.68291,0.42121,1.01635,0.60643,6.39297,24.95647,256.37096,25.03469,0.3,0.3,0.0,0.0,0.0,0.0,0.0,0.0,0.78947,0,0,0.68957,-11.57999,1.11691,0.0,0.0,1.0,2.0,0.0,0.0
587739721376202860 0 2 0.7837837837837838 0.18431,-1.70765,-1.76707,-0.29551,0.06166,0.5169,0.7924,0.11199,0.90251,0.61574,8.59032,19.27994,102.42737,331.13931,0.3,0.3,0.0,0.0,0.0,0.0,0.0,0.0,0.78378,0,0,0.42281,-29.99999,1.47326,0.0,0.0,1.0,1.0,0.0,0.0
587739721376202860 0 3 0.7777777777777778 0.18431,-1.70765,-1.81441,0.16205,0.51264,0.27728,0.78403,0.28155,0.94857,0.64023,10.96647,27.92531,260.02943,343.42229,0.3,0.3,0.0,0.0,0.0,0.0,0.0,0.0,0.77777,0,0,0.2066,-1.14,2.40176,0.0,0.0,1.0,0.0,0.0,0.0
587738569249390718 0 1 0.8918918918918919 -0.82909,2.18149,0.25946,0.76183,1.56248,1.27654,2.48065,2.46008,0.69846,0.84537,144.47499,49.46295,202.35207,46.14773,0.3,0.3,0.0,0.0,0.0,0.0,0.0,0.0,0.89189,0,0,0.77658,-0.92,1.53238,0.0,0.0,0.0,0.0,0.0,0.0
587738569249390718 0 2 0.8888888888888888 -0.82909,2.18149,-1.80013,0.83111,1.07347,-0.01431,1.47168,1.73747,0.95357,0.64309,153.0,37.5,232.54658,26.83229,0.3,0.3,0.0,0.0,0.0,0.0,0.0,0.0,0.88888,0,0,0.41272,-1.88,2.19456,0.0,1.0,1.0,2.0,0.0,0.0
587738569249390718 0 3 0.8108108108108109 -0.82909,2.18149,1.80086,0.84172,0.92069,0.68773,1.36235,2.12364,0.75662,0.89283,147.12474,45.2089,198.8087,32.51574,0.3,0.3,0.0,0.0,0.0,0.0,0.0,0.0,0.81081,0,0,0.55851,-1.88,1.75658,0.0,0.0,1.0,0.0,0.0,0.0
587729227151704160 0 1 0.7211538461538461 -0.12623,0.35028,3.35743,-0.12979,0.55971,4.02072,0.78258,0.98072,0.30541,0.41196,152.77952,195.62801,147.22542,138.42519,0.3,0.3,0.0,0.0,0.0,0.0,0.0,0.0,0.72115,0,0,45.47487,-0.49999,0.07399,0.0,0.0,0.0,0.0,0.0,0.0
587729227151704160 0 2 0.7142857142857143 -0.12623,0.35028,3.47497,-0.11874,0.47694,4.58023,1.35908,1.12955,0.31179,0.38378,158.24721,190.18512,33.61024,44.49044,0.3,0.3,0.0,0.0,0.0,0.0,0.0,0.0,0.71428,0,0,20.29122,-0.45999,0.1234,0.0,0.0,0.0,0.0,0.0,0.0
587729227151704160 0 3 0.7058823529411765 -0.12623,0.35028,3.05005,-0.2114,0.79135,6.3806,1.77057,1.40805,0.3114,0.35282,164.43124,199.26518,145.9258,133.25487,0.3,0.3,0.0,0.0,0.0,0.0,0.0,0.0,0.70588,0,0,7.68945,-0.86,0.29699,0.0,0.0,1.0,0.0,0.0,0.0
587739707420967061 0 1 0.7142857142857143 -0.4413,-1.22532,-0.61795,-0.37843,0.21504,0.31336,2.269,1.10569,0.65532,0.3324,225.25,66.3125,192.29813,216.8944,0.3,0.3,0.0,0.0,0.0,0.0,0.0,0.0,0.71428,0,0,19.93724,-1.36,0.21713,0.0,1.0,1.0,1.0,0.0,0.0
587739707420967061 0 2 0.6571428571428571 -0.4413,-1.22532,-0.61795,-0.37843,0.21504,-0.12955,2.23896,1.08619,0.67651,0.54745,226.23739,68.58448,202.50079,225.65945,0.3,0.3,0.0,0.0,0.0,0.0,0.0,0.0,0.65714,0,0,19.51343,-1.38,0.21887,0.0,1.0,0.0,0.0,0.0,0.0
587739707420967061 0 3 0.6216216216216216 -0.4413,-1.22532,-0.24598,-0.93476,-0.11082,0.2399,2.50266,1.36432,0.38518,0.5527,222.46536,62.07158,205.38329,56.25988,0.3,0.3,0.0,0.0,0.0,0.0,0.0,0.0,0.62162,0,0,8.85821,-0.9,0.36563,0.0,1.0,1.0,1.0,0.0,0.0
587741817851674654 0 1 0.6486486486486487 1.06338,1.04559,-0.26629,0.41908,0.24806,1.22543,0.53245,0.29691,0.82626,0.51709,112.25,34.875,342.1118,169.93788,0.3,0.3,0.0,0.0,0.0,0.0,0.0,0.0,0.64864,0,0,10.56734,-1.66,0.20496,0.0,1.0,1.0,1.0,0.0,0.0
587741817851674654 0 2 0.5714285714285714 1.06338,1.04559,-0.25437,-1.01281,0.05905,-0.26376,0.51137,1.44688,0.75496,0.53858,110.78997,31.65071,34.20782,37.93985,0.3,0.3,0.0,0.0,0.0,0.0,0.0,0.0,0.57142,0,0,0.57975,0.0,1.5298,0.0,0.0,1.0,1.0,0.0,0.0
587741817851674654 0 3 0.5714285714285714 1.06338,1.04559,-0.11321,0.44793,-0.42562,-1.49145,0.50056,1.58574,0.75595,0.35819,121.69313,38.8541,156.34738,220.50304,0.3,0.3,0.0,0.0,0.0,0.0,0.0,0.0,0.57142,0,0,0.80214,-1.22,1.3852,0.0,0.0,1.0,0.0,0.0,0.0
587739721900163101 0 1 0.8285714285714286 -0.43119,-0.92661,-2.95529,-0.27612,0.25209,0.02785,1.27082,0.7092,0.91066,0.64802,4.72969,58.6091,94.55469,203.72416,0.3,0.3,0.0,0.0,0.0,0.0,0.0,0.0,0.82857,0,0,2.72021,-5.43999,0.56515,0.0,0.0,0.0,0.0,0.0,0.0
587739721900163101 0 2 0.7777777777777778 -0.43119,-0.92661,2.16714,0.04543,0.70104,-0.00632,1.43147,1.12255,0.73747,0.29839,4.5,55.5,261.6149,145.34161,0.3,0.3,0.0,0.0,0.0,0.0,0.0,0.0,0.77777,0,0,1.56501,-4.67999,0.87798,0.0,1.0,0.0,0.0,0.0,0.0
587739721900163101 0 3 0.7714285714285715 -0.43119,-0.92661,1.90838,0.01514,0.36576,0.0059,0.72117,0.38183,0.60065,0.5311,0.42178,61.6875,289.4102,241.49068,0.3,0.3,0.0,0.0,0.0,0.0,0.0,0.0,0.77142,0,0,1.66328,-4.87999,0.6516,0.0,1.0,0.0,0.0,0.0,0.0
588017978901528612 0 1 0.7961165048543689 0.50703,1.54971,0.15061,-0.14252,0.26477,0.15418,0.46797,0.11446,1.14919,0.27229,11.0625,65.5625,111.80124,290.68322,0.3,0.3,0.0,0.0,0.0,0.0,0.0,0.0,0.79611,0,0,6.16516,-2.63999,0.25323,0.0,1.0,1.0,1.0,0.0,0.0
588017978901528612 0 2 0.7428571428571429 0.50703,1.54971,0.45184,-0.1206,0.48541,0.15418,0.46797,0.11446,1.14919,0.26399,11.25,65.5625,120.74534,339.87577,0.3,0.3,0.0,0.0,0.0,0.0,0.0,0.0,0.74285,0,0,3.82503,-2.13999,0.32502,0.0,1.0,1.0,0.0,0.0,0.0
588017978901528612 0 3 0.7222222222222222 0.50703,1.54971,0.10148,-0.20853,0.24833,-0.04918,0.38559,0.08099,0.82943,0.25044,353.1107,64.67254,232.04615,312.37853,0.3,0.3,0.0,0.0,0.0,0.0,0.0,0.0,0.72222,0,0,2.50105,-3.23999,0.40459,0.0,1.0,1.0,0.0,0.0,0.0
587735043609329845 0 1 0.8529411764705882 -0.48646,-1.45004,0.5914,0.31022,-0.11137,0.14916,0.94571,0.39655,0.44246,0.1327,29.11518,63.53808,340.82413,135.58873,0.3,0.3,0.0,0.0,0.0,0.0,0.0,0.0,0.85294,0,0,7.57047,-2.37999,0.28787,0.0,0.0,1.0,0.0,0.0,0.0
587735043609329845 0 2 0.8529411764705882 -0.48646,-1.45004,0.35202,0.82427,-0.75369,-0.15985,1.36636,0.75646,0.55322,0.25371,25.82539,52.61913,336.36803,125.68334,0.3,0.3,0.0,0.0,0.0,0.0,0.0,0.0,0.85294,0,0,1.24595,-1.32,0.99374,0.0,1.0,1.0,2.0,0.0,0.0
587735043609329845 0 3 0.8529411764705882 -0.48646,-1.45004,-0.11659,0.44006,-0.75116,0.15564,0.80599,0.76775,0.3219,0.28967,34.62701,50.74355,21.61646,125.04814,0.3,0.3,0.0,0.0,0.0,0.0,0.0,0.0,0.85294,0,0,2.66602,-1.38,0.5549,0.0,0.0,1.0,2.0,0.0,0.0
587741829658181698 0 1 0.7714285714285715 -1.15174,-0.32733,-0.11334,-0.16012,-0.79323,-0.67275,0.48583,0.74734,0.53112,0.87559,11.625,64.3125,223.60248,259.37888,0.3,0.3,0.0,0.0,0.0,0.0,0.0,0.0,0.77142,0,0,0.6891,-0.44,1.08173,0.0,1.0,0.0,1.0,0.0,0.0
587741829658181698 0 2 0.7647058823529411 -1.15174,-0.32733,-0.5226,-0.36828,-1.44609,-1.21591,0.8436,0.31567,0.65376,0.65353,8.74085,59.34047,220.91235,288.29189,0.3,0.3,0.0,0.0,0.0,0.0,0.0,0.0,0.76470,0,0,0.56137,-0.49999,1.13828,0.0,0.0,1.0,1.0,0.0,0.0
587741829658181698 0 3 0.7368421052631579 -1.15174,-0.32733,-1.9618,-0.48037,-0.69407,-0.67275,0.60118,0.62394,0.65704,0.88502,1.3125,55.618,122.98136,72.7926,0.3,0.3,0.0,0.0,0.0,0.0,0.0,0.0,0.73684,0,0,1.11861,-1.78,0.77888,0.0,1.0,0.0,0.0,0.0,0.0
587745402001817662 0 1 0.631578947368421 -0.54962,0.12782,-0.36991,-0.84946,-0.5931,0.28701,0.95397,0.78733,0.53931,0.32651,92.46412,69.94114,331.9529,319.64518,0.3,0.3,0.0,0.0,0.0,0.0,0.0,0.0,0.63157,0,0,11.02223,-0.36,0.25677,0.0,1.0,1.0,0.0,0.0,0.0
587745402001817662 0 2 0.631578947368421 -0.54962,0.12782,-0.36991,-0.77065,-0.30062,0.28701,0.90492,0.78959,0.53931,0.32651,92.46412,69.94114,331.9529,319.64518,0.3,0.3,0.0,0.0,0.0,0.0,0.0,0.0,0.63157,0,0,20.43177,-0.36,0.18087,0.0,0.0,1.0,0.0,0.0,0.0
587745402001817662 0 3 0.6216216216216216 -0.54962,0.12782,0.06548,0.95347,-1.36065,-0.36251,1.27053,0.84262,0.30948,0.52603,92.22496,55.93378,337.81609,24.16386,0.3,0.3,0.0,0.0,0.0,0.0,0.0,0.0,0.62162,0,0,9.25857,-2.41999,0.30153,0.0,1.0,1.0,1.0,0.0,0.0
hst_NGC_5331 0 1 0.6666666666666666 0.55851,1.6516,-1.76329,-2.1087,-0.54839,-0.35185,0.20619,0.36548,1.22508,0.98421,113.53027,27.93195,65.93368,53.44646,0.3,0.3,0.0,0.0,0.0,0.0,0.0,0.0,0.66666,0,0,0.04172,0.0,2.49185,0.0,0.0,0.0,0.0,0.0,0.0
hst_NGC_5331 0 2 0.6551724137931034 0.55851,1.6516,1.33066,0.75369,0.91969,0.75846,0.35894,0.22324,1.62444,0.91594,118.16774,13.18068,108.74559,124.37474,0.3,0.3,0.0,0.0,0.0,0.0,0.0,0.0,0.65517,0,0,0.54217,-1.56,0.83259,0.0,0.0,1.0,1.0,0.0,0.0
hst_NGC_5331 0 3 0.6296296296296297 0.55851,1.6516,-1.60776,-0.84349,0.96362,0.24047,0.30906,0.34646,1.33448,0.94134,102.4,25.71983,64.8,238.82987,0.3,0.3,0.0,0.0,0.0,0.0,0.0,0.0,0.62962,0,0,0.10534,-0.76,2.18882,0.0,1.0,1.0,0.0,0.0,0.0
588011124116422756 0 1 0.918918918918919 0.96515,0.50909,-1.30434,0.87055,-0.24046,-0.74205,2.40149,1.65599,0.70984,0.72723,132.625,107.25,136.39751,127.45341,0.3,0.3,0.0,0.0,0.0,0.0,0.0,0.0,0.91891,0,0,4.14618,-1.32,0.57404,0.0,1.0,0.0,0.0,0.0,0.0
588011124116422756 0 2 0.9142857142857143 0.96515,0.50909,-2.93863,0.73399,-0.20611,-2.26973,1.95428,1.504,0.529,1.12673,137.3125,127.3125,136.39751,234.7826,0.3,0.3,0.0,0.0,0.0,0.0,0.0,0.0,0.91428,0,0,4.22077,-1.22,0.46228,0.0,1.0,1.0,1.0,0.0,0.0
588011124116422756 0 3 0.8611111111111112 0.96515,0.50909,-2.1079,1.38263,-0.24046,-1.9566,2.37167,1.888,0.66786,0.79487,130.1875,125.4375,152.04968,234.7826,0.3,0.3,0.0,0.0,0.0,0.0,0.0,0.0,0.86111,0,0,4.26702,-0.7,0.47675,0.0,1.0,0.0,0.0,0.0,0.0
587739646743412797 0 1 0.8285714285714286 -1.9621,2.22832,0.24443,-0.26092,0.89777,-0.65992,1.18409,1.36952,1.02906,0.56234,89.99772,280.93104,190.66595,237.90845,0.3,0.3,0.0,0.0,0.0,0.0,0.0,0.0,0.82857,0,0,2.87063,-2.17999,0.57355,0.0,1.0,0.0,0.0,0.0,0.0
587739646743412797 0 2 0.8055555555555556 -1.9621,2.22832,1.67311,-0.07789,0.19021,0.77114,0.73038,1.41791,0.8546,0.40595,95.98066,277.81459,160.42898,236.59518,0.3,0.3,0.0,0.0,0.0,0.0,0.0,0.0,0.80555,0,0,0.43739,-3.17999,1.72956,0.0,0.0,1.0,0.0,0.0,0.0
587739646743412797 0 3 0.8055555555555556 -1.9621,2.22832,-0.60842,-0.31177,0.88792,-0.42128,0.72228,1.12536,0.84104,0.64886,89.92972,276.89506,154.40639,61.86014,0.3,0.3,0.0,0.0,0.0,0.0,0.0,0.0,0.80555,0,0,0.56521,-2.53999,1.36854,0.0,0.0,1.0,1.0,0.0,0.0
588013383816904792 0 1 0.868421052631579 0.57769,-0.37316,-1.03833,1.1466,0.04976,-0.96384,0.90374,0.65512,0.19206,0.26392,81.1,103.9,321.17647,0.0,0.3,0.3,0.0,0.0,0.0,0.0,0.0,0.0,0.86842,0,0,6.10944,-0.57999,0.3059,0.0,1.0,1.0,1.0,0.0,0.0
588013383816904792 0 2 0.8333333333333334 0.57769,-0.37316,0.24802,0.90015,0.37066,0.67956,0.87293,1.24469,0.16827,0.24788,88.121,109.28979,324.14336,3.00664,0.3,0.3,0.0,0.0,0.0,0.0,0.0,0.0,0.83333,0,0,11.09098,-0.47999,0.28268,0.0,0.0,0.0,0.0,0.0,0.0
588013383816904792 0 3 0.8285714285714286 0.57769,-0.37316,-0.95948,1.15917,0.0,-0.34297,1.38055,1.04262,0.20111,0.23369,85.0,96.8125,308.57142,4.47204,0.3,0.3,0.0,0.0,0.0,0.0,0.0,0.0,0.82857,0,0,12.1906,-0.55999,0.25116,0.0,1.0,0.0,0.0,0.0,0.0
587739647284805725 0 1 0.8378378378378378 -0.30712,0.91123,4.22997,0.1273,-0.11633,-0.08909,0.32554,0.66283,0.58014,0.51788,66.18482,180.62757,52.35578,76.4466,0.3,0.3,0.0,0.0,0.0,0.0,0.0,0.0,0.83783,0,0,3.88094,-16.59999,0.36061,0.0,0.0,1.0,2.0,0.0,0.0
587739647284805725 0 2 0.8333333333333334 -0.30712,0.91123,-3.59492,0.55339,0.22274,0.05689,0.57549,0.63,0.70046,0.56102,72.3125,174.4375,296.27329,285.09316,0.3,0.3,0.0,0.0,0.0,0.0,0.0,0.0,0.83333,0,0,0.13742,0.0,3.7252,0.0,1.0,1.0,0.0,0.0,0.0
587739647284805725 0 3 0.8055555555555556 -0.30712,0.91123,3.48629,-0.36804,0.65045,0.02976,0.58304,0.27393,0.62008,0.50952,85.29121,179.4913,231.95323,285.31893,0.3,0.3,0.0,0.0,0.0,0.0,0.0,0.0,0.80555,0,0,0.10312,-2.63999,3.25605,0.0,0.0,0.0,0.0,0.0,0.0
587724234257137777 0 1 0.7428571428571429 1.08119,-1.66798,1.3773,0.61382,-0.22718,0.19121,0.55533,0.55472,0.76031,0.3675,4.3125,141.3125,96.14906,118.50931,0.3,0.3,0.0,0.0,0.0,0.0,0.0,0.0,0.74285,0,0,1.40377,-2.57999,0.69215,0.0,1.0,0.0,2.0,0.0,0.0
587724234257137777 0 2 0.7142857142857143 1.08119,-1.66798,4.27415,-0.32157,0.28924,-0.12134,0.78704,0.59567,0.99205,0.27833,6.34084,134.97776,73.59964,238.52468,0.3,0.3,0.0,0.0,0.0,0.0,0.0,0.0,0.71428,0,0,0.64958,-29.03999,1.19482,0.0,0.0,1.0,0.0,0.0,0.0
587724234257137777 0 3 0.6857142857142857 1.08119,-1.66798,0.98483,0.27378,1.10687,-0.12107,0.65051,0.5629,0.82642,0.41211,12.81007,134.18063,75.36466,110.16165,0.3,0.3,0.0,0.0,0.0,0.0,0.0,0.0,0.68571,0,0,0.21274,0.0,2.23341,0.0,0.0,0.0,0.0,0.0,0.0
587746029596311590 0 1 0.918918918918919 -0.20706,-0.12072,0.50492,-1.21488,-0.37315,0.71192,0.11928,0.51984,0.08563,0.11132,86.47896,53.02643,240.75896,143.54041,0.3,0.3,0.0,0.0,0.0,0.0,0.0,0.0,0.91891,0,0,4.98564,-0.3,0.2683,0.0,0.0,1.0,2.0,0.0,0.0
587746029596311590 0 2 0.9166666666666666 -0.20706,-0.12072,-0.57907,-0.70175,0.39425,0.0,0.41033,0.58212,0.08294,0.08878,85.1588,66.30153,119.32665,47.60959,0.3,0.3,0.0,0.0,0.0,0.0,0.0,0.0,0.91666,0,0,10.66839,-0.36,0.2128,0.0,0.0,0.0,0.0,0.0,0.0
587746029596311590 0 3 0.8888888888888888 -0.20706,-0.12072,-0.51456,-1.32541,-0.37393,-1.19254,0.48543,0.86206,0.10418,0.11542,96.0,65.6875,127.45341,221.36645,0.3,0.3,0.0,0.0,0.0,0.0,0.0,0.0,0.88888,0,0,17.44753,-0.24,0.17287,0.0,1.0,1.0,0.0,0.0,0.0
587741532784361481 0 1 0.7428571428571429 -0.10214,-2.12459,3.70328,0.53694,-0.45727,1.49109,0.30451,2.90584,0.66756,0.75171,322.36372,141.39568,25.26357,320.93317,0.3,0.3,0.0,0.0,0.0,0.0,0.0,0.0,0.74285,0,0,0.62319,-1.72,1.31306,0.0,0.0,1.0,0.0,0.0,0.0
587741532784361481 0 2 0.7222222222222222 -0.10214,-2.12459,3.36927,0.49568,-0.29729,1.14809,0.48171,3.01195,0.44437,0.69587,316.85838,128.70536,32.89302,206.27138,0.3,0.3,0.0,0.0,0.0,0.0,0.0,0.0,0.72222,0,0,1.85095,-3.57999,0.82435,0.0,0.0,1.0,0.0,0.0,0.0
587741532784361481 0 3 0.7027027027027027 -0.10214,-2.12459,5.33525,0.19574,-0.27807,1.56857,0.36102,2.76251,0.4963,0.79173,-34.375,147.1875,306.3354,26.83229,0.3,0.3,0.0,0.0,0.0,0.0,0.0,0.0,0.70270,0,0,1.64588,-2.97999,0.78143,0.0,1.0,1.0,2.0,0.0,0.0
588007005230530750 0 1 0.8235294117647058 -0.26053,-1.07287,-1.32625,0.494,-1.09116,0.30573,0.33985,0.51303,0.78119,1.09365,38.3125,35.0,297.3913,230.31055,0.3,0.3,0.0,0.0,0.0,0.0,0.0,0.0,0.82352,0,0,0.30648,-0.86,1.44475,0.0,1.0,0.0,2.0,0.0,0.0
588007005230530750 0 2 0.8235294117647058 -0.26053,-1.07287,-1.32625,0.494,-1.09116,0.30573,0.33985,0.51303,0.77537,1.07793,41.875,34.25,283.97515,234.7826,0.3,0.3,0.0,0.0,0.0,0.0,0.0,0.0,0.82352,0,0,0.30648,-0.86,1.44475,0.0,1.0,1.0,1.0,0.0,0.0
588007005230530750 0 3 0.8235294117647058 -0.26053,-1.07287,-0.16173,1.2552,0.08649,-0.43421,0.19513,0.15747,0.69541,0.88487,44.43312,27.2,63.52941,136.8,0.3,0.3,0.0,0.0,0.0,0.0,0.0,0.0,0.82352,0,0,0.21107,0.0,1.12238,0.0,1.0,0.0,2.0,0.0,0.0
588017604696408086 0 1 0.8285714285714286 0.77006,-0.18571,-2.39132,0.35124,-0.15366,0.12392,0.69896,0.30098,0.73101,0.19126,51.4375,136.0625,199.00621,243.7267,0.3,0.3,0.0,0.0,0.0,0.0,0.0,0.0,0.82857,0,0,0.77575,-6.18,1.02242,0.0,1.0,1.0,1.0,0.0,0.0
588017604696408086 0 2 0.8285714285714286 0.77006,-0.18571,-2.15048,0.29015,-0.1844,0.12392,0.65064,0.28449,0.64111,0.323,54.61862,136.6175,202.96117,255.16569,0.3,0.3,0.0,0.0,0.0,0.0,0.0,0.0,0.82857,0,0,0.9914,-5.01999,0.86006,0.0,1.0,1.0,0.0,0.0,0.0
588017604696408086 0 3 0.8108108108108109 0.77006,-0.18571,-2.39132,0.13744,-0.3688,0.12392,0.59586,0.30098,0.70105,0.37423,50.5,136.0625,203.47826,243.7267,0.3,0.3,0.0,0.0,0.0,0.0,0.0,0.0,0.81081,0,0,0.57442,-7.46,1.1882,0.0,1.0,1.0,0.0,0.0,0.0
587742571610243080 0 1 0.8378378378378378 0.60209,-0.36672,-2.71661,1.12362,-0.3633,-1.60752,0.86132,0.98848,0.61092,0.31981,93.625,58.3125,316.39751,185.59006,0.3,0.3,0.0,0.0,0.0,0.0,0.0,0.0,0.83783,0,0,1.19122,-1.2,0.74433,0.0,1.0,1.0,1.0,0.0,0.0
587742571610243080 0 2 0.8333333333333334 0.60209,-0.36672,-3.05886,-0.32274,0.03418,-1.60752,0.7537,1.20676,0.5108,0.47644,109.0,55.3125,49.19254,228.07453,0.3,0.3,0.0,0.0,0.0,0.0,0.0,0.0,0.83333,0,0,0.99839,-1.58,0.88196,0.0,1.0,0.0,1.0,0.0,0.0
587742571610243080 0 3 0.7567567567567568 0.60209,-0.36672,-2.67485,-0.18685,-0.03418,-3.05111,1.07655,1.35682,0.48963,0.64213,83.5,55.875,44.72049,326.45962,0.3,0.3,0.0,0.0,0.0,0.0,0.0,0.0,0.75675,0,0,2.79788,-1.4,0.5415,0.0,1.0,1.0,0.0,0.0,0.0
587732136993882121 0 1 0.8108108108108109 -2.87284,0.90246,0.11922,-0.32624,0.22621,0.11232,0.13098,0.12058,0.6225,0.44504,121.60908,353.49482,223.34959,312.51299,0.3,0.3,0.0,0.0,0.0,0.0,0.0,0.0,0.81081,0,0,0.86733,-5.49999,0.56184,0.0,0.0,0.0,0.0,0.0,0.0
587732136993882121 0 2 0.7837837837837838 -2.87284,0.90246,0.14253,-0.28919,0.13875,0.11282,0.10154,0.12079,0.64869,0.48255,124.27963,351.52424,230.73278,215.97368,0.3,0.3,0.0,0.0,0.0,0.0,0.0,0.0,0.78378,0,0,0.8878,-6.14,0.53672,0.0,0.0,1.0,0.0,0.0,0.0
587732136993882121 0 3 0.7714285714285715 -2.87284,0.90246,0.02976,-0.33439,0.16776,-0.05624,0.12489,0.12165,0.78897,0.39776,132.835,6.06163,135.75594,320.72897,0.3,0.3,0.0,0.0,0.0,0.0,0.0,0.0,0.77142,0,0,2.47897,-5.41999,0.30595,0.0,1.0,1.0,2.0,0.0,0.0
587735665840881790 0 1 0.7222222222222222 -0.8126,0.26807,1.43697,-0.5978,0.33317,0.73632,0.71454,0.92229,0.50314,0.13727,58.6094,102.66965,222.66107,326.69155,0.3,0.3,0.0,0.0,0.0,0.0,0.0,0.0,0.72222,0,0,27.36104,-1.04,0.14213,0.0,0.0,1.0,2.0,0.0,0.0
587735665840881790 0 2 0.717948717948718 -0.8126,0.26807,0.34527,-0.56937,-0.15201,-0.29558,0.8619,0.39002,0.48625,0.11242,46.28185,87.66334,217.10865,149.00993,0.3,0.3,0.0,0.0,0.0,0.0,0.0,0.0,0.71794,0,0,8.12455,-0.96,0.28722,0.0,0.0,1.0,1.0,0.0,0.0
587735665840881790 0 3 0.6944444444444444 -0.8126,0.26807,1.12114,-0.43517,-0.32447,0.4408,1.58186,0.48533,0.5041,0.1165,49.91139,95.98101,247.05882,0.0,0.3,0.3,0.0,0.0,0.0,0.0,0.0,0.0,0.69444,0,0,13.98456,-1.12,0.23025,0.0,1.0,1.0,1.0,0.0,0.0
hst_NGC_6786 0 1 1.0 -1.76016,-0.40892,-4.48686,-0.2624,-0.29988,-0.53499,0.6195,0.25405,0.75273,0.45032,88.9,91.3,334.8,0.0,0.3,0.3,0.0,0.0,0.0,0.0,0.0,0.0,1.0,0,0,0.94579,-5.23999,0.76974,0.0,1.0,1.0,0.0,0.0,0.0
hst_NGC_6786 0 2 0.9615384615384616 -1.76016,-0.40892,-4.48686,-0.2624,-0.29988,-0.53499,0.52796,0.25405,0.75273,0.45032,88.9,91.3,334.8,0.0,0.3,0.3,0.0,0.0,0.0,0.0,0.0,0.0,0.96153,0,0,0.79186,-5.33999,0.82018,0.0,1.0,1.0,0.0,0.0,0.0
hst_NGC_6786 0 3 0.9259259259259259 -1.76016,-0.40892,-4.48686,-0.2624,-0.29988,-0.53499,0.52796,0.25405,0.77929,0.45032,77.5,91.3,309.6,0.0,0.3,0.3,0.0,0.0,0.0,0.0,0.0,0.0,0.92592,0,0,0.79186,-5.33999,0.82018,0.0,1.0,1.0,2.0,0.0,0.0
587739845393580192 0 1 0.6285714285714286 0.96821,-2.63044,-1.308,0.06115,-0.46585,-0.45244,0.43175,0.5064,0.3056,0.39189,53.99045,358.85824,120.02814,27.99501,0.3,0.3,0.0,0.0,0.0,0.0,0.0,0.0,0.62857,0,0,2.5969,-3.27999,0.44421,0.0,0.0,1.0,0.0,0.0,0.0
587739845393580192 0 2 0.6111111111111112 0.96821,-2.63044,-1.60019,0.02875,-0.37149,-0.80414,0.39547,0.66351,0.53312,0.41668,56.99733,1.74071,58.48579,208.96227,0.3,0.3,0.0,0.0,0.0,0.0,0.0,0.0,0.61111,0,0,1.96071,-3.55999,0.54545,0.0,0.0,1.0,0.0,0.0,0.0
587739845393580192 0 3 0.5675675675675675 0.96821,-2.63044,-3.04573,0.10934,-0.33883,-0.7655,0.18627,0.68588,0.27185,0.5835,38.57594,8.72532,87.05882,31.62986,0.3,0.3,0.0,0.0,0.0,0.0,0.0,0.0,0.56756,0,0,3.73551,-4.25999,0.34404,0.0,1.0,1.0,0.0,0.0,0.0
587739810496708646 0 1 0.8888888888888888 1.11881,-0.58701,-0.82414,0.02821,-0.37372,-0.15489,0.18779,0.07803,0.60697,0.21305,17.2151,89.4624,136.10656,61.45888,0.3,0.3,0.0,0.0,0.0,0.0,0.0,0.0,0.88888,0,0,0.61229,-2.51999,0.75002,0.0,0.0,1.0,1.0,0.0,0.0
587739810496708646 0 2 0.8571428571428571 1.11881,-0.58701,1.12217,-0.07934,-0.13996,0.12167,0.10898,0.1018,0.58069,0.28709,6.27758,99.77208,231.35612,125.38332,0.3,0.3,0.0,0.0,0.0,0.0,0.0,0.0,0.85714,0,0,0.33334,-3.33999,1.01811,0.0,0.0,1.0,0.0,0.0,0.0
587739810496708646 0 3 0.8055555555555556 1.11881,-0.58701,-0.53167,-0.07129,-0.10021,-0.15489,0.18221,0.09671,0.56682,0.21294,6.70276,96.41685,220.51274,302.49845,0.3,0.3,0.0,0.0,0.0,0.0,0.0,0.0,0.80555,0,0,4.38342,-4.79999,0.25471,0.0,0.0,1.0,1.0,0.0,0.0
587734862680752822 0 1 0.7647058823529411 -1.23326,1.43243,-0.33032,-1.08741,0.14866,0.44518,1.88471,0.63641,0.9611,0.62919,129.86153,351.85109,42.34324,110.00156,0.3,0.3,0.0,0.0,0.0,0.0,0.0,0.0,0.76470,0,0,2.18931,-1.38,0.70414,0.0,0.0,1.0,2.0,0.0,0.0
587734862680752822 0 2 0.75 -1.23326,1.43243,-2.54277,-0.8114,-0.06935,-0.06653,2.78408,0.65588,1.04916,0.7359,138.69918,339.447,23.78087,238.16392,0.3,0.3,0.0,0.0,0.0,0.0,0.0,0.0,0.75,0,0,1.26512,-3.45999,1.11059,0.0,0.0,1.0,1.0,0.0,0.0
587734862680752822 0 3 0.7428571428571429 -1.23326,1.43243,-0.24533,-0.71036,-0.92848,0.13246,2.88639,0.62538,1.09331,0.7718,144.1426,341.69086,36.73798,247.73732,0.3,0.3,0.0,0.0,0.0,0.0,0.0,0.0,0.74285,0,0,0.74527,-3.71999,1.71979,0.0,0.0,0.0,0.0,0.0,0.0
758877153600208945 0 1 0.8 0.61603,-2.03504,-2.08674,0.15118,-1.28088,0.00227,1.59475,0.77409,0.94167,0.4419,148.15624,138.73587,50.51855,305.04921,0.3,0.3,0.0,0.0,0.0,0.0,0.0,0.0,0.8,0,0,0.54462,-2.07999,1.53189,0.0,0.0,1.0,2.0,0.0,0.0
758877153600208945 0 2 0.7941176470588235 0.61603,-2.03504,1.49732,0.84205,-1.45026,-0.00394,1.74617,0.7368,0.93654,0.42685,144.35112,133.37717,316.1037,55.48831,0.3,0.3,0.0,0.0,0.0,0.0,0.0,0.0,0.79411,0,0,0.76685,-1.38,1.1897,0.0,0.0,1.0,1.0,0.0,0.0
758877153600208945 0 3 0.7777777777777778 0.61603,-2.03504,2.39718,0.0888,-0.76966,-0.00659,0.98785,0.48986,1.05043,0.474,157.26913,122.47105,312.30448,118.74775,0.3,0.3,0.0,0.0,0.0,0.0,0.0,0.0,0.77777,0,0,0.4939,-3.71999,1.45604,0.0,1.0,1.0,3.0,0.0,0.0
587747120521216156 0 1 0.6666666666666666 1.20338,0.67312,2.86288,0.39373,0.90206,0.99142,0.50976,2.00656,0.60806,0.86585,56.7017,47.88981,219.25002,119.45464,0.3,0.3,0.0,0.0,0.0,0.0,0.0,0.0,0.66666,0,0,1.25972,-1.92,0.89205,0.0,0.0,0.0,0.0,0.0,0.0
587747120521216156 0 2 0.6388888888888888 1.20338,0.67312,1.5729,1.13039,0.54829,1.01057,0.50937,0.4667,0.56274,0.73456,50.0,54.7,52.54658,28.8,0.3,0.3,0.0,0.0,0.0,0.0,0.0,0.0,0.63888,0,0,3.89309,-1.14,0.32419,0.0,1.0,1.0,1.0,0.0,0.0
587747120521216156 0 3 0.6285714285714286 1.20338,0.67312,3.26188,0.4141,0.11922,0.84949,0.54786,2.13905,0.67962,0.96844,67.87769,53.79978,141.23192,307.72254,0.3,0.3,0.0,0.0,0.0,0.0,0.0,0.0,0.62857,0,0,34.80222,-1.86,0.13747,0.0,0.0,1.0,1.0,0.0,0.0
587739505541578866 0 1 0.8421052631578947 -0.89489,0.7566,-2.45976,-0.62975,-0.11424,-1.56026,0.41579,0.25589,0.33321,0.49565,9.99527,29.12812,246.9911,300.08676,0.3,0.3,0.0,0.0,0.0,0.0,0.0,0.0,0.84210,0,0,0.52492,-1.46,0.79793,0.0,0.0,1.0,1.0,0.0,0.0
587739505541578866 0 2 0.7631578947368421 -0.89489,0.7566,-4.46815,-0.60108,0.18811,-0.50143,0.52696,0.11864,0.47414,0.54615,14.88767,38.13582,54.37364,64.50718,0.3,0.3,0.0,0.0,0.0,0.0,0.0,0.0,0.76315,0,0,0.09158,-5.27999,2.89948,0.0,0.0,1.0,0.0,0.0,0.0
587739505541578866 0 3 0.7567567567567568 -0.89489,0.7566,-1.13808,-1.11254,-0.10441,-2.18489,0.45355,0.28501,0.49184,0.72265,12.03972,42.77367,308.53606,296.98073,0.3,0.3,0.0,0.0,0.0,0.0,0.0,0.0,0.75675,0,0,0.4437,-0.57999,0.80435,0.0,1.0,1.0,3.0,0.0,0.0
587739153356095531 0 1 0.6764705882352942 0.47569,-0.71987,-1.03453,0.52559,0.95221,-0.27483,0.65714,1.0556,0.50885,0.25901,58.99405,38.12135,311.51571,43.77994,0.3,0.3,0.0,0.0,0.0,0.0,0.0,0.0,0.67647,0,0,0.84336,0.0,1.3498,0.0,0.0,1.0,1.0,0.0,0.0
587739153356095531 0 2 0.6470588235294118 0.47569,-0.71987,-5.95839,0.16651,-0.06127,-0.17784,0.93146,1.14118,0.62863,0.31918,57.4375,36.73025,122.98136,138.52308,0.3,0.3,0.0,0.0,0.0,0.0,0.0,0.0,0.64705,0,0,5.76945,-9.02,0.35538,0.0,1.0,1.0,1.0,0.0,0.0
587739153356095531 0 3 0.6470588235294118 0.47569,-0.71987,-1.81795,0.14884,-0.27962,-0.22878,0.2522,0.39245,0.40235,0.26901,58.04179,43.62932,121.13112,214.24378,0.3,0.3,0.0,0.0,0.0,0.0,0.0,0.0,0.64705,0,0,2.65331,-2.47999,0.40494,0.0,0.0,1.0,1.0,0.0,0.0
588017604696408195 0 1 0.8421052631578947 -1.65653,-2.3295,-1.44747,-0.11958,-0.58431,-0.14458,0.52,0.39754,0.55438,0.55992,134.35282,97.90321,220.88191,293.95022,0.3,0.3,0.0,0.0,0.0,0.0,0.0,0.0,0.84210,0,0,1.74938,-3.71999,0.56104,0.0,0.0,0.0,0.0,0.0,0.0
588017604696408195 0 2 0.8108108108108109 -1.65653,-2.3295,-1.43985,-0.3518,-0.50926,-0.03246,0.4397,0.2497,0.30783,0.3846,143.3125,117.9375,344.34782,22.36024,0.3,0.3,0.0,0.0,0.0,0.0,0.0,0.0,0.81081,0,0,5.17158,-3.51999,0.27189,0.0,1.0,0.0,0.0,0.0,0.0
588017604696408195 0 3 0.8055555555555556 -1.65653,-2.3295,-1.43985,-0.3518,-0.50926,-0.03246,0.4397,0.2497,0.30783,0.3846,148.1875,114.9375,360.0,24.59627,0.3,0.3,0.0,0.0,0.0,0.0,0.0,0.0,0.80555,0,0,5.17158,-3.51999,0.27189,0.0,1.0,1.0,1.0,0.0,0.0
587741391565422775 0 1 0.8 -1.92706,-1.6735,-2.03726,0.03926,-0.99865,-0.30129,2.14894,0.67286,1.20233,0.27816,156.69187,57.64911,40.83356,318.57855,0.3,0.3,0.0,0.0,0.0,0.0,0.0,0.0,0.8,0,0,0.79559,-2.65999,1.33406,0.0,1.0,0.0,0.0,0.0,0.0
587741391565422775 0 2 0.8 -1.92706,-1.6735,1.08559,0.33605,-0.63455,0.21707,2.10963,0.59426,0.99107,0.17961,160.60574,47.40268,310.81759,36.84663,0.3,0.3,0.0,0.0,0.0,0.0,0.0,0.0,0.8,0,0,0.85964,-4.71999,1.34764,0.0,0.0,1.0,1.0,0.0,0.0
587741391565422775 0 3 0.7894736842105263 -1.92706,-1.6735,-1.73913,0.0802,-0.73531,-0.57007,1.14737,0.49938,1.23907,0.21991,173.57222,56.46005,309.21172,140.31719,0.3,0.3,0.0,0.0,0.0,0.0,0.0,0.0,0.78947,0,0,0.58398,-3.53999,1.37545,0.0,1.0,1.0,0.0,0.0,0.0
587738569246376675 0 1 0.8780487804878049 -4.62932,-3.48666,8.9283,-1.14813,-0.94146,2.954,1.5577,0.6717,1.06002,0.70235,179.6,61.4,51.17647,22.94117,0.3,0.3,0.0,0.0,0.0,0.0,0.0,0.0,0.87804,0,0,0.43432,-3.03999,1.15274,0.0,1.0,1.0,0.0,0.0,0.0
587738569246376675 0 2 0.7368421052631579 -4.62932,-3.48666,10.80588,-0.70059,-0.93338,2.69883,2.54202,1.39937,1.24778,0.80795,178.6693,67.94534,327.85396,326.74695,0.3,0.3,0.0,0.0,0.0,0.0,0.0,0.0,0.73684,0,0,0.75536,-4.35999,1.20196,0.0,1.0,1.0,0.0,0.0,0.0
587738569246376675 0 3 0.6944444444444444 -4.62932,-3.48666,10.80588,-0.70059,-0.93338,2.65311,1.97944,1.17525,1.24778,0.80795,178.0625,66.6875,321.98757,360.0,0.3,0.3,0.0,0.0,0.0,0.0,0.0,0.0,0.69444,0,0,0.56979,-4.41999,1.27573,0.0,1.0,1.0,1.0,0.0,0.0
587739720308818095 0 1 0.7428571428571429 2.37024,-1.36863,1.36174,0.57514,0.12638,0.08815,0.51047,0.50991,1.22022,0.49852,158.50159,39.5862,246.84625,294.94776,0.3,0.3,0.0,0.0,0.0,0.0,0.0,0.0,0.74285,0,0,0.70206,-3.99999,1.02559,0.0,0.0,1.0,0.0,0.0,0.0
587739720308818095 0 2 0.7222222222222222 2.37024,-1.36863,-1.84573,0.30936,-0.14984,-0.05058,0.11732,0.27498,0.78908,0.41277,147.10419,55.36505,129.46133,108.61699,0.3,0.3,0.0,0.0,0.0,0.0,0.0,0.0,0.72222,0,0,30.47612,-5.05999,0.0887,0.0,0.0,1.0,0.0,0.0,0.0
587739720308818095 0 3 0.6944444444444444 2.37024,-1.36863,-0.93838,0.4829,0.17667,-0.0193,0.5231,0.27656,1.17476,0.36865,146.9375,39.25,239.25465,70.43478,0.3,0.3,0.0,0.0,0.0,0.0,0.0,0.0,0.69444,0,0,0.48798,-4.71999,1.22126,0.0,1.0,1.0,1.0,0.0,0.0
587742014353702970 0 1 0.8888888888888888 -0.23056,1.79463,-3.32443,-0.25224,0.37404,-0.45032,0.18721,0.15637,0.57978,0.41699,103.04146,70.5,334.23424,98.38509,0.3,0.3,0.0,0.0,0.0,0.0,0.0,0.0,0.88888,0,0,0.60307,-4.31999,0.69565,0.0,1.0,0.0,1.0,0.0,0.0
587742014353702970 0 2 0.8648648648648649 -0.23056,1.79463,-3.41308,-0.14603,0.1603,-0.3176,0.17195,0.15725,0.48802,0.45203,103.68349,66.94651,36.24653,278.48071,0.3,0.3,0.0,0.0,0.0,0.0,0.0,0.0,0.86486,0,0,1.20093,-7.24,0.50688,0.0,1.0,1.0,0.0,0.0,0.0
587742014353702970 0 3 0.8571428571428571 -0.23056,1.79463,-1.213,-0.34009,0.37498,-0.23418,0.18196,0.13293,0.51548,0.3771,105.60381,69.35418,31.11629,93.89863,0.3,0.3,0.0,0.0,0.0,0.0,0.0,0.0,0.85714,0,0,0.64935,-3.05999,0.70754,0.0,0.0,0.0,0.0,0.0,0.0
587741722819493915 0 1 0.8571428571428571 -0.42567,-0.83668,-1.25786,-0.70452,-0.14418,-0.59505,1.27092,0.24045,0.64958,0.2699,111.9673,33.37635,39.91029,208.78893,0.3,0.3,0.0,0.0,0.0,0.0,0.0,0.0,0.85714,0,0,3.39234,-0.96,0.44061,0.0,1.0,1.0,2.0,0.0,0.0
587741722819493915 0 2 0.8333333333333334 -0.42567,-0.83668,-1.55778,-0.67697,-0.152,-0.67452,1.57707,0.22902,0.6198,0.18035,106.25288,41.875,35.40924,205.71428,0.3,0.3,0.0,0.0,0.0,0.0,0.0,0.0,0.83333,0,0,4.34202,-1.34,0.41769,0.0,1.0,1.0,1.0,0.0,0.0
587741722819493915 0 3 0.8108108108108109 -0.42567,-0.83668,-1.40369,-0.50527,0.20473,-0.67452,1.57081,0.2314,0.60639,0.21326,105.95454,40.07792,49.61538,145.38461,0.3,0.3,0.0,0.0,0.0,0.0,0.0,0.0,0.81081,0,0,1.80644,-1.06,0.68192,0.0,1.0,0.0,1.0,0.0,0.0
hst_Arp_148 0 1 0.8214285714285714 0.82889,0.04034,-0.41642,1.81857,0.15847,-0.2844,0.05931,0.07224,0.75823,0.78346,90.94516,20.98949,102.84627,142.9408,0.3,0.3,0.0,0.0,0.0,0.0,0.0,0.0,0.82142,0,0,0.72117,-0.45999,0.30843,0.0,0.0,1.0,1.0,0.0,0.0
hst_Arp_148 0 2 0.8214285714285714 0.82889,0.04034,-0.21688,2.28638,1.3794,0.22832,0.38907,0.0861,0.75872,0.8684,88.76161,35.35721,278.26687,52.98778,0.3,0.3,0.0,0.0,0.0,0.0,0.0,0.0,0.82142,0,0,0.81726,-0.26,0.4566,0.0,0.0,1.0,0.0,0.0,0.0
hst_Arp_148 0 3 0.8148148148148148 0.82889,0.04034,-0.62191,1.71911,0.608,-0.20669,0.04024,0.10375,0.66818,0.88701,84.24978,24.27873,79.47009,227.46727,0.3,0.3,0.0,0.0,0.0,0.0,0.0,0.0,0.81481,0,0,0.17757,-0.42,0.66069,0.0,0.0,1.0,0.0,0.0,0.0
587739407868690486 0 1 0.8611111111111112 -0.30275,-0.54877,0.04903,-0.58693,0.8145,0.53914,0.57949,0.31787,0.38644,0.31386,96.14392,110.32943,223.23669,51.4023,0.3,0.3,0.0,0.0,0.0,0.0,0.0,0.0,0.86111,0,0,3.49038,-2.75999,0.44496,0.0,0.0,0.0,0.0,0.0,0.0
587739407868690486 0 2 0.8611111111111112 -0.30275,-0.54877,0.1135,-0.69007,0.09085,0.05813,0.48672,0.30865,0.22166,0.13051,89.5,116.625,190.06211,207.95031,0.3,0.3,0.0,0.0,0.0,0.0,0.0,0.0,0.86111,0,0,5.92847,-0.86,0.3235,0.0,1.0,1.0,2.0,0.0,0.0
587739407868690486 0 3 0.8055555555555556 -0.30275,-0.54877,-0.03571,-0.57398,0.1817,0.05813,0.47858,0.34523,0.22981,0.13381,89.3125,115.5,203.47826,160.99378,0.3,0.3,0.0,0.0,0.0,0.0,0.0,0.0,0.80555,0,0,8.05145,-0.94,0.27534,0.0,1.0,1.0,0.0,0.0,0.0
