-9.938529968261718750e+00 -9.938529968261718750e+00
-4.580500125885009766e+00 -4.580500125885009766e+00
3.273770093917846680e+00 3.273770093917846680e+00
-5.000799894332885742e-01 -5.000799894332885742e-01
-2.455650091171264648e+00 -2.455650091171264648e+00
-1.077990055084228516e+00 -1.077990055084228516e+00
4.857964515686035156e-01 4.857964515686035156e-01
4.802431106567382812e+01 4.802431106567382812e+01
3.498250007629394531e+00 3.498250007629394531e+00
5.320559978485107422e+00 5.320559978485107422e+00
3.096922912597656250e+02 3.096922912597656250e+02
3.681250000000000000e+01 3.681250000000000000e+01
4.178470993041992188e+01 4.178470993041992188e+01
5.142856979370117188e+01 5.142856979370117188e+01
-1.952563770000000076e+01 7.368619199999999481e+00
-1.288495849999999976e+01 7.206242200000000153e+00
