2fegpw7fl5zhjypwl8pc_0002,0.8780487804878049,36,41	-4.62932,-3.48666,8.9283,-1.14813,-0.94146,2.954,1.5577,0.6717,1.06002,0.70235,179.6,61.4,51.17647,22.94117,0.3,0.3,0.0,0.0,0.0,0.0,0.0,0.0,0.87804,0,0,0.43432,-3.03999,1.15274,0.0,1.0,1.0,0.0,0.0,0.0
8kg64e0ykx5sw6rlroh_0003,0.7368421052631579,28,38	-4.62932,-3.48666,10.80588,-0.70059,-0.93338,2.69883,2.54202,1.39937,1.24778,0.80795,178.6693,67.94534,327.85396,326.74695,0.3,0.3,0.0,0.0,0.0,0.0,0.0,0.0,0.73684,0,0,0.75536,-4.35999,1.20196,0.0,1.0,1.0,0.0,0.0,0.0
2emxqu4rh86ejvxxfsb6_0002,0.6944444444444444,25,36	-4.62932,-3.48666,10.80588,-0.70059,-0.93338,2.65311,1.97944,1.17525,1.24778,0.80795,178.0625,66.6875,321.98757,360.0,0.3,0.3,0.0,0.0,0.0,0.0,0.0,0.0,0.69444,0,0,0.56979,-4.41999,1.27573,0.0,1.0,1.0,1.0,0.0,0.0
2dg7blwpyp5fkt449c8x_0016,0.6756756756756757,25,37	-4.62932,-3.48666,9.90331,-1.03499,-1.12156,2.27723,1.69724,1.56509,1.20684,0.79354,171.76498,71.2627,34.44414,17.97242,0.3,0.3,0.0,0.0,0.0,0.0,0.0,0.0,0.67567,0,0,0.93794,-3.95999,0.96978,0.0,0.0,1.0,0.0,0.0,0.0
8tg1n03af1vn1rdzdnd_0002,0.6388888888888888,23,36	-4.62932,-3.48666,9.00149,-1.10987,-1.12056,2.9912,1.66623,0.76599,0.83326,0.63808,166.11797,67.01226,34.29568,22.48852,0.3,0.3,0.0,0.0,0.0,0.0,0.0,0.0,0.63888,0,0,0.57146,-3.05999,1.03749,0.0,0.0,0.0,0.0,0.0,0.0
8ij629t93m87qurgsm9_0001,0.6388888888888888,23,36	-4.62932,-3.48666,10.80588,-0.69173,-0.93285,2.01538,2.49704,1.51989,1.14012,0.78893,163.625,60.125,324.2236,324.2236,0.3,0.3,0.0,0.0,0.0,0.0,0.0,0.0,0.63888,0,0,0.73822,-4.37999,1.22765,0.0,1.0,1.0,1.0,0.0,0.0
2dg7blwpyp5fkt449c8x_0010,0.6388888888888888,23,36	-4.62932,-3.48666,9.56153,-0.84195,-0.97667,2.27723,1.3753,1.22604,1.06573,0.75926,179.95877,71.01399,29.06501,335.58336,0.3,0.3,0.0,0.0,0.0,0.0,0.0,0.0,0.63888,0,0,0.66111,-3.89999,1.06482,0.0,1.0,1.0,0.0,0.0,0.0
8kg64e0ykx5sw6rlroh_0001,0.6216216216216216,23,37	-4.62932,-3.48666,10.80588,-0.70059,-0.93338,2.69883,2.54202,1.39937,1.24778,0.80795,178.6693,67.94534,327.85396,326.74695,0.3,0.3,0.0,0.0,0.0,0.0,0.0,0.0,0.62162,0,0,0.75536,-4.35999,1.20196,0.0,1.0,1.0,1.0,0.0,0.0
2dg7blwpyp5fkt449c8x_0012,0.6111111111111112,22,36	-4.62932,-3.48666,9.56153,-0.86307,-1.03727,2.27723,1.20194,1.22604,1.06573,0.75926,179.25862,73.48275,32.27586,347.5862,0.3,0.3,0.0,0.0,0.0,0.0,0.0,0.0,0.61111,0,0,0.57522,-3.85999,1.10986,0.0,1.0,1.0,0.0,0.0,0.0
2doqf7se4vidj5f4shy9_0000,0.6097560975609756,25,41	-4.62932,-3.48666,6.8054,-0.91993,-1.01896,1.76513,1.82792,0.64,1.08444,0.38214,166.0625,73.8125,40.24844,297.3913,0.3,0.3,0.0,0.0,0.0,0.0,0.0,0.0,0.60975,0,0,1.30732,-4.05999,0.78154,0.0,1.0,0.0,0.0,0.0,0.0
2efp2yqu4tl5uc6rhjdd_0002,0.6,24,40	-4.62932,-3.48666,6.35255,-1.10686,-1.13922,1.11418,2.50233,1.35737,1.25544,0.48924,165.26197,73.57608,38.85028,339.84065,0.3,0.3,0.0,0.0,0.0,0.0,0.0,0.0,0.6,0,0,0.49239,-2.69999,1.45759,0.0,0.0,1.0,0.0,0.0,0.0
8kg64e0ykx5sw6rlroh_0005,0.6,21,35	-4.62932,-3.48666,9.50854,-0.87493,-1.04591,2.69883,2.13787,1.72843,1.00536,0.68451,177.3665,76.60581,323.29573,144.23941,0.3,0.3,0.0,0.0,0.0,0.0,0.0,0.0,0.6,0,0,0.70736,-3.49999,1.18668,0.0,0.0,1.0,0.0,0.0,0.0
8jo7d8ce0z320hzn3yz_0000,0.5945945945945946,22,37	-4.62932,-3.48666,8.53665,-1.02385,-0.94978,2.5994,1.40808,0.97714,0.98179,0.62182,176.93944,71.08069,337.85444,335.44237,0.3,0.3,0.0,0.0,0.0,0.0,0.0,0.0,0.59459,0,0,1.4927,-3.55999,0.65576,0.0,1.0,0.0,1.0,0.0,0.0
8oi52t03wkpkxcq3lbj_0002,0.5897435897435898,23,39	-4.62932,-3.48666,9.1143,-1.05057,-1.13601,2.37765,0.92694,0.71696,1.0128,0.44802,176.93944,70.96833,337.85444,334.11764,0.3,0.3,0.0,0.0,0.0,0.0,0.0,0.0,0.58974,0,0,0.5607,-3.45999,0.91267,0.0,1.0,0.0,0.0,0.0,0.0
2fexr7lfqzpm2outtrbi_0001,0.5789473684210527,22,38	-4.62932,-3.48666,10.14514,-1.13758,-0.57494,1.79061,1.17844,0.84769,0.98371,0.57612,178.72268,72.25625,22.51534,342.67722,0.3,0.3,0.0,0.0,0.0,0.0,0.0,0.0,0.57894,0,0,0.44484,-5.07999,1.27782,0.0,0.0,1.0,1.0,0.0,0.0
2dg7blwpyp5fkt449c8x_0011,0.5675675675675675,21,37	-4.62932,-3.48666,9.56153,-0.86307,-1.03727,2.27723,1.3753,1.22604,1.06573,0.75926,179.95877,73.48275,29.06501,347.5862,0.3,0.3,0.0,0.0,0.0,0.0,0.0,0.0,0.56756,0,0,0.62529,-3.85999,1.09405,0.0,1.0,1.0,0.0,0.0,0.0
2dg7blwpyp5fkt449c8x_0013,0.5675675675675675,21,37	-4.62932,-3.48666,9.56153,-1.03727,-1.13229,2.27723,1.20194,1.22604,1.06573,0.75926,179.25862,73.48275,32.27586,347.5862,0.3,0.3,0.0,0.0,0.0,0.0,0.0,0.0,0.56756,0,0,0.87396,-3.71999,0.87304,0.0,1.0,1.0,0.0,0.0,0.0
8jo7d8ce0z320hzn3yz_0001,0.5619047619047619,59,105	-4.62932,-3.48666,8.53665,-1.02385,-0.94978,2.5994,1.40808,0.97714,1.1802,0.65139,176.93944,71.08069,337.85444,335.44237,0.3,0.3,0.0,0.0,0.0,0.0,0.0,0.0,0.56190,0,0,1.4927,-3.55999,0.65576,0.0,1.0,0.0,0.0,0.0,0.0
8kg64e0ykx5sw6rlroh_0000,0.5428571428571428,19,35	-4.62932,-3.48666,10.76733,-0.98145,-1.00642,2.69883,0.93754,1.14904,1.12002,0.78327,168.62318,77.44662,30.85389,335.36667,0.3,0.3,0.0,0.0,0.0,0.0,0.0,0.0,0.54285,0,0,0.4619,-3.43999,1.07125,0.0,1.0,1.0,1.0,0.0,0.0
8jykodzjvwvb8w6uxza_0001,0.5405405405405406,20,37	-4.62932,-3.48666,8.33368,-0.80709,-0.81984,1.1238,2.43708,1.31177,1.17087,0.49962,170.5405,77.11685,19.85195,327.14332,0.3,0.3,0.0,0.0,0.0,0.0,0.0,0.0,0.54054,0,0,0.87434,-5.61999,1.22503,0.0,0.0,0.0,0.0,0.0,0.0
2fegpw7fl5zhjypwl8pc_0005,0.5384615384615384,21,39	-4.62932,-3.48666,12.79686,-0.52708,-0.75487,2.954,2.61353,0.98368,1.24993,0.61066,166.53298,62.57906,19.54103,329.3692,0.3,0.3,0.0,0.0,0.0,0.0,0.0,0.0,0.53846,0,0,0.6902,-6.06,1.28605,0.0,0.0,1.0,0.0,0.0,0.0
8tg1n03af1vn1rdzdnd_0000,0.5263157894736842,20,38	-4.62932,-3.48666,12.96642,-1.03273,-0.73011,3.87122,1.61525,1.10254,1.02395,0.78867,167.94815,74.67284,34.07392,25.62085,0.3,0.3,0.0,0.0,0.0,0.0,0.0,0.0,0.52631,0,0,0.33173,-3.39999,1.34784,0.0,0.0,0.0,0.0,0.0,0.0
2dp3cwv6nuwi0zhw8c9y_0004,0.5263157894736842,20,38	-4.62932,-3.48666,11.13109,-1.07429,-1.07657,3.56265,1.55142,1.48454,0.959,0.37716,163.06119,64.0607,340.95911,22.73933,0.3,0.3,0.0,0.0,0.0,0.0,0.0,0.0,0.52631,0,0,0.60966,-3.13999,1.05105,0.0,0.0,1.0,0.0,0.0,0.0
2fexr7lfqzpm2outtrbi_0000,0.5242718446601942,54,103	-4.62932,-3.48666,9.0401,-0.79201,-1.00425,1.79061,1.91713,1.43269,0.847,0.62942,174.95222,58.18094,20.35965,335.2414,0.3,0.3,0.0,0.0,0.0,0.0,0.0,0.0,0.52427,0,0,0.60375,-3.77999,1.26308,0.0,1.0,1.0,1.0,0.0,0.0
2fegpw7fl5zhjypwl8pc_0003,0.5,19,38	-4.62932,-3.48666,7.96031,-1.03922,-0.9392,2.954,1.51714,0.6825,1.06002,0.70235,178.23352,61.79963,25.21381,33.54141,0.3,0.3,0.0,0.0,0.0,0.0,0.0,0.0,0.5,0,0,0.25163,-2.99999,1.57348,0.0,0.0,1.0,0.0,0.0,0.0
ul3ekwt78x74h2r6m5_0005,0.47368421052631576,18,38	-4.62932,-3.48666,12.49588,-0.79496,-0.68382,4.15473,2.21824,1.16317,1.35489,0.75195,179.95216,65.1169,36.13131,20.80033,0.3,0.3,0.0,0.0,0.0,0.0,0.0,0.0,0.47368,0,0,0.48362,-6.88,1.60467,0.0,1.0,1.0,1.0,0.0,0.0
2e7bhhw66peneq3e79w8_0004,0.47115384615384615,49,104	-4.62932,-3.48666,10.65175,-1.07702,-0.81534,3.41608,1.30854,1.43741,0.91078,0.87085,167.77101,76.60683,36.39999,337.65747,0.3,0.3,0.0,0.0,0.0,0.0,0.0,0.0,0.47115,0,0,0.29498,-3.09999,1.48447,0.0,0.0,1.0,0.0,0.0,0.0
8kg64e0ykx5sw6rlroh_0002,0.46601941747572817,48,103	-4.62932,-3.48666,10.80588,-0.70059,-0.93338,2.69883,2.2266,1.27819,1.24778,0.80795,178.6693,67.94534,327.85396,326.74695,0.3,0.3,0.0,0.0,0.0,0.0,0.0,0.0,0.46601,0,0,0.64997,-4.39999,1.24214,0.0,1.0,1.0,0.0,0.0,0.0
8tdu9625pemqhanyn3y_0004,0.43902439024390244,18,41	-4.62932,-3.48666,8.5531,-0.8965,-0.65637,2.95477,2.06735,1.30549,1.21725,0.75837,174.84079,75.08449,36.18024,18.57994,0.3,0.3,0.0,0.0,0.0,0.0,0.0,0.0,0.43902,0,0,0.75306,-6.02,1.29453,0.0,1.0,1.0,0.0,0.0,0.0
8rkd96jwuel2gquxzpk_0000,0.42857142857142855,15,35	-4.62932,-3.48666,10.08271,-0.84966,-0.74994,2.37765,1.42571,1.15109,0.93195,0.52673,178.42108,60.09107,329.71498,25.81584,0.3,0.3,0.0,0.0,0.0,0.0,0.0,0.0,0.42857,0,0,3.03135,-4.35999,0.47004,0.0,0.0,1.0,0.0,0.0,0.0
8oi52t03wkpkxcq3lbj_0000,0.4230769230769231,44,104	-4.62932,-3.48666,9.1143,-1.05057,-1.13601,2.37765,0.92694,0.71696,0.95002,0.66659,176.93944,71.2058,337.85444,320.0,0.3,0.3,0.0,0.0,0.0,0.0,0.0,0.0,0.42307,0,0,0.5607,-3.45999,0.91267,0.0,1.0,0.0,1.0,0.0,0.0
ul3ekwt78x74h2r6m5_0019,0.4166666666666667,15,36	-4.62932,-3.48666,12.49588,-0.79496,-0.68382,4.15473,2.63086,1.36928,1.35489,0.75195,179.95216,65.1169,36.13131,20.80033,0.3,0.3,0.0,0.0,0.0,0.0,0.0,0.0,0.41666,0,0,0.61053,-6.78,1.50201,0.0,1.0,1.0,0.0,0.0,0.0
2fexr7lfqzpm2outtrbi_0005,0.40540540540540543,15,37	-4.62932,-3.48666,8.58729,-0.68772,-0.57512,1.79061,1.1661,1.21859,1.28163,0.70029,173.51064,62.57498,21.88262,201.52408,0.3,0.3,0.0,0.0,0.0,0.0,0.0,0.0,0.40540,0,0,0.1721,-3.85999,2.18988,0.0,0.0,1.0,0.0,0.0,0.0
8jo7d8ce0z320hzn3yz_0003,0.40540540540540543,15,37	-4.62932,-3.48666,8.53665,-1.02385,-0.94978,2.5994,1.40808,0.97714,1.0128,0.57649,176.93944,71.08069,337.85444,335.44237,0.3,0.3,0.0,0.0,0.0,0.0,0.0,0.0,0.40540,0,0,1.4927,-3.55999,0.65576,0.0,1.0,0.0,0.0,0.0,0.0
2epcwibf724sitnnysy6_0003,0.3888888888888889,14,36	-4.62932,-3.48666,10.00879,-0.81486,-0.96942,2.57069,2.48459,1.58208,0.93766,0.60557,165.47785,64.83461,37.16459,28.77586,0.3,0.3,0.0,0.0,0.0,0.0,0.0,0.0,0.38888,0,0,0.9006,-3.81999,1.07793,0.0,0.0,0.0,0.0,0.0,0.0
2dp3cwv6nuwi0zhw8c9y_0000,0.3883495145631068,40,103	-4.62932,-3.48666,11.13109,-1.04829,-1.07637,3.56265,1.51566,1.50403,1.77647,0.78893,163.06119,64.0607,340.95911,22.73933,0.3,0.3,0.0,0.0,0.0,0.0,0.0,0.0,0.38834,0,0,0.52939,-3.13999,1.13126,0.0,1.0,1.0,1.0,0.0,0.0
ul3ekwt78x74h2r6m5_0004,0.38461538461538464,15,39	-4.62932,-3.48666,12.49588,-0.79496,-0.68382,4.15473,2.21824,1.16317,1.29125,0.83936,179.95216,65.1169,36.13131,20.80033,0.3,0.3,0.0,0.0,0.0,0.0,0.0,0.0,0.38461,0,0,0.48362,-6.88,1.60467,0.0,1.0,1.0,1.0,0.0,0.0
8kg64e0ykx5sw6rlroh_0004,0.38461538461538464,15,39	-4.62932,-3.48666,10.76733,-0.98145,-1.00642,2.69883,1.14689,1.04392,1.12002,0.78327,168.62318,77.44662,30.85389,335.36667,0.3,0.3,0.0,0.0,0.0,0.0,0.0,0.0,0.38461,0,0,0.48852,-3.43999,1.06415,0.0,1.0,1.0,0.0,0.0,0.0
8lm5djqelyjswylne3j_0002,0.3783783783783784,14,37	-4.62932,-3.48666,10.98214,-1.12617,-1.02528,3.26103,1.12124,0.90166,0.89684,0.89155,172.78988,70.04278,29.81809,333.86237,0.3,0.3,0.0,0.0,0.0,0.0,0.0,0.0,0.37837,0,0,1.05106,-3.35999,0.67178,0.0,0.0,1.0,0.0,0.0,0.0
8rkd96jwuel2gquxzpk_0001,0.375,15,40	-4.62932,-3.48666,13.67755,-0.93628,-0.80495,2.37765,0.97791,0.98138,1.20484,0.69492,170.12976,69.68454,325.60751,198.63212,0.3,0.3,0.0,0.0,0.0,0.0,0.0,0.0,0.375,0,0,1.00397,-5.11999,0.74113,0.0,0.0,1.0,0.0,0.0,0.0
2fegpw7fl5zhjypwl8pc_0004,0.3684210526315789,14,38	-4.62932,-3.48666,9.77433,-1.11328,-0.67517,2.954,1.36917,0.6583,1.30192,0.70088,172.70777,60.09351,33.89442,328.46283,0.3,0.3,0.0,0.0,0.0,0.0,0.0,0.0,0.36842,0,0,0.9019,-4.81999,0.85988,0.0,0.0,1.0,0.0,0.0,0.0
2fexr7lfqzpm2outtrbi_0002,0.35135135135135137,13,37	-4.62932,-3.48666,12.66519,-1.00124,-0.81108,1.79061,2.19165,1.57725,0.95374,0.60932,165.36526,67.80821,334.79805,329.95141,0.3,0.3,0.0,0.0,0.0,0.0,0.0,0.0,0.35135,0,0,1.17888,-3.61999,0.82538,0.0,0.0,1.0,1.0,0.0,0.0
2fegpw7fl5zhjypwl8pc_0006,0.34285714285714286,12,35	-4.62932,-3.48666,13.36311,-0.9572,-0.60118,3.37215,1.57218,0.74431,1.08144,0.76157,181.46547,63.03525,155.15965,33.29262,0.3,0.3,0.0,0.0,0.0,0.0,0.0,0.0,0.34285,0,0,0.42152,-3.97999,1.16528,0.0,0.0,0.0,0.0,0.0,0.0
ul3ekwt78x74h2r6m5_0008,0.34285714285714286,12,35	-4.62932,-3.48666,12.49588,-0.79496,-0.68382,4.15473,2.67547,1.50403,1.35489,0.75195,179.95216,65.1169,36.13131,20.80033,0.3,0.3,0.0,0.0,0.0,0.0,0.0,0.0,0.34285,0,0,0.64934,-6.76,1.47406,0.0,1.0,1.0,1.0,0.0,0.0
ul3ekwt78x74h2r6m5_0023,0.34210526315789475,13,38	-4.62932,-3.48666,12.49588,-0.79496,-0.68382,4.15473,2.5305,1.08391,1.35489,0.75195,179.95216,65.1875,36.13131,38.01242,0.3,0.3,0.0,0.0,0.0,0.0,0.0,0.0,0.34210,0,0,0.53069,-6.84,1.56473,0.0,1.0,0.0,0.0,0.0,0.0
8tdu9625pemqhanyn3y_0003,0.34210526315789475,13,38	-4.62932,-3.48666,12.72314,-0.85909,-0.60439,2.95477,2.37179,0.67418,1.12842,0.43447,179.76121,72.56688,335.42244,16.74433,0.3,0.3,0.0,0.0,0.0,0.0,0.0,0.0,0.34210,0,0,0.53801,-4.09999,1.19914,0.0,1.0,1.0,1.0,0.0,0.0
2fegpw7fl5zhjypwl8pc_0000,0.3157894736842105,12,38	-4.62932,-3.48666,9.77433,-0.74291,-0.8611,2.954,1.17924,0.74146,1.15509,0.6948,173.45,78.05,38.82352,315.88235,0.3,0.3,0.0,0.0,0.0,0.0,0.0,0.0,0.31578,0,0,0.71033,-5.03999,0.97083,0.0,1.0,1.0,1.0,0.0,0.0
2fegpw7fl5zhjypwl8pc_0001,0.3055555555555556,11,36	-4.62932,-3.48666,11.16037,-0.65286,-0.87258,2.954,2.45544,1.14732,1.24778,0.80795,176.45,75.2,328.23529,319.41176,0.3,0.3,0.0,0.0,0.0,0.0,0.0,0.0,0.30555,0,0,0.77512,-4.83999,1.1661,0.0,1.0,1.0,1.0,0.0,0.0
8kbr9evbtr15e8f2kgp_0000,0.2972972972972973,11,37	-4.62932,-3.48666,13.72588,-0.54797,-0.75721,2.37765,1.81317,1.46603,1.15819,0.56811,170.0807,75.29755,205.7292,337.25163,0.3,0.3,0.0,0.0,0.0,0.0,0.0,0.0,0.29729,0,0,0.3756,-4.91999,1.57564,0.0,0.0,0.0,0.0,0.0,0.0
ul3ekwt78x74h2r6m5_0016,0.2926829268292683,12,41	-4.62932,-3.48666,12.49588,-0.79496,-0.68382,4.15473,2.21824,1.16317,1.35489,0.75195,179.95216,65.1169,36.13131,20.80033,0.3,0.3,0.0,0.0,0.0,0.0,0.0,0.0,0.29268,0,0,0.48362,-6.88,1.60467,0.0,1.0,1.0,0.0,0.0,0.0
2fexr7lfqzpm2outtrbi_0003,0.2894736842105263,11,38	-4.62932,-3.48666,12.66519,-1.00124,-0.81108,1.79061,2.03981,1.90831,0.95374,0.60932,165.36526,67.80821,334.79805,329.95141,0.3,0.3,0.0,0.0,0.0,0.0,0.0,0.0,0.28947,0,0,1.24513,-3.59999,0.81755,0.0,1.0,1.0,0.0,0.0,0.0
ul3ekwt78x74h2r6m5_0021,0.28205128205128205,11,39	-4.62932,-3.48666,12.49588,-0.79496,-0.68382,4.15473,2.5305,1.08391,1.35489,0.75195,179.95216,65.1875,36.13131,38.01242,0.3,0.3,0.0,0.0,0.0,0.0,0.0,0.0,0.28205,0,0,0.53069,-6.84,1.56473,0.0,1.0,1.0,0.0,0.0,0.0
8rkd96jwuel2gquxzpk_0002,0.2777777777777778,10,36	-4.62932,-3.48666,13.56439,-0.63504,-0.78377,2.37765,1.00478,1.80176,0.98516,0.47806,175.84921,58.75886,329.6809,332.61547,0.3,0.3,0.0,0.0,0.0,0.0,0.0,0.0,0.27777,0,0,0.66303,-5.21999,1.09995,0.0,0.0,1.0,0.0,0.0,0.0
8ij629t93m87qurgsm9_0004,0.2702702702702703,10,37	-4.62932,-3.48666,10.80588,-0.70059,-0.93338,3.62965,1.9952,1.16317,1.24778,0.80795,158.9375,67.94534,321.98757,326.74695,0.3,0.3,0.0,0.0,0.0,0.0,0.0,0.0,0.27027,0,0,0.57066,-4.41999,1.27536,0.0,1.0,1.0,1.0,0.0,0.0
ul3ekwt78x74h2r6m5_0000,0.2702702702702703,10,37	-4.62932,-3.48666,12.49588,-0.79496,-0.68382,4.15473,2.21824,1.16317,1.29125,0.83936,181.8125,65.1875,15.65217,42.48447,0.3,0.3,0.0,0.0,0.0,0.0,0.0,0.0,0.27027,0,0,0.48362,-6.88,1.60467,0.0,1.0,1.0,2.0,0.0,0.0
ul3ekwt78x74h2r6m5_0001,0.2702702702702703,10,37	-4.62932,-3.48666,12.49588,-0.79496,-0.68382,4.15473,2.21824,1.16317,1.29125,0.83936,179.95216,65.1169,36.13131,20.80033,0.3,0.3,0.0,0.0,0.0,0.0,0.0,0.0,0.27027,0,0,0.48362,-6.88,1.60467,0.0,1.0,1.0,2.0,0.0,0.0
8jo7d8ce0z320hzn3yz_0002,0.2682926829268293,11,41	-4.62932,-3.48666,8.53665,-0.95302,-0.88653,2.5994,1.40808,0.97714,1.1802,0.65139,176.93944,71.08069,337.85444,335.44237,0.3,0.3,0.0,0.0,0.0,0.0,0.0,0.0,0.26829,0,0,0.87482,-3.63999,0.88383,0.0,1.0,0.0,0.0,0.0,0.0
2emxqu4rh86ejvxxfsb6_0005,0.2631578947368421,10,38	-4.62932,-3.48666,11.87966,-0.93423,-0.96059,2.69984,2.60856,1.76562,0.89049,0.84863,169.8125,61.59272,214.65838,33.70234,0.3,0.3,0.0,0.0,0.0,0.0,0.0,0.0,0.26315,0,0,1.59595,-4.51999,0.81274,0.0,1.0,1.0,0.0,0.0,0.0
ul3ekwt78x74h2r6m5_0020,0.2631578947368421,10,38	-4.62932,-3.48666,12.49588,-0.79496,-0.68382,4.15473,2.5305,1.08391,1.35489,0.75195,179.95216,65.1169,36.13131,20.80033,0.3,0.3,0.0,0.0,0.0,0.0,0.0,0.0,0.26315,0,0,0.53069,-6.84,1.56473,0.0,1.0,1.0,0.0,0.0,0.0
8h76cfvrh80ljgks0j3_0006,0.24390243902439024,10,41	-4.62932,-3.48666,10.43747,-0.95491,-0.83208,-1.65365,1.93616,1.02531,1.29739,0.75353,177.44938,59.04311,28.10324,341.36772,0.3,0.3,0.0,0.0,0.0,0.0,0.0,0.0,0.24390,0,0,0.73549,-3.59999,1.01047,0.0,1.0,1.0,1.0,0.0,0.0
2e7bhhw66peneq3e79w8_0002,0.24390243902439024,10,41	-4.62932,-3.48666,10.87083,-0.81121,-0.4391,3.41608,1.30547,1.70459,1.15639,0.39713,165.5073,71.02671,336.65442,214.41695,0.3,0.3,0.0,0.0,0.0,0.0,0.0,0.0,0.24390,0,0,1.20211,-6.72,0.91667,0.0,0.0,1.0,0.0,0.0,0.0
8qq8w8xaf6wu855q08h_0003,0.24324324324324326,9,37	-4.62932,-3.48666,10.98082,-0.8004,-0.95704,3.70917,0.92696,1.14381,1.07553,0.36294,176.18965,71.31588,331.14895,22.88882,0.3,0.3,0.0,0.0,0.0,0.0,0.0,0.0,0.24324,0,0,0.48152,-4.23999,1.12606,0.0,0.0,1.0,0.0,0.0,0.0
8ij629t93m87qurgsm9_0010,0.24324324324324326,9,37	-4.62932,-3.48666,9.91912,-1.05455,-0.99503,3.62965,1.48961,0.76568,0.76627,0.8529,181.2764,61.18943,27.10604,330.58462,0.3,0.3,0.0,0.0,0.0,0.0,0.0,0.0,0.24324,0,0,0.19343,-2.85999,1.66657,0.0,0.0,1.0,0.0,0.0,0.0
ul3ekwt78x74h2r6m5_0007,0.24324324324324326,9,37	-4.62932,-3.48666,12.49588,-0.74878,-0.74628,4.15473,2.21824,1.16317,1.29125,0.83936,181.8125,65.1875,15.65217,42.48447,0.3,0.3,0.0,0.0,0.0,0.0,0.0,0.0,0.24324,0,0,0.40172,-6.88,1.78962,0.0,1.0,1.0,1.0,0.0,0.0
2fexr7lfqzpm2outtrbi_0004,0.22857142857142856,8,35	-4.62932,-3.48666,8.53665,-1.02385,-0.94978,1.79061,1.91713,1.36135,0.98179,0.62182,176.93944,71.08069,337.85444,335.44237,0.3,0.3,0.0,0.0,0.0,0.0,0.0,0.0,0.22857,0,0,2.25708,-3.49999,0.59551,0.0,1.0,1.0,0.0,0.0,0.0
ul3ekwt78x74h2r6m5_0002,0.21621621621621623,8,37	-4.62932,-3.48666,12.49588,-0.79496,-0.68382,4.15473,2.16248,1.07598,1.35489,0.75195,179.95216,65.1169,36.13131,20.80033,0.3,0.3,0.0,0.0,0.0,0.0,0.0,0.0,0.21621,0,0,0.45649,-6.9,1.62959,0.0,1.0,1.0,2.0,0.0,0.0
ul3ekwt78x74h2r6m5_0022,0.21621621621621623,8,37	-4.62932,-3.48666,12.49588,-0.79496,-0.68382,4.15473,2.17723,1.15295,1.11718,0.7919,179.95216,65.1169,36.13131,20.80033,0.3,0.3,0.0,0.0,0.0,0.0,0.0,0.0,0.21621,0,0,0.47385,-6.88,1.61348,0.0,0.0,1.0,0.0,0.0,0.0
ul3ekwt78x74h2r6m5_0017,0.21052631578947367,8,38	-4.62932,-3.48666,12.49588,-0.79496,-0.68382,4.15473,2.36321,1.18696,1.35489,0.75195,179.95216,65.1169,36.13131,20.80033,0.3,0.3,0.0,0.0,0.0,0.0,0.0,0.0,0.21052,0,0,0.51724,-6.84,1.57578,0.0,1.0,1.0,0.0,0.0,0.0
8olan0ajj08wjblsz9q_0000,0.20512820512820512,8,39	-4.62932,-3.48666,11.17361,-0.75355,-0.8829,2.78546,2.38186,1.10573,0.91371,0.63148,169.42719,61.11812,203.14764,330.24547,0.3,0.3,0.0,0.0,0.0,0.0,0.0,0.0,0.20512,0,0,1.10674,-5.01999,0.94938,0.0,0.0,0.0,0.0,0.0,0.0
8mglp36681l5a5zucay_0000,0.19444444444444445,7,36	-4.62932,-3.48666,13.04568,-1.02356,-0.53768,1.95484,1.77498,0.78916,0.94915,0.81854,173.29008,62.04289,158.82585,152.25615,0.3,0.3,0.0,0.0,0.0,0.0,0.0,0.0,0.19444,0,0,0.18467,-3.47999,1.79677,0.0,0.0,0.0,0.0,0.0,0.0
ul3ekwt78x74h2r6m5_0011,0.19444444444444445,7,36	-4.62932,-3.48666,12.49588,-0.79496,-0.68382,4.15473,2.21824,1.16317,1.29125,0.83936,179.95216,65.1875,36.13131,42.48447,0.3,0.3,0.0,0.0,0.0,0.0,0.0,0.0,0.19444,0,0,0.48362,-6.88,1.60467,0.0,1.0,1.0,0.0,0.0,0.0
2epcwibf724sitnnysy6_0000,0.19444444444444445,7,36	-4.62932,-3.48666,11.92063,-1.06387,-0.43557,-0.83438,2.3879,1.57665,1.25466,0.87091,167.35669,58.02855,331.60761,159.67203,0.3,0.3,0.0,0.0,0.0,0.0,0.0,0.0,0.19444,0,0,0.47153,-3.93999,1.46465,0.0,0.0,0.0,0.0,0.0,0.0
8kv8hr842f7y0aeeag7_0002,0.1891891891891892,7,37	-4.62932,-3.48666,11.8876,-1.1206,-0.74775,4.21788,2.085,0.78335,1.22297,0.58003,177.17829,64.29535,30.29911,326.62184,0.3,0.3,0.0,0.0,0.0,0.0,0.0,0.0,0.18918,0,0,0.71535,-4.95999,1.0915,0.0,0.0,1.0,0.0,0.0,0.0
8ij629t93m87qurgsm9_0011,0.18421052631578946,7,38	-4.62932,-3.48666,10.80588,-0.72025,-1.04767,3.62965,2.44128,1.26623,1.24778,0.80795,165.6875,77.1875,306.3354,326.45962,0.3,0.3,0.0,0.0,0.0,0.0,0.0,0.0,0.18421,0,0,0.50418,-4.31999,1.46117,0.0,1.0,0.0,0.0,0.0,0.0
ul3ekwt78x74h2r6m5_0006,0.18421052631578946,7,38	-4.62932,-3.48666,12.49588,-0.79496,-0.68382,4.15473,2.38552,1.12354,1.1083,0.85954,179.95216,65.1169,36.13131,20.80033,0.3,0.3,0.0,0.0,0.0,0.0,0.0,0.0,0.18421,0,0,0.5091,-6.86,1.58265,0.0,1.0,1.0,1.0,0.0,0.0
2eb03mo8iwx3rnhblaid_0000,0.1794871794871795,7,39	-4.62932,-3.48666,7.86598,-0.6632,-0.78934,-0.23957,2.06211,0.97293,1.80829,0.7654,157.4375,67.8125,310.80745,313.04347,0.3,0.3,0.0,0.0,0.0,0.0,0.0,0.0,0.17948,0,0,0.814,-4.39999,1.10991,0.0,1.0,0.0,0.0,0.0,0.0
8ij629t93m87qurgsm9_0003,0.175,7,40	-4.62932,-3.48666,12.03346,-1.07759,-0.46424,2.01538,1.27024,1.26435,1.10555,0.65316,168.63887,60.17028,328.956,157.80112,0.3,0.3,0.0,0.0,0.0,0.0,0.0,0.0,0.175,0,0,0.6116,-4.79999,1.10764,0.0,0.0,1.0,1.0,0.0,0.0
2cx3qanaxzbkj3rw4s2l_0000,0.175,7,40	-4.62932,-3.48666,12.35747,-0.9481,-0.36863,-1.9308,1.94211,0.71469,0.90403,0.66948,173.71207,74.6201,32.58444,337.78335,0.3,0.3,0.0,0.0,0.0,0.0,0.0,0.0,0.175,0,0,0.55874,-5.65999,1.25177,0.0,0.0,0.0,0.0,0.0,0.0
2dr6stiv5n6h6g82m266_0001,0.17142857142857143,6,35	-4.62932,-3.48666,11.88043,-0.80232,-0.88865,1.5394,1.24367,1.55229,1.27352,0.59942,164.83984,65.69523,36.14468,333.64662,0.3,0.3,0.0,0.0,0.0,0.0,0.0,0.0,0.17142,0,0,0.7344,-5.17999,1.07634,0.0,0.0,0.0,0.0,0.0,0.0
8h76cfvrh80ljgks0j3_0013,0.17142857142857143,6,35	-4.62932,-3.48666,11.87983,-0.70076,-0.58229,-3.73046,1.91269,0.88884,1.41457,0.54926,171.7974,71.97372,321.65125,18.9613,0.3,0.3,0.0,0.0,0.0,0.0,0.0,0.0,0.17142,0,0,1.18672,-4.95999,0.81586,0.0,1.0,0.0,0.0,0.0,0.0
8h76cfvrh80ljgks0j3_0001,0.17073170731707318,7,41	-4.62932,-3.48666,7.28976,-1.10737,-1.01178,-1.65365,1.60172,1.25193,1.08234,0.70021,164.47595,66.53996,25.19589,30.25459,0.3,0.3,0.0,0.0,0.0,0.0,0.0,0.0,0.17073,0,0,0.5606,-2.97999,1.18389,0.0,1.0,1.0,2.0,0.0,0.0
2dr6stiv5n6h6g82m266_0000,0.16666666666666666,6,36	-4.62932,-3.48666,10.36096,-0.91537,-0.5106,2.75421,2.51069,1.64189,1.21352,0.4471,170.36988,61.4904,38.23745,333.96269,0.3,0.3,0.0,0.0,0.0,0.0,0.0,0.0,0.16666,0,0,0.14223,-2.91999,2.63937,0.0,0.0,0.0,0.0,0.0,0.0
8h76cfvrh80ljgks0j3_0010,0.16666666666666666,6,36	-4.62932,-3.48666,12.2788,-0.86409,-0.79427,0.66514,2.67547,1.76382,1.07976,0.81481,177.09195,63.28116,32.20168,324.71114,0.3,0.3,0.0,0.0,0.0,0.0,0.0,0.0,0.16666,0,0,0.57388,-3.57999,1.32499,0.0,1.0,1.0,0.0,0.0,0.0
8i1camv1zig2mar10vs_0001,0.16666666666666666,6,36	-4.62932,-3.48666,10.80588,-0.73452,-0.76063,-4.3405,2.49704,1.13147,1.96738,0.6679,178.6693,67.94534,327.85396,326.74695,0.3,0.3,0.0,0.0,0.0,0.0,0.0,0.0,0.16666,0,0,1.31345,-4.41999,0.85255,0.0,1.0,1.0,1.0,0.0,0.0
8ij629t93m87qurgsm9_0012,0.16666666666666666,6,36	-4.62932,-3.48666,10.80588,-0.72025,-1.04767,3.62965,2.44128,1.26623,1.24778,0.80795,174.3125,77.1875,306.3354,326.45962,0.3,0.3,0.0,0.0,0.0,0.0,0.0,0.0,0.16666,0,0,0.50418,-4.31999,1.46117,0.0,1.0,0.0,0.0,0.0,0.0
ul3ekwt78x74h2r6m5_0018,0.16666666666666666,6,36	-4.62932,-3.48666,12.49588,-0.79496,-0.68382,4.15473,2.30745,0.98878,1.35489,0.75195,179.95216,65.1169,36.13131,20.80033,0.3,0.3,0.0,0.0,0.0,0.0,0.0,0.0,0.16666,0,0,0.46806,-6.88,1.61934,0.0,1.0,1.0,0.0,0.0,0.0
2dg7blwpyp5fkt449c8x_0009,0.16666666666666666,6,36	-4.62932,-3.48666,10.80588,-0.56218,-0.97393,3.18285,2.60118,1.90831,1.24778,0.80795,178.6693,69.13793,327.85396,347.5862,0.3,0.3,0.0,0.0,0.0,0.0,0.0,0.0,0.16666,0,0,0.42046,-4.41999,1.78369,0.0,1.0,1.0,0.0,0.0,0.0
8jbrjvylyk6r2wesbln_0004,0.16666666666666666,6,36	-4.62932,-3.48666,10.80588,-0.70059,-0.93338,-2.49898,2.66432,1.47233,1.24778,0.80795,178.6693,67.94534,327.85396,326.74695,0.3,0.3,0.0,0.0,0.0,0.0,0.0,0.0,0.16666,0,0,0.80437,-4.35999,1.18428,0.0,1.0,0.0,0.0,0.0,0.0
8h76cfvrh80ljgks0j3_0018,0.16216216216216217,6,37	-4.62932,-3.48666,11.57796,-0.8007,-0.6846,-3.82579,2.51669,1.32003,1.04953,0.57747,164.32236,62.13931,326.59152,343.87328,0.3,0.3,0.0,0.0,0.0,0.0,0.0,0.0,0.16216,0,0,3.12855,-4.47999,0.53019,0.0,0.0,0.0,0.0,0.0,0.0
2dtfpaz7n6wrx0gnjh5e_0002,0.16216216216216217,6,37	-4.62932,-3.48666,10.80588,-0.69173,-0.97591,-4.26864,1.97289,1.1711,1.24778,0.80795,178.6693,67.94534,327.85396,326.74695,0.3,0.3,0.0,0.0,0.0,0.0,0.0,0.0,0.16216,0,0,0.47129,-4.39999,1.41358,0.0,1.0,0.0,0.0,0.0,0.0
2ddlwaci79dm3snbyirj_0000,0.16216216216216217,6,37	-4.62932,-3.48666,12.54134,-0.27154,-0.20419,2.37765,1.03947,1.2157,1.01604,0.5518,164.58555,71.12293,158.06705,162.22052,0.3,0.3,0.0,0.0,0.0,0.0,0.0,0.0,0.16216,0,0,0.05095,-4.85999,3.94058,0.0,0.0,0.0,0.0,0.0,0.0
2e7bhhw66peneq3e79w8_0005,0.16216216216216217,6,37	-4.62932,-3.48666,8.57712,-0.80791,-1.09768,3.41608,2.18192,1.45254,1.27998,0.43938,165.19136,75.44483,331.3966,25.67505,0.3,0.3,0.0,0.0,0.0,0.0,0.0,0.0,0.16216,0,0,0.66315,-4.27999,1.3142,0.0,0.0,1.0,0.0,0.0,0.0
ul3ekwt78x74h2r6m5_0003,0.16216216216216217,6,37	-4.62932,-3.48666,12.49588,-0.79496,-0.68382,4.15473,2.21824,1.16317,1.1083,0.85954,179.95216,65.1169,36.13131,20.80033,0.3,0.3,0.0,0.0,0.0,0.0,0.0,0.0,0.16216,0,0,0.48362,-6.88,1.60467,0.0,1.0,1.0,1.0,0.0,0.0
2dg7blwpyp5fkt449c8x_0017,0.16216216216216217,6,37	-4.62932,-3.48666,7.59481,-0.72704,-1.0538,-2.79601,2.59708,0.71266,1.10168,0.64465,165.52532,58.18951,19.45604,331.36418,0.3,0.3,0.0,0.0,0.0,0.0,0.0,0.0,0.16216,0,0,0.53793,-3.87999,1.41718,0.0,0.0,1.0,0.0,0.0,0.0
8ij629t93m87qurgsm9_0005,0.15789473684210525,6,38	-4.62932,-3.48666,10.80588,-0.72025,-1.04767,3.62965,1.9952,1.16317,1.24778,0.80795,165.6875,77.1875,306.3354,326.45962,0.3,0.3,0.0,0.0,0.0,0.0,0.0,0.0,0.15789,0,0,0.41447,-4.35999,1.51429,0.0,1.0,1.0,0.0,0.0,0.0
2dg7blwpyp5fkt449c8x_0018,0.15789473684210525,6,38	-4.62932,-3.48666,12.71276,-0.79419,-0.92973,-2.79601,2.23273,1.15503,1.10558,0.80239,168.21981,61.43093,325.48359,22.88154,0.3,0.3,0.0,0.0,0.0,0.0,0.0,0.0,0.15789,0,0,0.5267,-3.89999,1.24908,0.0,0.0,1.0,0.0,0.0,0.0
8i1camv1zig2mar10vs_0003,0.14285714285714285,5,35	-4.62932,-3.48666,10.80588,-0.62042,-0.73193,-4.3405,2.14017,1.09976,1.87192,0.79566,178.6693,67.94534,327.85396,326.74695,0.3,0.3,0.0,0.0,0.0,0.0,0.0,0.0,0.14285,0,0,0.52347,-4.55999,1.36897,0.0,1.0,1.0,1.0,0.0,0.0
8qq8w8xaf6wu855q08h_0004,0.1388888888888889,5,36	-4.62932,-3.48666,10.80588,-0.70059,-0.93338,3.70917,2.46424,1.35443,1.31413,0.77736,178.6693,67.94534,327.85396,326.74695,0.3,0.3,0.0,0.0,0.0,0.0,0.0,0.0,0.13888,0,0,0.72522,-4.37999,1.2129,0.0,1.0,0.0,0.0,0.0,0.0
8qq8w8xaf6wu855q08h_0005,0.1388888888888889,5,36	-4.62932,-3.48666,10.80588,-0.70059,-0.93338,3.70917,2.47597,1.55511,0.99606,0.68203,178.6693,67.94534,327.85396,326.74695,0.3,0.3,0.0,0.0,0.0,0.0,0.0,0.0,0.13888,0,0,0.77728,-4.35999,1.19376,0.0,1.0,0.0,0.0,0.0,0.0
8ij629t93m87qurgsm9_0014,0.1388888888888889,5,36	-4.62932,-3.48666,10.80588,-0.69173,-1.01896,3.62965,2.44128,1.26623,1.24778,0.80795,174.3125,76.25,306.3354,326.45962,0.3,0.3,0.0,0.0,0.0,0.0,0.0,0.0,0.13888,0,0,0.49818,-4.35999,1.47431,0.0,1.0,0.0,0.0,0.0,0.0
ul3ekwt78x74h2r6m5_0013,0.1388888888888889,5,36	-4.62932,-3.48666,12.49588,-0.74878,-0.74628,4.15473,2.21824,1.16317,1.29125,0.83936,181.8125,65.1875,15.65217,42.48447,0.3,0.3,0.0,0.0,0.0,0.0,0.0,0.0,0.13888,0,0,0.40172,-6.88,1.78962,0.0,1.0,1.0,0.0,0.0,0.0
8lm5djqelyjswylne3j_0001,0.1388888888888889,5,36	-4.62932,-3.48666,7.79913,-0.91233,-1.09979,3.26103,1.03583,1.88516,0.79417,0.66225,163.17897,63.08133,329.84625,197.85418,0.3,0.3,0.0,0.0,0.0,0.0,0.0,0.0,0.13888,0,0,0.85214,-3.65999,1.00348,0.0,0.0,1.0,0.0,0.0,0.0
2dg7blwpyp5fkt449c8x_0007,0.1388888888888889,5,36	-4.62932,-3.48666,9.56153,-0.84195,-0.97667,-2.79601,1.3753,1.22604,1.06573,0.75926,179.95877,71.01399,29.06501,335.58336,0.3,0.3,0.0,0.0,0.0,0.0,0.0,0.0,0.13888,0,0,0.66111,-3.89999,1.06482,0.0,1.0,1.0,1.0,0.0,0.0
8tdu9625pemqhanyn3y_0000,0.1388888888888889,5,36	-4.62932,-3.48666,8.22908,-1.10681,-1.10073,-3.24115,1.31664,0.97106,1.16848,0.69826,165.29909,69.81289,333.45707,341.95766,0.3,0.3,0.0,0.0,0.0,0.0,0.0,0.0,0.13888,0,0,1.00401,-3.23999,0.78033,0.0,0.0,1.0,1.0,0.0,0.0
2g712cjwvhy5k84f1c9v_0003,0.13513513513513514,5,37	-4.62932,-3.48666,8.53665,-1.02385,-0.94978,-3.16451,0.99079,1.39164,0.98179,0.62182,176.93944,71.08069,337.85444,335.44237,0.3,0.3,0.0,0.0,0.0,0.0,0.0,0.0,0.13513,0,0,1.48522,-3.55999,0.65642,0.0,1.0,1.0,0.0,0.0,0.0
8qq8w8xaf6wu855q08h_0001,0.13513513513513514,5,37	-4.62932,-3.48666,10.98082,-0.8004,-0.95704,3.70917,2.37036,1.06544,1.07553,0.36294,176.18965,71.31588,331.14895,22.88882,0.3,0.3,0.0,0.0,0.0,0.0,0.0,0.0,0.13513,0,0,0.8942,-4.15999,1.00835,0.0,1.0,1.0,0.0,0.0,0.0
8ij629t93m87qurgsm9_0000,0.13513513513513514,5,37	-4.62932,-3.48666,10.80588,-0.72025,-1.03332,3.62965,1.9952,1.16317,1.24778,0.80795,165.6875,67.94534,306.3354,326.74695,0.3,0.3,0.0,0.0,0.0,0.0,0.0,0.0,0.13513,0,0,0.43749,-4.35999,1.4707,0.0,1.0,1.0,1.0,0.0,0.0
ul3ekwt78x74h2r6m5_0015,0.13513513513513514,5,37	-4.62932,-3.48666,12.49588,-0.79496,-0.68382,4.15473,2.21824,1.16317,1.11626,0.84273,179.95216,65.1169,36.13131,20.80033,0.3,0.3,0.0,0.0,0.0,0.0,0.0,0.0,0.13513,0,0,0.48362,-6.88,1.60467,0.0,1.0,1.0,0.0,0.0,0.0
2dg7blwpyp5fkt449c8x_0001,0.13513513513513514,5,37	-4.62932,-3.48666,10.50037,-1.03727,-1.13229,-2.79601,1.20194,1.22604,1.03041,0.73329,179.25862,73.48275,32.27586,347.5862,0.3,0.3,0.0,0.0,0.0,0.0,0.0,0.0,0.13513,0,0,0.76813,-3.51999,0.8911,0.0,1.0,1.0,2.0,0.0,0.0
8tdu9625pemqhanyn3y_0001,0.13513513513513514,5,37	-4.62932,-3.48666,12.19166,-1.00265,-0.87638,2.95477,2.03189,0.84784,1.57446,0.88089,171.77224,73.86835,327.09772,339.08869,0.3,0.3,0.0,0.0,0.0,0.0,0.0,0.0,0.13513,0,0,0.35622,-3.25999,1.34095,0.0,1.0,1.0,1.0,0.0,0.0
8tdu9625pemqhanyn3y_0002,0.13513513513513514,5,37	-4.62932,-3.48666,8.44683,-1.05341,-0.55428,-3.24115,2.64353,1.05288,1.02011,0.81272,174.28859,60.14177,324.30664,34.6895,0.3,0.3,0.0,0.0,0.0,0.0,0.0,0.0,0.13513,0,0,0.62503,-5.65999,1.49042,0.0,0.0,1.0,1.0,0.0,0.0
8h76cfvrh80ljgks0j3_0002,0.13157894736842105,5,38	-4.62932,-3.48666,10.74681,-0.99805,-1.0028,-1.65365,2.67547,1.84409,1.58198,0.84885,173.57399,71.97815,326.54342,336.33871,0.3,0.3,0.0,0.0,0.0,0.0,0.0,0.0,0.13157,0,0,0.67948,-3.15999,1.20966,0.0,1.0,1.0,1.0,0.0,0.0
ul3ekwt78x74h2r6m5_0012,0.13157894736842105,5,38	-4.62932,-3.48666,12.49588,-0.79496,-0.68382,4.15473,2.21824,1.16317,1.29125,0.83936,181.8125,65.1875,0.0,42.48447,0.3,0.3,0.0,0.0,0.0,0.0,0.0,0.0,0.13157,0,0,0.48362,-6.88,1.60467,0.0,1.0,1.0,0.0,0.0,0.0
2efp2yqu4tl5uc6rhjdd_0005,0.11428571428571428,4,35	-4.62932,-3.48666,7.21371,-1.04829,-1.14813,-1.40213,1.42644,1.76562,1.06849,0.58947,175.20269,74.4357,24.94249,333.19289,0.3,0.3,0.0,0.0,0.0,0.0,0.0,0.0,0.11428,0,0,0.78766,-3.07999,1.04929,0.0,1.0,0.0,0.0,0.0,0.0
2dtfpaz7n6wrx0gnjh5e_0000,0.11428571428571428,4,35	-4.62932,-3.48666,9.44577,-0.79276,-0.75847,-2.70426,1.12748,1.00821,1.18645,0.84698,166.43272,68.72903,335.3266,32.85169,0.3,0.3,0.0,0.0,0.0,0.0,0.0,0.0,0.11428,0,0,0.65044,-4.19999,1.01284,0.0,0.0,0.0,0.0,0.0,0.0
2epcwibf724sitnnysy6_0002,0.11428571428571428,4,35	-4.62932,-3.48666,13.31012,-0.96764,-0.64637,-3.24995,2.19889,1.58366,1.2741,0.66048,174.22262,75.47708,321.18426,336.31917,0.3,0.3,0.0,0.0,0.0,0.0,0.0,0.0,0.11428,0,0,0.5141,-6.16,1.54545,0.0,0.0,0.0,0.0,0.0,0.0
2dg7blwpyp5fkt449c8x_0015,0.11428571428571428,4,35	-4.62932,-3.48666,7.39989,-1.07708,-1.09361,3.18285,2.0664,1.16066,1.26065,0.77232,180.83631,71.53253,329.95534,215.84388,0.3,0.3,0.0,0.0,0.0,0.0,0.0,0.0,0.11428,0,0,1.17991,-3.15999,0.846,0.0,0.0,1.0,0.0,0.0,0.0
2efp2yqu4tl5uc6rhjdd_0001,0.1111111111111111,4,36	-4.62932,-3.48666,11.20981,-0.81787,-0.83876,1.11418,1.88512,1.29308,0.99824,0.70551,163.4558,69.6011,27.87008,152.758,0.3,0.3,0.0,0.0,0.0,0.0,0.0,0.0,0.11111,0,0,1.86238,-4.35999,0.65475,0.0,0.0,1.0,0.0,0.0,0.0
8ns7jcgd5gwzjhnsfue_0004,0.1111111111111111,4,36	-4.62932,-3.48666,7.97544,-0.97289,-1.03152,4.67265,2.49191,0.8521,1.26538,0.67917,178.08936,69.55215,22.32442,16.10929,0.3,0.3,0.0,0.0,0.0,0.0,0.0,0.0,0.11111,0,0,0.26741,-2.81999,1.82038,0.0,0.0,0.0,0.0,0.0,0.0
2g712cjwvhy5k84f1c9v_0004,0.1111111111111111,4,36	-4.62932,-3.48666,8.53665,-1.02385,-0.94978,-3.16451,0.99079,1.39164,0.98179,0.62182,176.93944,71.08069,337.85444,335.44237,0.3,0.3,0.0,0.0,0.0,0.0,0.0,0.0,0.11111,0,0,1.48522,-3.55999,0.65642,0.0,1.0,1.0,0.0,0.0,0.0
8qq8w8xaf6wu855q08h_0002,0.1111111111111111,4,36	-4.62932,-3.48666,10.98082,-0.8004,-0.95704,3.70917,2.37036,1.06544,0.98769,0.38924,176.18965,71.31588,331.14895,22.88882,0.3,0.3,0.0,0.0,0.0,0.0,0.0,0.0,0.11111,0,0,0.8942,-4.15999,1.00835,0.0,1.0,1.0,0.0,0.0,0.0
8oi52t03wkpkxcq3lbj_0001,0.1111111111111111,4,36	-4.62932,-3.48666,11.18365,-0.77085,-0.88225,-4.31859,1.92039,1.67755,1.15517,0.52704,168.83636,68.2316,321.48172,210.85134,0.3,0.3,0.0,0.0,0.0,0.0,0.0,0.0,0.11111,0,0,0.39153,-6.06,1.85,0.0,0.0,0.0,0.0,0.0,0.0
8k3cs6zoehfn4qoyqug_0000,0.1111111111111111,4,36	-4.62932,-3.48666,9.67139,-1.0819,-0.996,-4.00724,1.22154,0.92457,1.05874,0.8346,172.79599,74.78108,210.72051,340.85584,0.3,0.3,0.0,0.0,0.0,0.0,0.0,0.0,0.11111,0,0,1.20343,-4.15999,0.71875,0.0,0.0,0.0,0.0,0.0,0.0
8h76cfvrh80ljgks0j3_0020,0.1111111111111111,4,36	-4.62932,-3.48666,11.04426,-1.06921,-0.8991,0.4522,2.15261,1.28174,1.007,0.64451,178.25472,70.78582,332.29033,340.63449,0.3,0.3,0.0,0.0,0.0,0.0,0.0,0.0,0.11111,0,0,1.21651,-3.37999,0.79209,0.0,0.0,0.0,0.0,0.0,0.0
8ij629t93m87qurgsm9_0013,0.1111111111111111,4,36	-4.62932,-3.48666,10.80588,-0.69173,-1.01896,3.62965,2.44128,1.26623,1.24778,0.80795,174.3125,77.1875,306.3354,324.2236,0.3,0.3,0.0,0.0,0.0,0.0,0.0,0.0,0.11111,0,0,0.49818,-4.35999,1.47431,0.0,1.0,0.0,0.0,0.0,0.0
ul3ekwt78x74h2r6m5_0010,0.1111111111111111,4,36	-4.62932,-3.48666,12.49588,-0.79496,-0.68382,4.15473,2.17723,1.15295,1.1083,0.85954,179.95216,65.1169,36.13131,20.80033,0.3,0.3,0.0,0.0,0.0,0.0,0.0,0.0,0.11111,0,0,0.47385,-6.88,1.61348,0.0,1.0,1.0,0.0,0.0,0.0
2dg7blwpyp5fkt449c8x_0003,0.1111111111111111,4,36	-4.62932,-3.48666,11.08918,-0.56218,-0.97393,-2.79601,2.67547,1.57592,1.24778,0.80795,178.6693,69.13793,327.85396,347.5862,0.3,0.3,0.0,0.0,0.0,0.0,0.0,0.0,0.11111,0,0,0.40518,-4.57999,1.78329,0.0,1.0,1.0,1.0,0.0,0.0
2dg7blwpyp5fkt449c8x_0004,0.1111111111111111,4,36	-4.62932,-3.48666,11.08918,-0.64137,-0.97393,-2.79601,2.67547,1.57592,1.24778,0.80795,178.6693,69.13793,327.85396,347.5862,0.3,0.3,0.0,0.0,0.0,0.0,0.0,0.0,0.11111,0,0,0.56387,-4.53999,1.47424,0.0,1.0,1.0,1.0,0.0,0.0
8kbr9evbtr15e8f2kgp_0002,0.1111111111111111,4,36	-4.62932,-3.48666,11.87966,-0.93423,-0.96059,-4.08616,1.97186,1.83916,0.89049,0.84863,169.0625,71.5625,46.95652,55.90062,0.3,0.3,0.0,0.0,0.0,0.0,0.0,0.0,0.11111,0,0,1.3226,-4.53999,0.85344,0.0,1.0,0.0,0.0,0.0,0.0
2g712cjwvhy5k84f1c9v_0006,0.10810810810810811,4,37	-4.62932,-3.48666,8.53665,-1.02385,-0.94978,-3.16451,0.99079,1.39164,0.98179,0.62182,176.93944,71.08069,337.85444,335.44237,0.3,0.3,0.0,0.0,0.0,0.0,0.0,0.0,0.10810,0,0,1.48522,-3.55999,0.65642,0.0,1.0,0.0,0.0,0.0,0.0
8i1camv1zig2mar10vs_0007,0.10810810810810811,4,37	-4.62932,-3.48666,10.80588,-0.73452,-0.76063,-4.3405,2.49704,1.13147,1.96738,0.6679,178.6693,67.94534,327.85396,326.74695,0.3,0.3,0.0,0.0,0.0,0.0,0.0,0.0,0.10810,0,0,1.31345,-4.41999,0.85255,0.0,1.0,0.0,0.0,0.0,0.0
8jbrjvylyk6r2wesbln_0000,0.10810810810810811,4,37	-4.62932,-3.48666,10.80588,-0.69173,-1.00461,-2.49898,2.66432,1.47233,1.21966,0.88979,178.6693,67.94534,327.85396,326.74695,0.3,0.3,0.0,0.0,0.0,0.0,0.0,0.0,0.10810,0,0,0.60078,-4.33999,1.39428,0.0,1.0,0.0,2.0,0.0,0.0
8jbrjvylyk6r2wesbln_0007,0.10810810810810811,4,37	-4.62932,-3.48666,10.80588,-0.69173,-1.00461,-2.49898,2.66432,1.47233,1.21966,0.88979,185.1875,61.625,333.1677,333.1677,0.3,0.3,0.0,0.0,0.0,0.0,0.0,0.0,0.10810,0,0,0.60078,-4.33999,1.39428,0.0,1.0,0.0,0.0,0.0,0.0
2emxqu4rh86ejvxxfsb6_0003,0.10526315789473684,4,38	-4.62932,-3.48666,13.69919,-0.82009,-0.34444,2.69984,1.53796,0.74305,1.09241,0.68796,175.67777,62.91607,153.30843,339.16733,0.3,0.3,0.0,0.0,0.0,0.0,0.0,0.0,0.10526,0,0,0.53837,-5.73999,1.15999,0.0,1.0,1.0,1.0,0.0,0.0
8i1camv1zig2mar10vs_0000,0.10526315789473684,4,38	-4.62932,-3.48666,10.80588,-0.69173,-0.83239,-4.3405,2.30745,1.16317,1.9276,0.71497,178.6693,67.94534,327.85396,326.74695,0.3,0.3,0.0,0.0,0.0,0.0,0.0,0.0,0.10526,0,0,0.80759,-4.43999,1.09955,0.0,1.0,1.0,1.0,0.0,0.0
8ij629t93m87qurgsm9_0009,0.10526315789473684,4,38	-4.62932,-3.48666,13.32182,-0.66247,-0.70397,3.62965,2.22792,0.9625,0.95874,0.68271,165.13872,72.47756,151.22705,35.88524,0.3,0.3,0.0,0.0,0.0,0.0,0.0,0.0,0.10526,0,0,0.63661,-4.67999,1.15694,0.0,0.0,1.0,0.0,0.0,0.0
8i1camv1zig2mar10vs_0009,0.10256410256410256,4,39	-4.62932,-3.48666,11.75478,-0.73452,-0.76063,-4.3405,1.52681,1.48025,1.60943,0.69144,178.6693,67.94534,327.85396,326.74695,0.3,0.3,0.0,0.0,0.0,0.0,0.0,0.0,0.10256,0,0,0.72088,-4.35999,1.06409,0.0,1.0,0.0,0.0,0.0,0.0
2dg7blwpyp5fkt449c8x_0000,0.10256410256410256,4,39	-4.62932,-3.48666,11.08918,-0.98977,-1.11646,-2.79601,1.20194,1.22604,1.03041,0.73329,179.25862,73.48275,32.27586,347.5862,0.3,0.3,0.0,0.0,0.0,0.0,0.0,0.0,0.10256,0,0,0.66666,-3.81999,0.97634,0.0,1.0,1.0,2.0,0.0,0.0
8ij629t93m87qurgsm9_0016,0.1,4,40	-4.62932,-3.48666,10.80588,-0.69173,-1.01896,3.62965,2.22939,1.27415,1.22762,0.80574,174.3125,76.25,306.3354,326.45962,0.3,0.3,0.0,0.0,0.0,0.0,0.0,0.0,0.1,0,0,0.46458,-4.35999,1.49403,0.0,1.0,0.0,0.0,0.0,0.0
8ns7jcgd5gwzjhnsfue_0002,0.08571428571428572,3,35	-4.62932,-3.48666,10.74598,-0.89451,-0.85552,-4.42892,1.90701,0.95866,1.21861,0.61428,161.64352,59.15896,37.81933,334.96453,0.3,0.3,0.0,0.0,0.0,0.0,0.0,0.0,0.08571,0,0,1.97606,-4.77999,0.62902,0.0,0.0,1.0,0.0,0.0,0.0
8qq8w8xaf6wu855q08h_0008,0.08571428571428572,3,35	-4.62932,-3.48666,9.84902,-1.1017,-0.97896,-2.41843,2.15062,1.05895,0.98896,0.48208,168.67793,59.7929,340.88874,326.51267,0.3,0.3,0.0,0.0,0.0,0.0,0.0,0.0,0.08571,0,0,3.29818,-3.43999,0.46331,0.0,0.0,0.0,0.0,0.0,0.0
8h76cfvrh80ljgks0j3_0012,0.08571428571428572,3,35	-4.62932,-3.48666,11.87983,-0.70076,-0.58229,-3.73046,2.42881,1.35392,1.41457,0.54926,171.7974,71.97372,321.65125,18.9613,0.3,0.3,0.0,0.0,0.0,0.0,0.0,0.0,0.08571,0,0,1.77207,-4.85999,0.73619,0.0,1.0,0.0,0.0,0.0,0.0
2fcc353epm745ba91kgb_0000,0.08571428571428572,3,35	-4.62932,-3.48666,9.60914,-1.05746,-1.00594,0.82201,1.50363,1.88399,0.97637,0.80574,171.35401,68.77273,19.30511,144.5235,0.3,0.3,0.0,0.0,0.0,0.0,0.0,0.0,0.08571,0,0,0.18601,-2.57999,2.00856,0.0,0.0,0.0,0.0,0.0,0.0
2fegpw7fl5zhjypwl8pc_0007,0.08571428571428572,3,35	-4.62932,-3.48666,6.41588,-1.14085,-0.94567,1.51127,2.22219,1.74262,0.86104,0.67264,177.09959,74.52559,34.4119,327.14651,0.3,0.3,0.0,0.0,0.0,0.0,0.0,0.0,0.08571,0,0,0.98449,-4.25999,1.14164,0.0,0.0,0.0,0.0,0.0,0.0
ul3ekwt78x74h2r6m5_0009,0.08571428571428572,3,35	-4.62932,-3.48666,12.49588,-0.79496,-0.68382,4.15473,2.17723,1.15295,1.11718,0.7919,179.95216,65.1169,36.13131,20.80033,0.3,0.3,0.0,0.0,0.0,0.0,0.0,0.0,0.08571,0,0,0.47385,-6.88,1.61348,0.0,1.0,1.0,0.0,0.0,0.0
8ns7jcgd5gwzjhnsfue_0000,0.08333333333333333,3,36	-4.62932,-3.48666,11.09787,-0.87083,-0.82156,-4.42892,0.8986,0.6992,1.05468,0.88017,180.91956,72.45492,205.84512,19.38552,0.3,0.3,0.0,0.0,0.0,0.0,0.0,0.0,0.08333,0,0,0.47602,-3.99999,0.97938,0.0,0.0,1.0,1.0,0.0,0.0
2emxqu4rh86ejvxxfsb6_0000,0.08333333333333333,3,36	-4.62932,-3.48666,9.0401,-0.79201,-1.00425,-3.20616,1.46517,1.42908,1.06058,0.82255,173.375,58.8125,38.01242,360.0,0.3,0.3,0.0,0.0,0.0,0.0,0.0,0.0,0.08333,0,0,0.5044,-3.79999,1.30589,0.0,1.0,0.0,2.0,0.0,0.0
2emxqu4rh86ejvxxfsb6_0001,0.08333333333333333,3,36	-4.62932,-3.48666,4.15394,-1.07682,-0.48795,2.65311,2.67547,1.27415,1.87988,0.79902,171.96466,60.36972,37.02373,158.18619,0.3,0.3,0.0,0.0,0.0,0.0,0.0,0.0,0.08333,0,0,0.25017,-2.93999,2.42989,0.0,1.0,0.0,2.0,0.0,0.0
8tg1n03af1vn1rdzdnd_0001,0.08333333333333333,3,36	-4.62932,-3.48666,8.41541,-0.84253,-0.93815,-0.50678,1.3279,1.35633,1.20948,0.8283,180.3812,69.53559,142.60254,339.1998,0.3,0.3,0.0,0.0,0.0,0.0,0.0,0.0,0.08333,0,0,0.71289,-3.79999,1.06145,0.0,0.0,0.0,0.0,0.0,0.0
8h76cfvrh80ljgks0j3_0003,0.08333333333333333,3,36	-4.62932,-3.48666,10.43747,-0.95491,-0.83208,-1.65365,1.89338,1.52673,0.87715,0.85093,177.44938,59.04311,28.10324,341.36772,0.3,0.3,0.0,0.0,0.0,0.0,0.0,0.0,0.08333,0,0,0.87472,-3.57999,0.97961,0.0,1.0,1.0,1.0,0.0,0.0
8h76cfvrh80ljgks0j3_0004,0.08333333333333333,3,36	-4.62932,-3.48666,10.09507,-1.12057,-0.98048,-1.65365,1.86575,0.73632,1.28902,0.43691,170.83299,71.68083,327.40694,20.33178,0.3,0.3,0.0,0.0,0.0,0.0,0.0,0.0,0.08333,0,0,2.29513,-3.41999,0.51178,0.0,1.0,1.0,1.0,0.0,0.0
8h76cfvrh80ljgks0j3_0007,0.08333333333333333,3,36	-4.62932,-3.48666,10.74681,-1.13571,-0.91531,-4.4196,2.67547,1.84409,1.02628,0.87823,173.57399,71.97815,326.54342,336.33871,0.3,0.3,0.0,0.0,0.0,0.0,0.0,0.0,0.08333,0,0,1.15125,-3.11999,0.90464,0.0,1.0,1.0,0.0,0.0,0.0
8h76cfvrh80ljgks0j3_0008,0.08333333333333333,3,36	-4.62932,-3.48666,10.74681,-1.13571,-0.91531,-4.4196,2.67547,1.84409,1.58198,0.84885,173.57399,71.97815,326.54342,336.33871,0.3,0.3,0.0,0.0,0.0,0.0,0.0,0.0,0.08333,0,0,1.15125,-3.11999,0.90464,0.0,1.0,1.0,0.0,0.0,0.0
8lm5djqelyjswylne3j_0000,0.08333333333333333,3,36	-4.62932,-3.48666,12.46793,-0.65228,-0.76653,0.85948,1.69759,0.9575,1.24675,0.46656,175.4771,67.50166,34.02427,149.53929,0.3,0.3,0.0,0.0,0.0,0.0,0.0,0.0,0.08333,0,0,0.85111,-5.19999,0.95911,0.0,0.0,0.0,0.0,0.0,0.0
2epcwibf724sitnnysy6_0001,0.08333333333333333,3,36	-4.62932,-3.48666,13.10484,-0.99,-0.38924,3.84121,1.3632,1.64488,1.29933,0.72888,168.82006,74.75296,335.09236,337.28759,0.3,0.3,0.0,0.0,0.0,0.0,0.0,0.0,0.08333,0,0,0.33892,-4.33999,1.5445,0.0,0.0,0.0,0.0,0.0,0.0
8jbrjvylyk6r2wesbln_0003,0.08333333333333333,3,36	-4.62932,-3.48666,7.86916,-1.09123,-0.96905,-2.49898,1.83836,1.76451,1.01031,0.48855,164.89464,58.52967,30.51431,334.61906,0.3,0.3,0.0,0.0,0.0,0.0,0.0,0.0,0.08333,0,0,2.53969,-4.01999,0.60777,0.0,0.0,1.0,0.0,0.0,0.0
2efp2yqu4tl5uc6rhjdd_0000,0.08108108108108109,3,37	-4.62932,-3.48666,10.3862,-1.03963,-1.0183,1.11418,1.38048,0.76656,1.00803,0.6318,169.96145,68.8345,335.33174,336.08334,0.3,0.3,0.0,0.0,0.0,0.0,0.0,0.0,0.08108,0,0,1.18039,-3.59999,0.67802,0.0,0.0,1.0,0.0,0.0,0.0
2efp2yqu4tl5uc6rhjdd_0004,0.08108108108108109,3,37	-4.62932,-3.48666,9.61782,-0.91991,-0.94038,1.11418,1.64931,1.66745,1.2801,0.87189,165.2435,66.26036,24.95912,157.86378,0.3,0.3,0.0,0.0,0.0,0.0,0.0,0.0,0.08108,0,0,0.32802,-3.15999,1.60455,0.0,0.0,1.0,0.0,0.0,0.0
2emxqu4rh86ejvxxfsb6_0004,0.08108108108108109,3,37	-4.62932,-3.48666,7.15893,-1.09108,-0.8898,2.69984,1.194,1.58387,0.96926,0.74768,180.875,68.375,93.91304,20.12422,0.3,0.3,0.0,0.0,0.0,0.0,0.0,0.0,0.08108,0,0,2.47868,-3.39999,0.54108,0.0,1.0,1.0,0.0,0.0,0.0
2emxqu4rh86ejvxxfsb6_0006,0.08108108108108109,3,37	-4.62932,-3.48666,13.68893,-1.0055,-0.48795,2.65311,1.70525,1.23452,1.2943,0.86454,171.96466,60.36972,37.02373,158.1862,0.3,0.3,0.0,0.0,0.0,0.0,0.0,0.0,0.08108,0,0,0.874,-5.37999,0.97295,0.0,1.0,1.0,0.0,0.0,0.0
8i1camv1zig2mar10vs_0005,0.08108108108108109,3,37	-4.62932,-3.48666,10.80588,-0.73452,-0.76063,-4.3405,2.49704,1.13147,1.96738,0.6679,178.6693,67.94534,327.85396,326.74695,0.3,0.3,0.0,0.0,0.0,0.0,0.0,0.0,0.08108,0,0,1.31345,-4.41999,0.85255,0.0,1.0,1.0,0.0,0.0,0.0
8i1camv1zig2mar10vs_0008,0.08108108108108109,3,37	-4.62932,-3.48666,11.75478,-0.73452,-0.76063,-4.3405,1.52681,1.48025,1.60943,0.69144,178.6693,67.94534,327.85396,326.74695,0.3,0.3,0.0,0.0,0.0,0.0,0.0,0.0,0.08108,0,0,0.72088,-4.35999,1.06409,0.0,1.0,0.0,0.0,0.0,0.0
8ij629t93m87qurgsm9_0007,0.08108108108108109,3,37	-4.62932,-3.48666,10.76693,-0.78821,-0.76106,2.01538,1.14285,0.76532,1.20929,0.37202,171.06866,64.83938,337.79923,326.90389,0.3,0.3,0.0,0.0,0.0,0.0,0.0,0.0,0.08108,0,0,0.49081,-4.23999,1.081,0.0,0.0,1.0,0.0,0.0,0.0
8k5djkgn7jk33iqdtig_0000,0.08108108108108109,3,37	-4.62932,-3.48666,12.26768,-0.99198,-0.92585,4.24644,2.26019,0.78949,1.01313,0.52636,163.95144,69.24074,330.2307,19.25059,0.3,0.3,0.0,0.0,0.0,0.0,0.0,0.0,0.08108,0,0,3.59016,-4.11999,0.43332,0.0,0.0,0.0,0.0,0.0,0.0
8k5djkgn7jk33iqdtig_0001,0.08108108108108109,3,37	-4.62932,-3.48666,10.40969,-0.87355,-0.77854,-2.58354,2.42944,1.75174,0.91235,0.4966,164.1843,73.69309,149.91939,343.57067,0.3,0.3,0.0,0.0,0.0,0.0,0.0,0.0,0.08108,0,0,1.90943,-5.27999,0.76701,0.0,0.0,0.0,0.0,0.0,0.0
8kv8hr842f7y0aeeag7_0001,0.08108108108108109,3,37	-4.62932,-3.48666,10.34148,-0.68528,-0.99264,4.21788,1.84959,1.8655,0.98745,0.76439,172.10338,65.63906,322.95135,206.26915,0.3,0.3,0.0,0.0,0.0,0.0,0.0,0.0,0.08108,0,0,0.56204,-4.37999,1.39819,0.0,0.0,1.0,0.0,0.0,0.0
8kbr9evbtr15e8f2kgp_0001,0.08108108108108109,3,37	-4.62932,-3.48666,7.86598,-0.7773,-1.00461,-4.08616,1.38184,1.48025,0.86172,0.63428,186.5,58.4375,48.07453,319.75155,0.3,0.3,0.0,0.0,0.0,0.0,0.0,0.0,0.08108,0,0,0.63779,-3.93999,1.19635,0.0,1.0,0.0,0.0,0.0,0.0
8qq8w8xaf6wu855q08h_0009,0.07894736842105263,3,38	-4.62932,-3.48666,12.00522,-1.08942,-1.03631,-4.44405,2.48107,1.67025,1.29506,0.86632,176.58864,70.57022,336.85713,31.30009,0.3,0.3,0.0,0.0,0.0,0.0,0.0,0.0,0.07894,0,0,0.48032,-2.91999,1.30993,0.0,0.0,0.0,0.0,0.0,0.0
8ij629t93m87qurgsm9_0002,0.07894736842105263,3,38	-4.62932,-3.48666,10.80588,-0.72025,-1.03332,3.62965,1.9952,1.16317,1.24778,0.80795,158.9375,67.94534,321.98757,326.74695,0.3,0.3,0.0,0.0,0.0,0.0,0.0,0.0,0.07894,0,0,0.43749,-4.35999,1.4707,0.0,1.0,1.0,1.0,0.0,0.0
8jbrjvylyk6r2wesbln_0002,0.07894736842105263,3,38	-4.62932,-3.48666,11.10862,-0.86592,-0.87268,-2.49898,2.30678,0.71514,1.08982,0.84916,168.26735,75.83897,21.84065,332.37079,0.3,0.3,0.0,0.0,0.0,0.0,0.0,0.0,0.07894,0,0,0.72562,-3.79999,1.03134,0.0,0.0,1.0,2.0,0.0,0.0
2dg7blwpyp5fkt449c8x_0008,0.07692307692307693,3,39	-4.62932,-3.48666,10.50037,-1.03727,-1.13229,-2.79601,1.20194,1.22604,1.06573,0.75926,179.25862,73.48275,32.27586,347.5862,0.3,0.3,0.0,0.0,0.0,0.0,0.0,0.0,0.07692,0,0,0.76813,-3.51999,0.8911,0.0,1.0,1.0,1.0,0.0,0.0
2fgsgzls1wnvcuh2enbj_0000,0.05714285714285714,2,35	-4.62932,-3.48666,9.63362,-0.97698,-1.04767,0.29917,1.45748,0.8815,1.29191,0.73846,161.93075,61.17868,36.48226,337.35527,0.3,0.3,0.0,0.0,0.0,0.0,0.0,0.0,0.05714,0,0,0.3741,-3.25999,1.28062,0.0,1.0,1.0,1.0,0.0,0.0
2cx0h6t7s5ui7aoebu66_0000,0.05714285714285714,2,35	-4.62932,-3.48666,10.44933,-0.88872,-0.70557,-2.21076,1.45281,1.2814,1.26748,0.64869,181.24653,67.7555,321.80889,27.88732,0.3,0.3,0.0,0.0,0.0,0.0,0.0,0.0,0.05714,0,0,1.06575,-4.05999,0.83012,0.0,0.0,0.0,0.0,0.0,0.0
8h76cfvrh80ljgks0j3_0014,0.05714285714285714,2,35	-4.62932,-3.48666,10.74681,-1.13571,-0.91531,-4.4196,2.10116,0.79603,1.02628,0.87823,173.57399,71.97815,326.54342,336.33871,0.3,0.3,0.0,0.0,0.0,0.0,0.0,0.0,0.05714,0,0,0.67864,-3.15999,0.98589,0.0,0.0,1.0,0.0,0.0,0.0
2dg7blwpyp5fkt449c8x_0005,0.05714285714285714,2,35	-4.62932,-3.48666,9.56153,-0.86307,-1.03727,-2.79601,1.3753,1.22604,1.06573,0.75926,179.95877,71.01399,29.06501,335.58336,0.3,0.3,0.0,0.0,0.0,0.0,0.0,0.0,0.05714,0,0,0.62529,-3.85999,1.09405,0.0,1.0,1.0,1.0,0.0,0.0
2fgsgzls1wnvcuh2enbj_0002,0.05555555555555555,2,36	-4.62932,-3.48666,11.18084,-0.78298,-0.81581,0.29917,1.2991,0.65271,1.23068,0.43767,171.88835,76.69112,35.37474,343.5787,0.3,0.3,0.0,0.0,0.0,0.0,0.0,0.0,0.05555,0,0,0.28189,-6.2,1.69227,0.0,0.0,1.0,0.0,0.0,0.0
2g712cjwvhy5k84f1c9v_0001,0.05555555555555555,2,36	-4.62932,-3.48666,7.12763,-1.03936,-1.06461,-3.16451,1.64122,1.39565,1.23878,0.3665,163.68791,59.12786,32.0721,334.9356,0.3,0.3,0.0,0.0,0.0,0.0,0.0,0.0,0.05555,0,0,0.35362,-2.85999,1.54911,0.0,0.0,1.0,1.0,0.0,0.0
8qq8w8xaf6wu855q08h_0006,0.05555555555555555,2,36	-4.62932,-3.48666,13.39014,-0.82081,-0.78208,-0.6276,1.52481,1.37376,0.88014,0.61568,175.87721,70.88542,323.08019,338.56748,0.3,0.3,0.0,0.0,0.0,0.0,0.0,0.0,0.05555,0,0,1.60182,-4.41999,0.65566,0.0,0.0,0.0,0.0,0.0,0.0
8k3cs6zoehfn4qoyqug_0002,0.05555555555555555,2,36	-4.62932,-3.48666,12.8441,-0.77026,-0.31116,-4.00724,2.13413,1.22318,1.10594,0.80807,168.19801,75.22652,150.39127,204.00775,0.3,0.3,0.0,0.0,0.0,0.0,0.0,0.0,0.05555,0,0,0.38075,-5.01999,1.63185,0.0,0.0,0.0,0.0,0.0,0.0
8h76cfvrh80ljgks0j3_0015,0.05555555555555555,2,36	-4.62932,-3.48666,7.69331,-0.97979,-1.0561,-4.4196,1.65395,1.74954,0.85645,0.73206,168.09374,59.90775,35.84893,34.53247,0.3,0.3,0.0,0.0,0.0,0.0,0.0,0.0,0.05555,0,0,1.94252,-3.57999,0.67487,0.0,0.0,1.0,0.0,0.0,0.0
8i1camv1zig2mar10vs_0006,0.05555555555555555,2,36	-4.62932,-3.48666,10.80588,-0.73452,-0.76063,-4.3405,2.49704,1.13147,1.96738,0.6679,178.6693,67.94534,327.85396,326.74695,0.3,0.3,0.0,0.0,0.0,0.0,0.0,0.0,0.05555,0,0,1.31345,-4.41999,0.85255,0.0,1.0,1.0,0.0,0.0,0.0
2evjz6evht7gmh2p6kxl_0000,0.05555555555555555,2,36	-4.62932,-3.48666,10.7181,-1.12297,-0.86238,0.92021,2.38379,1.7462,0.98761,0.69494,162.88829,58.21017,208.72308,148.49243,0.3,0.3,0.0,0.0,0.0,0.0,0.0,0.0,0.05555,0,0,6.74009,-3.49999,0.34303,0.0,0.0,0.0,0.0,0.0,0.0
2e7bhhw66peneq3e79w8_0003,0.05555555555555555,2,36	-4.62932,-3.48666,8.75116,-0.79646,-0.98272,3.41608,1.68547,1.68216,0.74766,0.75818,172.65942,76.4445,325.97719,204.29276,0.3,0.3,0.0,0.0,0.0,0.0,0.0,0.0,0.05555,0,0,0.89598,-3.97999,1.04132,0.0,0.0,1.0,0.0,0.0,0.0
2dg7blwpyp5fkt449c8x_0006,0.05555555555555555,2,36	-4.62932,-3.48666,11.08918,-0.64137,-0.97393,-2.79601,2.67547,1.57592,1.18055,0.79635,178.6693,69.13793,327.85396,347.5862,0.3,0.3,0.0,0.0,0.0,0.0,0.0,0.0,0.05555,0,0,0.56387,-4.53999,1.47424,0.0,1.0,1.0,1.0,0.0,0.0
8jbrjvylyk6r2wesbln_0006,0.05555555555555555,2,36	-4.62932,-3.48666,10.80588,-0.69173,-1.00461,-2.49898,2.66432,1.47233,1.21966,0.88979,185.1875,61.625,333.1677,333.1677,0.3,0.3,0.0,0.0,0.0,0.0,0.0,0.0,0.05555,0,0,0.60078,-4.33999,1.39428,0.0,1.0,0.0,0.0,0.0,0.0
8tdu9625pemqhanyn3y_0005,0.05555555555555555,2,36	-4.62932,-3.48666,6.14924,-0.67062,-1.06698,-3.24115,1.29701,1.10678,1.22214,0.39314,170.01143,75.97772,327.18035,210.4043,0.3,0.3,0.0,0.0,0.0,0.0,0.0,0.0,0.05555,0,0,0.35875,-4.05999,1.63004,0.0,0.0,1.0,0.0,0.0,0.0
2efp2yqu4tl5uc6rhjdd_0003,0.05405405405405406,2,37	-4.62932,-3.48666,10.1609,-0.95455,-1.02355,1.11418,0.88522,1.69992,0.98911,0.47133,174.93704,63.38767,36.05455,328.78853,0.3,0.3,0.0,0.0,0.0,0.0,0.0,0.0,0.05405,0,0,0.60683,-3.49999,1.04872,0.0,0.0,1.0,0.0,0.0,0.0
2fgsgzls1wnvcuh2enbj_0001,0.05405405405405406,2,37	-4.62932,-3.48666,11.55097,-0.97698,-1.04767,0.29917,1.45748,0.8815,1.29191,0.73846,161.93075,61.17868,36.48226,337.35527,0.3,0.3,0.0,0.0,0.0,0.0,0.0,0.0,0.05405,0,0,0.28637,-3.19999,1.37569,0.0,1.0,1.0,1.0,0.0,0.0
2fgsgzls1wnvcuh2enbj_0004,0.05405405405405406,2,37	-4.62932,-3.48666,11.55097,-0.88517,-0.8193,0.29917,1.45748,0.8815,1.29191,0.73846,161.93075,61.17868,36.48226,337.35527,0.3,0.3,0.0,0.0,0.0,0.0,0.0,0.0,0.05405,0,0,0.16855,-3.25999,1.83002,0.0,0.0,1.0,0.0,0.0,0.0
2g712cjwvhy5k84f1c9v_0000,0.05405405405405406,2,37	-4.62932,-3.48666,9.62753,-1.12149,-1.03425,-3.16451,1.63715,1.45267,1.16374,0.77744,168.82531,73.87322,22.11558,205.11651,0.3,0.3,0.0,0.0,0.0,0.0,0.0,0.0,0.05405,0,0,0.42215,-2.89999,1.306,0.0,0.0,1.0,1.0,0.0,0.0
2g712cjwvhy5k84f1c9v_0002,0.05405405405405406,2,37	-4.62932,-3.48666,8.53665,-1.02385,-0.94978,-3.16451,0.99079,1.39164,0.98179,0.62182,176.93944,71.08069,337.85444,335.44237,0.3,0.3,0.0,0.0,0.0,0.0,0.0,0.0,0.05405,0,0,1.48522,-3.55999,0.65642,0.0,1.0,1.0,1.0,0.0,0.0
8h76cfvrh80ljgks0j3_0011,0.05405405405405406,2,37	-4.62932,-3.48666,10.43747,-0.95491,-0.83208,0.66514,1.93616,1.02531,0.87715,0.85093,177.44938,59.04311,28.10324,341.36772,0.3,0.3,0.0,0.0,0.0,0.0,0.0,0.0,0.05405,0,0,0.73549,-3.59999,1.01047,0.0,1.0,1.0,0.0,0.0,0.0
8i1camv1zig2mar10vs_0004,0.05405405405405406,2,37	-4.62932,-3.48666,10.80588,-0.64894,-0.60277,-4.3405,2.14017,1.09976,2.02306,0.67127,178.6693,67.94534,327.85396,326.74695,0.3,0.3,0.0,0.0,0.0,0.0,0.0,0.0,0.05405,0,0,0.54264,-4.59999,1.34632,0.0,1.0,1.0,0.0,0.0,0.0
2dg7blwpyp5fkt449c8x_0014,0.05405405405405406,2,37	-4.62932,-3.48666,10.50037,-0.98977,-1.11646,-2.79601,1.20194,1.22604,1.03041,0.73329,179.25862,73.48275,32.27586,347.5862,0.3,0.3,0.0,0.0,0.0,0.0,0.0,0.0,0.05405,0,0,0.62176,-3.53999,1.00063,0.0,1.0,1.0,0.0,0.0,0.0
8jbrjvylyk6r2wesbln_0005,0.05405405405405406,2,37	-4.62932,-3.48666,10.80588,-0.69173,-1.00461,-2.49898,2.66432,1.47233,1.24778,0.80795,178.6693,67.94534,327.85396,326.74695,0.3,0.3,0.0,0.0,0.0,0.0,0.0,0.0,0.05405,0,0,0.60078,-4.33999,1.39428,0.0,1.0,0.0,0.0,0.0,0.0
8tdu9625pemqhanyn3y_0006,0.05405405405405406,2,37	-4.62932,-3.48666,-11.86465,-0.93187,-1.06583,2.95477,1.1177,1.65804,0.89658,0.45707,174.5184,65.48534,151.90408,339.68523,0.3,0.3,0.0,0.0,0.0,0.0,0.0,0.0,0.05405,0,0,0.27751,-3.19999,1.50289,0.0,0.0,1.0,0.0,0.0,0.0
8mglp36681l5a5zucay_0002,0.05263157894736842,2,38	-4.62932,-3.48666,12.54053,-1.04429,-1.00851,-2.99181,2.64218,1.1693,0.90846,0.64039,176.65849,58.70161,333.72175,207.38965,0.3,0.3,0.0,0.0,0.0,0.0,0.0,0.0,0.05263,0,0,1.88966,-4.11999,0.67174,0.0,0.0,0.0,1.0,0.0,0.0
8h76cfvrh80ljgks0j3_0017,0.02857142857142857,1,35	-4.62932,-3.48666,12.2788,-0.86409,-0.79427,0.66514,1.34554,1.26386,1.14023,0.62044,177.09195,63.28116,32.20168,324.71114,0.3,0.3,0.0,0.0,0.0,0.0,0.0,0.0,0.02857,0,0,0.31235,-3.63999,1.43195,0.0,0.0,1.0,0.0,0.0,0.0
8h76cfvrh80ljgks0j3_0021,0.02857142857142857,1,35	-4.62932,-3.48666,7.28976,-1.10737,-1.01178,-1.63831,1.60172,1.25193,1.08234,0.70021,164.47595,66.53996,25.19589,210.25459,0.3,0.3,0.0,0.0,0.0,0.0,0.0,0.0,0.02857,0,0,0.5606,-2.97999,1.18389,0.0,0.0,0.0,0.0,0.0,0.0
2fegpw7fl5zhjypwl8pc_0008,0.02857142857142857,1,35	-4.62932,-3.48666,6.1382,-0.55155,-0.76924,1.51127,1.83934,0.98244,0.86104,0.67264,176.3,78.65,24.70588,307.05882,0.3,0.3,0.0,0.0,0.0,0.0,0.0,0.0,0.02857,0,0,1.16531,-5.09999,0.9429,0.0,1.0,0.0,0.0,0.0,0.0
8ns7jcgd5gwzjhnsfue_0001,0.027777777777777776,1,36	-4.62932,-3.48666,11.17176,-1.1399,-1.08209,-4.42892,1.08842,1.80155,1.19028,0.46521,178.81749,76.53454,25.42343,343.81875,0.3,0.3,0.0,0.0,0.0,0.0,0.0,0.0,0.02777,0,0,0.29106,-2.77999,1.43508,0.0,0.0,1.0,0.0,0.0,0.0
2g712cjwvhy5k84f1c9v_0005,0.027777777777777776,1,36	-4.62932,-3.48666,8.53665,-1.02385,-0.94978,-3.16451,0.99079,1.39164,0.98179,0.62182,176.93944,71.08069,337.85444,335.44237,0.3,0.3,0.0,0.0,0.0,0.0,0.0,0.0,0.02777,0,0,1.48522,-3.55999,0.65642,0.0,1.0,1.0,0.0,0.0,0.0
8h76cfvrh80ljgks0j3_0005,0.027777777777777776,1,36	-4.62932,-3.48666,10.80588,-0.70059,-0.93338,-1.65365,2.05351,1.37851,1.24778,0.80795,178.6693,67.94534,327.85396,326.74695,0.3,0.3,0.0,0.0,0.0,0.0,0.0,0.0,0.02777,0,0,0.63267,-4.39999,1.24896,0.0,1.0,1.0,1.0,0.0,0.0
8h76cfvrh80ljgks0j3_0016,0.027777777777777776,1,36	-4.62932,-3.48666,10.09507,-1.12057,-0.98048,0.66514,1.84574,0.75288,1.16341,0.81817,170.83299,71.68083,327.40694,200.33178,0.3,0.3,0.0,0.0,0.0,0.0,0.0,0.0,0.02777,0,0,2.29131,-3.41999,0.51194,0.0,0.0,1.0,0.0,0.0,0.0
8h76cfvrh80ljgks0j3_0019,0.027777777777777776,1,36	-4.62932,-3.48666,11.87983,-0.70076,-0.58229,-3.73046,2.42881,1.35392,1.18366,0.59683,171.7974,71.97372,321.65125,18.9613,0.3,0.3,0.0,0.0,0.0,0.0,0.0,0.0,0.02777,0,0,1.77207,-4.85999,0.73619,0.0,0.0,0.0,0.0,0.0,0.0
8i1camv1zig2mar10vs_0002,0.027777777777777776,1,36	-4.62932,-3.48666,10.80588,-0.73452,-0.76063,-4.3405,2.49704,1.13147,1.96738,0.6679,178.6693,67.94534,327.85396,326.74695,0.3,0.3,0.0,0.0,0.0,0.0,0.0,0.0,0.02777,0,0,1.31345,-4.41999,0.85255,0.0,1.0,1.0,1.0,0.0,0.0
8ij629t93m87qurgsm9_0015,0.027777777777777776,1,36	-4.62932,-3.48666,10.80588,-0.69173,-1.01896,3.62965,2.22939,1.27415,1.24778,0.80795,174.3125,76.25,306.3354,326.45962,0.3,0.3,0.0,0.0,0.0,0.0,0.0,0.0,0.02777,0,0,0.46458,-4.35999,1.49403,0.0,1.0,0.0,0.0,0.0,0.0
2dtfpaz7n6wrx0gnjh5e_0001,0.027777777777777776,1,36	-4.62932,-3.48666,10.73353,-0.90598,-0.86374,0.07907,1.45053,1.50108,0.79721,0.8354,165.59935,65.62644,34.55638,342.92209,0.3,0.3,0.0,0.0,0.0,0.0,0.0,0.0,0.02777,0,0,1.31095,-3.87999,0.75073,0.0,0.0,0.0,0.0,0.0,0.0
ul3ekwt78x74h2r6m5_0014,0.027777777777777776,1,36	-4.62932,-3.48666,12.49588,-0.79496,-0.68382,4.15473,2.21824,1.16317,1.11626,0.78221,179.95216,65.1169,36.13131,20.80033,0.3,0.3,0.0,0.0,0.0,0.0,0.0,0.0,0.02777,0,0,0.48362,-6.88,1.60467,0.0,1.0,1.0,0.0,0.0,0.0
2dg7blwpyp5fkt449c8x_0002,0.027777777777777776,1,36	-4.62932,-3.48666,9.56153,-0.84195,-0.97667,-2.79601,1.3149,0.85957,1.03085,0.81058,179.95877,71.01399,29.06501,335.58336,0.3,0.3,0.0,0.0,0.0,0.0,0.0,0.0,0.02777,0,0,0.53415,-3.91999,1.10403,0.0,0.0,1.0,2.0,0.0,0.0
8jbrjvylyk6r2wesbln_0001,0.027777777777777776,1,36	-4.62932,-3.48666,10.80588,-0.69173,-1.00461,-2.49898,2.66432,1.47233,1.21966,0.88979,185.1875,67.94534,333.1677,326.74695,0.3,0.3,0.0,0.0,0.0,0.0,0.0,0.0,0.02777,0,0,0.60078,-4.33999,1.39428,0.0,1.0,0.0,2.0,0.0,0.0
2dp3cwv6nuwi0zhw8c9y_0002,0.027777777777777776,1,36	-4.62932,-3.48666,9.0401,-0.84862,-0.97591,3.56265,1.46517,1.42908,0.847,0.62942,174.95222,58.18094,20.35965,335.2414,0.3,0.3,0.0,0.0,0.0,0.0,0.0,0.0,0.02777,0,0,0.71903,-3.77999,1.07192,0.0,1.0,1.0,1.0,0.0,0.0
2dp3cwv6nuwi0zhw8c9y_0003,0.027777777777777776,1,36	-4.62932,-3.48666,8.53665,-0.7773,-1.04767,3.56265,1.60488,1.42476,0.98179,0.62182,176.93944,71.08069,337.85444,335.44237,0.3,0.3,0.0,0.0,0.0,0.0,0.0,0.0,0.02777,0,0,0.40995,-3.63999,1.49459,0.0,1.0,1.0,0.0,0.0,0.0
2efp2yqu4tl5uc6rhjdd_0006,0.02702702702702703,1,37	-4.62932,-3.48666,11.55757,-0.62025,-0.75777,-2.32697,2.0227,0.91934,1.29461,0.44551,162.59663,70.70013,326.78861,336.25241,0.3,0.3,0.0,0.0,0.0,0.0,0.0,0.0,0.02702,0,0,0.98472,-5.35999,0.95386,0.0,0.0,0.0,0.0,0.0,0.0
2fgsgzls1wnvcuh2enbj_0003,0.02702702702702703,1,37	-4.62932,-3.48666,12.2496,-0.8933,-0.77353,0.29917,2.6288,0.93198,1.21077,0.70778,181.18393,65.78775,326.58411,340.29573,0.3,0.3,0.0,0.0,0.0,0.0,0.0,0.0,0.02702,0,0,0.55718,-3.65999,1.22554,0.0,0.0,1.0,0.0,0.0,0.0
8qq8w8xaf6wu855q08h_0007,0.02702702702702703,1,37	-4.62932,-3.48666,6.91263,-0.96214,-1.13743,-2.11413,2.5306,1.25711,0.94832,0.50191,177.29058,66.16158,27.17942,214.16465,0.3,0.3,0.0,0.0,0.0,0.0,0.0,0.0,0.02702,0,0,0.74328,-3.13999,1.19111,0.0,0.0,0.0,0.0,0.0,0.0
8h76cfvrh80ljgks0j3_0000,0.02702702702702703,1,37	-4.62932,-3.48666,7.28976,-1.10737,-1.01178,-1.65365,2.03004,1.11361,1.15509,0.69565,164.47595,66.53996,25.19589,30.25459,0.3,0.3,0.0,0.0,0.0,0.0,0.0,0.0,0.02702,0,0,0.63021,-2.97999,1.16111,0.0,1.0,1.0,2.0,0.0,0.0
8mglp36681l5a5zucay_0001,0.02702702702702703,1,37	-4.62932,-3.48666,8.77457,-1.069,-1.02742,3.8004,1.55329,0.73859,0.82755,0.73504,166.32197,66.17655,339.31259,334.61982,0.3,0.3,0.0,0.0,0.0,0.0,0.0,0.0,0.02702,0,0,1.18318,-4.07999,0.7605,0.0,0.0,0.0,0.0,0.0,0.0
2e7bhhw66peneq3e79w8_0001,0.0,0,38	-4.62932,-3.48666,7.9669,-0.80813,-0.97021,3.41608,1.85456,1.45541,0.89719,0.72155,174.64627,72.32054,34.41603,211.79219,0.3,0.3,0.0,0.0,0.0,0.0,0.0,0.0,0.0,0,0,1.00957,-3.89999,0.98114,0.0,0.0,1.0,1.0,0.0,0.0
2fgsgzls1wnvcuh2enbj_0005,0.0,0,37	-4.62932,-3.48666,6.43838,-1.01976,-1.11001,0.29917,2.57032,1.59885,1.24847,0.63219,164.75143,64.33175,21.97812,18.75815,0.3,0.3,0.0,0.0,0.0,0.0,0.0,0.0,0.0,0,0,0.61565,-2.87999,1.36344,0.0,0.0,1.0,0.0,0.0,0.0
8ij629t93m87qurgsm9_0006,0.0,0,37	-4.62932,-3.48666,10.80588,-0.72025,-1.04767,3.62965,2.44128,1.26623,1.24778,0.80795,165.6875,77.1875,306.3354,326.45962,0.3,0.3,0.0,0.0,0.0,0.0,0.0,0.0,0.0,0,0,0.50418,-4.31999,1.46117,0.0,1.0,1.0,0.0,0.0,0.0
8ns7jcgd5gwzjhnsfue_0003,0.0,0,36	-4.62932,-3.48666,10.03869,-0.99197,-0.93415,-4.42892,2.6471,0.86975,0.8831,0.81679,178.17232,71.98828,321.28207,17.94071,0.3,0.3,0.0,0.0,0.0,0.0,0.0,0.0,0.0,0,0,0.30554,-2.97999,1.65002,0.0,0.0,1.0,0.0,0.0,0.0
8qq8w8xaf6wu855q08h_0000,0.0,0,36	-4.62932,-3.48666,10.80588,-0.70059,-0.93338,3.70917,1.97944,1.17525,1.31413,0.77736,178.6693,67.94534,327.85396,326.74695,0.3,0.3,0.0,0.0,0.0,0.0,0.0,0.0,0.0,0,0,0.56979,-4.41999,1.27573,0.0,1.0,1.0,1.0,0.0,0.0
8k3cs6zoehfn4qoyqug_0001,0.0,0,36	-4.62932,-3.48666,13.48654,-0.83144,-0.44801,-4.00724,1.93273,1.5425,1.1524,0.42212,162.69729,70.16881,214.4181,326.82942,0.3,0.3,0.0,0.0,0.0,0.0,0.0,0.0,0.0,0,0,1.65566,-5.13999,0.72622,0.0,0.0,0.0,0.0,0.0,0.0
8h76cfvrh80ljgks0j3_0009,0.0,0,36	-4.62932,-3.48666,10.80588,-0.70059,-0.93338,-4.4196,2.05351,1.37851,1.11324,0.66841,178.6693,67.94534,327.85396,326.74695,0.3,0.3,0.0,0.0,0.0,0.0,0.0,0.0,0.0,0,0,0.63267,-4.39999,1.24896,0.0,1.0,1.0,0.0,0.0,0.0
8ij629t93m87qurgsm9_0008,0.0,0,36	-4.62932,-3.48666,9.00001,-0.77467,-0.91737,3.62965,2.42954,1.22926,0.8513,0.42051,167.25558,70.41922,338.59797,201.32425,0.3,0.3,0.0,0.0,0.0,0.0,0.0,0.0,0.0,0,0,1.55137,-4.53999,0.81526,0.0,0.0,1.0,0.0,0.0,0.0
2e7bhhw66peneq3e79w8_0000,0.0,0,36	-4.62932,-3.48666,8.74475,-1.06434,-1.10414,3.41608,1.67144,1.90111,0.79651,0.67535,177.48199,64.46748,321.36992,197.11901,0.3,0.3,0.0,0.0,0.0,0.0,0.0,0.0,0.0,0,0,1.74557,-3.33999,0.69797,0.0,0.0,1.0,1.0,0.0,0.0
8jykodzjvwvb8w6uxza_0000,0.0,0,36	-4.62932,-3.48666,13.19077,-0.65166,-0.37846,-2.72418,1.57784,1.496,1.30149,0.80802,165.7607,60.12015,328.73003,338.4027,0.3,0.3,0.0,0.0,0.0,0.0,0.0,0.0,0.0,0,0,1.24826,-5.9,0.84348,0.0,0.0,0.0,0.0,0.0,0.0
8kv8hr842f7y0aeeag7_0000,0.0,0,36	-4.62932,-3.48666,8.90005,-0.84623,-0.85627,4.21788,1.72823,1.21828,0.9189,0.72841,166.19576,62.34573,322.56513,203.75278,0.3,0.3,0.0,0.0,0.0,0.0,0.0,0.0,0.0,0,0,0.96405,-5.19999,1.01423,0.0,0.0,1.0,0.0,0.0,0.0
2dp3cwv6nuwi0zhw8c9y_0001,0.0,0,36	-4.62932,-3.48666,8.53665,-0.97698,-1.13378,3.56265,2.03981,1.35342,0.98179,0.62182,176.93944,71.08069,337.85444,335.44237,0.3,0.3,0.0,0.0,0.0,0.0,0.0,0.0,0.0,0,0,1.01871,-3.47999,0.93698,0.0,1.0,1.0,1.0,0.0,0.0
8h76cfvrh80ljgks0j3_0022,0.0,0,35	-4.62932,-3.48666,8.11946,-1.05139,-0.85885,-3.06511,1.63187,0.70846,0.98702,0.70811,176.39226,77.05943,338.10193,327.02281,0.3,0.3,0.0,0.0,0.0,0.0,0.0,0.0,0.0,0,0,1.47322,-3.53999,0.66208,0.0,0.0,0.0,0.0,0.0,0.0
