1uqzbic8idl1vwvu483p_0015,0.8421052631578947,32,38	-0.89489,0.7566,-2.45976,-0.62975,-0.11424,-1.56026,0.41579,0.25589,0.33321,0.49565,9.99527,29.12812,246.9911,300.08676,0.3,0.3,0.0,0.0,0.0,0.0,0.0,0.0,0.84210,0,0,0.52492,-1.46,0.79793,0.0,0.0,1.0,1.0,0.0,0.0
1wffr3b0kijtsgvq9av7_0021,0.7631578947368421,29,38	-0.89489,0.7566,-4.46815,-0.60108,0.18811,-0.50143,0.52696,0.11864,0.47414,0.54615,14.88767,38.13582,54.37364,64.50718,0.3,0.3,0.0,0.0,0.0,0.0,0.0,0.0,0.76315,0,0,0.09158,-5.27999,2.89948,0.0,0.0,1.0,0.0,0.0,0.0
1uqzbic8idl1vwvu483p_0002,0.7567567567567568,28,37	-0.89489,0.7566,-1.13808,-1.11254,-0.10441,-2.18489,0.45355,0.28501,0.49184,0.72265,12.03972,42.77367,308.53606,296.98073,0.3,0.3,0.0,0.0,0.0,0.0,0.0,0.0,0.75675,0,0,0.4437,-0.57999,0.80435,0.0,1.0,1.0,3.0,0.0,0.0
1uqzbic8idl1vwvu483p_0029,0.7567567567567568,28,37	-0.89489,0.7566,1.25354,-0.69199,-0.19701,2.15835,0.52977,0.13942,0.42739,0.67271,8.77661,35.89229,299.21043,65.19949,0.3,0.3,0.0,0.0,0.0,0.0,0.0,0.0,0.75675,0,0,0.45308,-0.84,0.88018,0.0,0.0,1.0,1.0,0.0,0.0
1w5z1evvscdezrezmpj7_0012,0.75,27,36	-0.89489,0.7566,-2.28297,-0.85114,-0.25744,-2.1097,0.46212,0.12013,0.52739,0.72544,3.9608,32.6209,114.3179,299.38093,0.3,0.3,0.0,0.0,0.0,0.0,0.0,0.0,0.75,0,0,0.25059,-0.98,0.95881,0.0,0.0,0.0,0.0,0.0,0.0
1uqzbic8idl1vwvu483p_0019,0.75,27,36	-0.89489,0.7566,-2.92929,-0.79475,-0.00771,-2.18489,0.50084,0.2978,0.45846,0.66171,11.2876,38.11599,63.39696,305.48109,0.3,0.3,0.0,0.0,0.0,0.0,0.0,0.0,0.75,0,0,0.65492,-1.36,0.6977,0.0,0.0,1.0,1.0,0.0,0.0
6gw7yo9sgkbtmcghagc_0002,0.7222222222222222,26,36	-0.89489,0.7566,-1.51981,-1.11301,-0.09852,-0.2208,0.52187,0.16845,0.43591,0.68588,15.21786,43.00646,244.8233,49.90208,0.3,0.3,0.0,0.0,0.0,0.0,0.0,0.0,0.72222,0,0,0.17444,-0.55999,1.83275,0.0,0.0,1.0,1.0,0.0,0.0
1uqzbic8idl1vwvu483p_0060,0.7115384615384616,74,104	-0.89489,0.7566,-3.47234,-0.13514,0.55414,-1.56026,0.55991,0.1124,0.45233,0.54092,10.97188,29.80388,123.76274,57.12943,0.3,0.3,0.0,0.0,0.0,0.0,0.0,0.0,0.71153,0,0,0.78994,-2.45999,0.68282,0.0,0.0,1.0,0.0,0.0,0.0
6spotrbuo65gt933t18_0001,0.7105263157894737,27,38	-0.89489,0.7566,-1.81594,-0.61116,-0.15551,-1.40747,0.38318,0.13204,0.44233,0.66436,2.65798,31.57996,119.89154,303.7901,0.3,0.3,0.0,0.0,0.0,0.0,0.0,0.0,0.71052,0,0,0.406,-1.26,0.84982,0.0,1.0,1.0,1.0,0.0,0.0
1uqzbic8idl1vwvu483p_0005,0.7027027027027027,26,37	-0.89489,0.7566,-2.81466,-0.28575,0.23479,-2.18489,0.33945,0.25433,0.3187,0.64868,11.71124,29.54986,118.93823,238.13812,0.3,0.3,0.0,0.0,0.0,0.0,0.0,0.0,0.70270,0,0,0.52763,-1.2,0.6532,0.0,0.0,1.0,2.0,0.0,0.0
6jjj20wuu5hq3raysvq_0019,0.6857142857142857,24,35	-0.89489,0.7566,-1.2218,-0.75365,-0.03953,-2.00746,0.36078,0.14043,0.43743,0.73432,11.38386,37.21393,229.15226,296.22686,0.3,0.3,0.0,0.0,0.0,0.0,0.0,0.0,0.68571,0,0,0.85126,-1.42,0.65492,0.0,0.0,1.0,0.0,0.0,0.0
6stzx5er2t0d3vfwbjj_0003,0.6842105263157895,26,38	-0.89489,0.7566,-2.76157,-0.21418,0.58336,-1.40747,0.38649,0.11377,0.34694,0.75603,5.68034,26.52037,131.00949,61.51467,0.3,0.3,0.0,0.0,0.0,0.0,0.0,0.0,0.68421,0,0,0.02502,0.0,3.03414,0.0,0.0,1.0,0.0,0.0,0.0
1vzw2prdc7np7dzv7591_0000,0.638095238095238,67,105	-0.89489,0.7566,-2.61146,-0.83865,-0.36327,-1.79472,0.51513,0.27306,0.30949,0.7403,7.91644,42.80034,115.71619,304.2272,0.3,0.3,0.0,0.0,0.0,0.0,0.0,0.0,0.63809,0,0,0.26036,-1.32,1.18627,0.0,0.0,0.0,0.0,0.0,0.0
1tb6wa3qabe4um1vawil_0000,0.631578947368421,24,38	-0.89489,0.7566,-2.18572,-0.91793,-0.00582,-1.26388,0.44842,0.20629,0.50799,0.57099,1.3716,32.58347,55.72561,304.31749,0.3,0.3,0.0,0.0,0.0,0.0,0.0,0.0,0.63157,0,0,0.53594,-1.0,0.69089,0.0,0.0,0.0,0.0,0.0,0.0
6ot6xua7grmguilelml_0006,0.6285714285714286,22,35	-0.89489,0.7566,-2.07529,-0.75276,-0.16632,-2.42378,0.51226,0.26346,0.31452,0.46013,14.0819,36.94407,121.39439,305.08145,0.3,0.3,0.0,0.0,0.0,0.0,0.0,0.0,0.62857,0,0,0.48647,-1.08,0.83587,0.0,0.0,0.0,0.0,0.0,0.0
1uqzbic8idl1vwvu483p_0008,0.6285714285714286,22,35	-0.89489,0.7566,-0.7048,-0.81113,0.3677,-2.18489,0.57505,0.32437,0.4013,0.64277,2.14534,26.2372,306.42803,245.44941,0.3,0.3,0.0,0.0,0.0,0.0,0.0,0.0,0.62857,0,0,1.09855,-0.63999,0.6148,0.0,1.0,1.0,2.0,0.0,0.0
1w6ji4anl8v27dd3lo0m_0002,0.6216216216216216,23,37	-0.89489,0.7566,-2.82528,-0.39054,0.83561,-1.40747,0.34835,0.14166,0.38481,0.53417,14.98606,31.2828,306.1157,63.56601,0.3,0.3,0.0,0.0,0.0,0.0,0.0,0.0,0.62162,0,0,0.49569,-1.7,0.71191,0.0,1.0,0.0,0.0,0.0,0.0
1uqzbic8idl1vwvu483p_0006,0.6111111111111112,22,36	-0.89489,0.7566,-6.22621,-0.18471,0.37154,-2.18489,0.3867,0.2792,0.36728,0.70082,3.75633,36.2447,49.78048,52.13137,0.3,0.3,0.0,0.0,0.0,0.0,0.0,0.0,0.61111,0,0,1.57867,-2.65999,0.39088,0.0,0.0,1.0,2.0,0.0,0.0
6me1akuyqypr7w1ylx3_0022,0.6111111111111112,22,36	-0.89489,0.7566,-1.79348,-0.93429,-0.17282,-1.37081,0.54764,0.30201,0.30595,0.55431,18.9527,39.54027,111.76504,292.74705,0.3,0.3,0.0,0.0,0.0,0.0,0.0,0.0,0.61111,0,0,0.58417,-1.04,0.82383,0.0,0.0,0.0,0.0,0.0,0.0
6s68gnovt70zqcvsiio_0004,0.6057692307692307,63,104	-0.89489,0.7566,-3.43583,-0.63926,-0.05655,-2.70236,0.37185,0.17417,0.36633,0.75344,3.5625,44.3125,254.90683,295.15527,0.3,0.3,0.0,0.0,0.0,0.0,0.0,0.0,0.60576,0,0,0.35353,-1.48,0.7776,0.0,1.0,1.0,0.0,0.0,0.0
6gw7yo9sgkbtmcghagc_0004,0.6052631578947368,23,38	-0.89489,0.7566,-1.40529,-1.0292,0.30389,-0.2208,0.49932,0.25316,0.34735,0.52147,11.08895,24.18628,299.32162,57.44008,0.3,0.3,0.0,0.0,0.0,0.0,0.0,0.0,0.60526,0,0,0.08766,0.0,1.85245,0.0,0.0,1.0,0.0,0.0,0.0
6mj38kfmwyifose3mdl_0004,0.6,21,35	-0.89489,0.7566,-0.8591,-0.79224,0.00431,-1.1566,0.38478,0.24308,0.35459,0.52616,19.85479,24.64784,64.29572,302.66692,0.3,0.3,0.0,0.0,0.0,0.0,0.0,0.0,0.6,0,0,0.84225,-0.9,0.66573,0.0,0.0,0.0,0.0,0.0,0.0
1uqzbic8idl1vwvu483p_0011,0.6,21,35	-0.89489,0.7566,-1.13808,-1.11254,-0.10441,-2.18489,0.45355,0.28501,0.49184,0.72265,12.03972,42.77367,308.53606,296.98073,0.3,0.3,0.0,0.0,0.0,0.0,0.0,0.0,0.6,0,0,0.4437,-0.57999,0.80435,0.0,1.0,1.0,1.0,0.0,0.0
1w5z1evvscdezrezmpj7_0006,0.5945945945945946,22,37	-0.89489,0.7566,-3.24324,-0.44429,0.29012,-2.4594,0.40626,0.32203,0.33759,0.63048,0.96841,28.65529,125.39709,124.00564,0.3,0.3,0.0,0.0,0.0,0.0,0.0,0.0,0.59459,0,0,0.17533,-6.46,2.49581,0.0,0.0,1.0,0.0,0.0,0.0
6jjj20wuu5hq3raysvq_0007,0.5833333333333334,21,36	-0.89489,0.7566,-1.49596,-1.12656,0.10367,-1.94228,0.48029,0.31286,0.52117,0.4278,15.06434,25.55463,63.02967,309.11185,0.3,0.3,0.0,0.0,0.0,0.0,0.0,0.0,0.58333,0,0,1.06866,-0.9,0.57081,0.0,0.0,1.0,0.0,0.0,0.0
6s68gnovt70zqcvsiio_0003,0.5789473684210527,22,38	-0.89489,0.7566,-1.81594,-0.87811,-0.2262,-2.70236,0.40311,0.22471,0.44233,0.66436,0.5625,39.0625,76.02484,292.91925,0.3,0.3,0.0,0.0,0.0,0.0,0.0,0.0,0.57894,0,0,0.38329,-1.14,0.9305,0.0,1.0,1.0,0.0,0.0,0.0
1w6ji4anl8v27dd3lo0m_0000,0.5555555555555556,20,36	-0.89489,0.7566,-1.81594,-0.6745,0.08251,-1.40747,0.38318,0.13204,0.44233,0.66436,2.65798,31.57996,119.89154,303.7901,0.3,0.3,0.0,0.0,0.0,0.0,0.0,0.0,0.55555,0,0,0.94201,-1.26,0.53602,0.0,1.0,1.0,0.0,0.0,0.0
1uqzbic8idl1vwvu483p_0001,0.5555555555555556,20,36	-0.89489,0.7566,-1.13808,-1.11254,-0.10441,-2.18489,0.45355,0.28501,0.49184,0.72265,12.03972,42.77367,308.53606,296.98073,0.3,0.3,0.0,0.0,0.0,0.0,0.0,0.0,0.55555,0,0,0.4437,-0.57999,0.80435,0.0,0.0,1.0,3.0,0.0,0.0
1ukeoutdroaip91je5el_0012,0.5555555555555556,20,36	-0.89489,0.7566,-6.00665,-0.3294,0.03606,-0.67,0.39288,0.16015,0.32821,0.68774,13.43214,36.4311,113.26148,293.43268,0.3,0.3,0.0,0.0,0.0,0.0,0.0,0.0,0.55555,0,0,0.57558,-2.47999,0.59809,0.0,0.0,1.0,0.0,0.0,0.0
1wffr3b0kijtsgvq9av7_0008,0.5526315789473685,21,38	-0.89489,0.7566,-1.04503,-0.99873,-0.18325,-0.50143,0.5065,0.18584,0.42525,0.54272,18.14657,27.54511,243.22735,58.98487,0.3,0.3,0.0,0.0,0.0,0.0,0.0,0.0,0.55263,0,0,0.39997,-1.12,1.23305,0.0,0.0,1.0,1.0,0.0,0.0
1uqzbic8idl1vwvu483p_0004,0.5428571428571428,19,35	-0.89489,0.7566,-3.68878,-0.1373,0.65026,-2.18489,0.50784,0.22432,0.38114,0.47694,3.42812,41.74907,230.92991,53.23217,0.3,0.3,0.0,0.0,0.0,0.0,0.0,0.0,0.54285,0,0,0.66228,-1.88,0.6907,0.0,0.0,1.0,2.0,0.0,0.0
1uqzbic8idl1vwvu483p_0061,0.5405405405405406,20,37	-0.89489,0.7566,-1.71013,-0.42123,-0.22437,-1.56026,0.44177,0.28622,0.4692,0.53124,16.6136,38.92638,117.07913,297.05287,0.3,0.3,0.0,0.0,0.0,0.0,0.0,0.0,0.54054,0,0,0.55173,-1.42,0.9105,0.0,0.0,1.0,0.0,0.0,0.0
1tb6wa3qabe4um1vawil_0001,0.5384615384615384,56,104	-0.89489,0.7566,-4.17366,-0.70916,0.13583,-2.21025,0.46309,0.18732,0.38865,0.47268,18.2961,37.19197,309.73192,310.89216,0.3,0.3,0.0,0.0,0.0,0.0,0.0,0.0,0.53846,0,0,0.57703,-2.07999,0.69868,0.0,0.0,0.0,0.0,0.0,0.0
1tmcs84luamkvot9u4sy_0000,0.5288461538461539,55,104	-0.89489,0.7566,-3.89394,-0.70951,0.07068,-1.40747,0.38487,0.13206,0.44233,0.66436,2.65798,31.57996,119.89154,303.7901,0.3,0.3,0.0,0.0,0.0,0.0,0.0,0.0,0.52884,0,0,0.24512,-2.67999,1.13195,0.0,1.0,0.0,0.0,0.0,0.0
6uc82exva0kgb60au1y_0036,0.5277777777777778,19,36	-0.89489,0.7566,-3.0215,-0.05704,0.42784,-0.7694,0.379,0.18873,0.4186,0.75748,16.59843,38.10048,119.8967,300.77062,0.3,0.3,0.0,0.0,0.0,0.0,0.0,0.0,0.52777,0,0,0.85375,-3.17999,0.68589,0.0,0.0,0.0,0.0,0.0,0.0
1uqzbic8idl1vwvu483p_0016,0.5277777777777778,19,36	-0.89489,0.7566,-0.7048,-0.81113,0.3677,-1.56026,0.32073,0.30173,0.4013,0.64277,2.14534,26.2372,306.42803,245.44941,0.3,0.3,0.0,0.0,0.0,0.0,0.0,0.0,0.52777,0,0,0.7221,-0.63999,0.64733,0.0,0.0,1.0,1.0,0.0,0.0
1uqzbic8idl1vwvu483p_0026,0.5277777777777778,19,36	-0.89489,0.7566,-5.23574,-0.26097,0.35324,-2.18489,0.33264,0.14672,0.43841,0.40781,2.47556,33.96321,235.17308,125.35411,0.3,0.3,0.0,0.0,0.0,0.0,0.0,0.0,0.52777,0,0,3.47855,-2.35999,0.22861,0.0,0.0,1.0,1.0,0.0,0.0
1wffr3b0kijtsgvq9av7_0005,0.5277777777777778,19,36	-0.89489,0.7566,-1.09844,-0.92121,0.11189,-0.50143,0.18398,0.21727,0.31287,0.7082,17.62389,24.35211,233.75458,299.51829,0.3,0.3,0.0,0.0,0.0,0.0,0.0,0.0,0.52777,0,0,0.49421,-0.78,0.64137,0.0,0.0,1.0,1.0,0.0,0.0
6hs15q5mm4l90vtiz8i_0000,0.5142857142857142,18,35	-0.89489,0.7566,-2.86818,-0.69376,0.05663,-1.40747,0.47134,0.11901,0.34483,0.53147,2.57811,30.60771,125.13668,312.23286,0.3,0.3,0.0,0.0,0.0,0.0,0.0,0.0,0.51428,0,0,0.65241,-1.32,0.60346,0.0,0.0,1.0,1.0,0.0,0.0
1wffr3b0kijtsgvq9av7_0022,0.5,19,38	-0.89489,0.7566,-2.24263,-0.97381,-0.04376,-0.50143,0.39369,0.1346,0.44854,0.42976,11.42503,28.35008,119.22619,49.08023,0.3,0.3,0.0,0.0,0.0,0.0,0.0,0.0,0.5,0,0,0.27531,-1.6,1.09895,0.0,0.0,1.0,0.0,0.0,0.0
1uqzbic8idl1vwvu483p_0043,0.5,18,36	-0.89489,0.7566,-3.14039,-0.44891,-0.03046,-1.65055,0.52038,0.24802,0.36045,0.46515,6.82946,38.74788,58.7791,307.96225,0.3,0.3,0.0,0.0,0.0,0.0,0.0,0.0,0.5,0,0,0.74187,-1.68,0.67709,0.0,0.0,1.0,0.0,0.0,0.0
1ukeoutdroaip91je5el_0010,0.5,18,36	-0.89489,0.7566,-2.81005,-0.75414,0.23968,-1.07054,0.19447,0.15719,0.43983,0.532,5.91207,25.39994,125.34022,54.37156,0.3,0.3,0.0,0.0,0.0,0.0,0.0,0.0,0.5,0,0,0.25126,-2.33999,1.00524,0.0,0.0,1.0,0.0,0.0,0.0
1uqzbic8idl1vwvu483p_0022,0.4864864864864865,18,37	-0.89489,0.7566,-2.12914,-0.61218,0.03282,-1.65055,0.5636,0.12616,0.36695,0.39653,7.36871,38.41023,310.22296,303.23796,0.3,0.3,0.0,0.0,0.0,0.0,0.0,0.0,0.48648,0,0,0.75928,-1.16,0.63274,0.0,0.0,1.0,1.0,0.0,0.0
1uqzbic8idl1vwvu483p_0047,0.4864864864864865,18,37	-0.89489,0.7566,-1.00538,-0.61082,0.27425,-1.65055,0.31294,0.14856,0.42487,0.66347,18.4486,40.39525,57.79226,234.10135,0.3,0.3,0.0,0.0,0.0,0.0,0.0,0.0,0.48648,0,0,0.06913,0.0,1.56922,0.0,0.0,1.0,0.0,0.0,0.0
6me1akuyqypr7w1ylx3_0015,0.4722222222222222,17,36	-0.89489,0.7566,-1.04454,-0.97322,-0.33984,0.50945,0.53927,0.30082,0.34976,0.74621,10.05363,24.15875,301.40593,53.56955,0.3,0.3,0.0,0.0,0.0,0.0,0.0,0.0,0.47222,0,0,0.60489,-0.98,0.94394,0.0,0.0,1.0,0.0,0.0,0.0
1uqzbic8idl1vwvu483p_0021,0.46153846153846156,48,104	-0.89489,0.7566,-3.7206,-0.53948,-0.04003,-1.65055,0.55676,0.24412,0.31492,0.4416,10.32764,30.33956,129.74595,296.36133,0.3,0.3,0.0,0.0,0.0,0.0,0.0,0.0,0.46153,0,0,0.38488,-3.89999,1.25141,0.0,0.0,1.0,1.0,0.0,0.0
1uqzbic8idl1vwvu483p_0072,0.4594594594594595,17,37	-0.89489,0.7566,-5.88,-0.11979,0.26271,-2.18489,0.19121,0.21733,0.40922,0.716,15.78481,43.26151,50.11015,246.33712,0.3,0.3,0.0,0.0,0.0,0.0,0.0,0.0,0.45945,0,0,0.01443,0.0,6.00892,0.0,0.0,1.0,0.0,0.0,0.0
1w6ji4anl8v27dd3lo0m_0001,0.4444444444444444,16,36	-0.89489,0.7566,-1.54795,-0.25444,0.062,-1.40747,0.52064,0.18354,0.46368,0.62563,1.62303,38.11687,243.01329,237.81032,0.3,0.3,0.0,0.0,0.0,0.0,0.0,0.0,0.44444,0,0,0.71312,-1.2,0.74793,0.0,1.0,1.0,0.0,0.0,0.0
6hs15q5mm4l90vtiz8i_0003,0.43243243243243246,16,37	-0.89489,0.7566,-1.63902,-0.116,0.12347,-1.40747,0.48184,0.18903,0.46806,1.02837,10.6965,38.51965,283.07692,226.15384,0.3,0.3,0.0,0.0,0.0,0.0,0.0,0.0,0.43243,0,0,0.61124,-1.28,0.80155,0.0,1.0,0.0,0.0,0.0,0.0
1w5z1evvscdezrezmpj7_0011,0.43243243243243246,16,37	-0.89489,0.7566,-5.20231,-0.08007,0.28702,-0.74746,0.41154,0.18997,0.38942,0.3954,17.72876,36.68382,121.10316,66.43769,0.3,0.3,0.0,0.0,0.0,0.0,0.0,0.0,0.43243,0,0,0.84431,-5.73999,0.70559,0.0,0.0,0.0,0.0,0.0,0.0
1wcezsfdojvkprqzgac1_0002,0.42857142857142855,15,35	-0.89489,0.7566,-1.8573,-0.6553,-0.0311,-1.53911,0.56773,0.26731,0.47269,0.53338,9.36091,25.34234,293.72889,306.94217,0.3,0.3,0.0,0.0,0.0,0.0,0.0,0.0,0.42857,0,0,0.85242,-2.35999,0.85128,0.0,0.0,1.0,0.0,0.0,0.0
6stzx5er2t0d3vfwbjj_0000,0.4166666666666667,15,36	-0.89489,0.7566,-4.92918,-0.18176,0.3794,-1.40747,0.29104,0.26657,0.35718,0.66707,17.36942,36.08377,236.4436,122.44301,0.3,0.3,0.0,0.0,0.0,0.0,0.0,0.0,0.41666,0,0,0.95132,-2.0,0.45931,0.0,0.0,1.0,1.0,0.0,0.0
6jjj20wuu5hq3raysvq_0021,0.40540540540540543,15,37	-0.89489,0.7566,-4.68849,-0.16614,0.06752,-2.00746,0.26742,0.10536,0.52974,0.61021,15.67765,31.90358,228.8698,235.79047,0.3,0.3,0.0,0.0,0.0,0.0,0.0,0.0,0.40540,0,0,5.40116,-4.87999,0.20811,0.0,0.0,1.0,1.0,0.0,0.0
1vk16l3ll5qvx1jjlstl_0007,0.4,14,35	-0.89489,0.7566,-3.00158,-0.3847,0.18005,-0.75624,0.40994,0.26408,0.36762,0.64282,5.08221,34.46165,239.5379,296.27386,0.3,0.3,0.0,0.0,0.0,0.0,0.0,0.0,0.4,0,0,0.03044,0.0,3.2574,0.0,0.0,1.0,0.0,0.0,0.0
1wcezsfdojvkprqzgac1_0006,0.4,14,35	-0.89489,0.7566,-6.31377,0.00203,0.12156,-1.94098,0.35558,0.20775,0.48768,0.73172,10.83788,41.02017,65.31636,62.26357,0.3,0.3,0.0,0.0,0.0,0.0,0.0,0.0,0.4,0,0,0.48497,-3.87999,0.77671,0.0,0.0,0.0,0.0,0.0,0.0
1uqzbic8idl1vwvu483p_0037,0.3888888888888889,14,36	-0.89489,0.7566,-2.25636,-0.58167,1.06796,-2.6225,0.37365,0.15394,0.52097,0.67735,4.27269,37.29514,122.82396,65.47519,0.3,0.3,0.0,0.0,0.0,0.0,0.0,0.0,0.38888,0,0,1.17881,-0.88,0.38502,0.0,0.0,1.0,0.0,0.0,0.0
6spotrbuo65gt933t18_0002,0.3888888888888889,14,36	-0.89489,0.7566,-6.60385,-0.44256,0.05655,-1.40747,0.37185,0.19663,0.47964,1.02168,15.50132,23.6875,248.27598,51.42857,0.3,0.3,0.0,0.0,0.0,0.0,0.0,0.0,0.38888,0,0,0.29652,-4.33999,1.04096,0.0,1.0,1.0,0.0,0.0,0.0
1up7wiivhcnwx06ynzx5_0002,0.3783783783783784,14,37	-0.89489,0.7566,-3.98557,-0.49876,0.09896,1.36523,0.28327,0.17277,0.44253,1.02168,18.0,21.4375,286.21118,286.21118,0.3,0.3,0.0,0.0,0.0,0.0,0.0,0.0,0.37837,0,0,0.86427,-2.15999,0.49366,0.0,1.0,1.0,1.0,0.0,0.0
1wffr3b0kijtsgvq9av7_0000,0.3783783783783784,14,37	-0.89489,0.7566,-1.29991,-0.74705,-0.13346,-0.50143,0.411,0.28711,0.46476,0.62865,14.11526,32.26463,64.34141,48.51567,0.3,0.3,0.0,0.0,0.0,0.0,0.0,0.0,0.37837,0,0,0.31806,-1.38,1.55923,0.0,0.0,1.0,2.0,0.0,0.0
1ukeoutdroaip91je5el_0000,0.37142857142857144,13,35	-0.89489,0.7566,-4.65159,-0.47738,0.12506,-0.67,0.35434,0.1093,0.30313,0.69173,7.88234,39.70057,59.05573,64.27684,0.3,0.3,0.0,0.0,0.0,0.0,0.0,0.0,0.37142,0,0,0.09125,-6.86,2.6317,0.0,0.0,1.0,2.0,0.0,0.0
6jjj20wuu5hq3raysvq_0015,0.3684210526315789,14,38	-0.89489,0.7566,-1.03907,-0.5123,0.32846,-2.00746,0.5298,0.10397,0.43525,0.69924,16.09769,43.96535,112.95316,230.57469,0.3,0.3,0.0,0.0,0.0,0.0,0.0,0.0,0.36842,0,0,0.18676,0.0,1.57364,0.0,0.0,1.0,0.0,0.0,0.0
6jjj20wuu5hq3raysvq_0009,0.3611111111111111,13,36	-0.89489,0.7566,-0.46033,-0.60484,0.68998,-1.94228,0.54821,0.28283,0.30664,0.58406,6.93916,37.55353,299.70772,231.59933,0.3,0.3,0.0,0.0,0.0,0.0,0.0,0.0,0.36111,0,0,0.54393,-0.44,0.81668,0.0,0.0,1.0,0.0,0.0,0.0
1uqzbic8idl1vwvu483p_0050,0.3611111111111111,13,36	-0.89489,0.7566,-2.1927,-1.11584,0.30425,0.0396,0.43082,0.26735,0.42638,0.61524,8.08128,29.08589,124.0842,66.8616,0.3,0.3,0.0,0.0,0.0,0.0,0.0,0.0,0.36111,0,0,0.15477,-1.46,1.87419,0.0,0.0,1.0,0.0,0.0,0.0
6me1akuyqypr7w1ylx3_0023,0.3611111111111111,13,36	-0.89489,0.7566,-1.07235,-0.50452,0.00186,-2.43169,0.4355,0.16124,0.38002,0.70834,10.09923,24.43608,66.0372,65.72367,0.3,0.3,0.0,0.0,0.0,0.0,0.0,0.0,0.36111,0,0,0.34319,0.0,1.5891,0.0,0.0,0.0,0.0,0.0,0.0
6spotrbuo65gt933t18_0003,0.3611111111111111,13,36	-0.89489,0.7566,-5.27099,-0.27803,0.46883,-1.40747,0.42381,0.25562,0.47747,0.57041,8.22833,40.15623,244.89813,296.36658,0.3,0.3,0.0,0.0,0.0,0.0,0.0,0.0,0.36111,0,0,1.09995,-2.81999,0.51835,0.0,0.0,1.0,0.0,0.0,0.0
1uqzbic8idl1vwvu483p_0031,0.35135135135135137,13,37	-0.89489,0.7566,-4.0622,-0.2207,0.61179,-0.80408,0.49259,0.21202,0.51635,0.63837,12.45554,25.58725,61.46149,67.11579,0.3,0.3,0.0,0.0,0.0,0.0,0.0,0.0,0.35135,0,0,0.85909,-2.05999,0.59079,0.0,1.0,1.0,0.0,0.0,0.0
1w9z97rbulqoxgltm3pb_0000,0.34285714285714286,12,35	-0.89489,0.7566,-2.19935,-0.90605,0.21816,-1.42372,0.544,0.10556,0.34352,0.47584,5.24968,26.12969,57.69339,294.08602,0.3,0.3,0.0,0.0,0.0,0.0,0.0,0.0,0.34285,0,0,1.23604,-1.34,0.49625,0.0,0.0,0.0,0.0,0.0,0.0
1uqzbic8idl1vwvu483p_0003,0.34285714285714286,12,35	-0.89489,0.7566,-4.0622,-0.2207,0.61179,-2.18489,0.49259,0.21202,0.51635,0.63837,12.45554,25.58725,61.46149,67.11579,0.3,0.3,0.0,0.0,0.0,0.0,0.0,0.0,0.34285,0,0,0.85909,-2.05999,0.59079,0.0,0.0,1.0,2.0,0.0,0.0
1vk16l3ll5qvx1jjlstl_0000,0.34210526315789475,13,38	-0.89489,0.7566,-1.61496,0.00671,0.10396,0.76011,0.44816,0.31668,0.3907,0.73315,0.66016,29.97617,294.46667,293.38745,0.3,0.3,0.0,0.0,0.0,0.0,0.0,0.0,0.34210,0,0,0.13856,0.0,2.0166,0.0,0.0,1.0,1.0,0.0,0.0
6q92tykreec5t7ylaa7_0001,0.34210526315789475,13,38	-0.89489,0.7566,-2.33054,-0.56243,0.21856,-0.0314,0.32995,0.11913,0.43892,0.66487,5.54946,31.71354,64.67885,244.70597,0.3,0.3,0.0,0.0,0.0,0.0,0.0,0.0,0.34210,0,0,0.43506,-0.96,0.61194,0.0,1.0,0.0,0.0,0.0,0.0
1wcezsfdojvkprqzgac1_0004,0.34210526315789475,13,38	-0.89489,0.7566,-0.9279,-0.83312,0.88446,-1.62509,0.44542,0.2071,0.35892,0.64301,16.28056,25.73482,116.10742,122.16947,0.3,0.3,0.0,0.0,0.0,0.0,0.0,0.0,0.34210,0,0,2.42127,-0.65999,0.3316,0.0,0.0,0.0,0.0,0.0,0.0
1w5z1evvscdezrezmpj7_0009,0.34210526315789475,13,38	-0.89489,0.7566,-0.79752,-0.99018,-0.78749,-1.82634,0.55025,0.24222,0.42217,0.75318,8.43332,28.00777,291.87259,302.93975,0.3,0.3,0.0,0.0,0.0,0.0,0.0,0.0,0.34210,0,0,0.32718,-0.49999,1.20785,0.0,0.0,0.0,0.0,0.0,0.0
6s68gnovt70zqcvsiio_0001,0.3333333333333333,12,36	-0.89489,0.7566,-1.81594,-0.6745,0.08251,-2.70236,0.38318,0.13204,0.44233,0.66436,0.5625,45.625,76.02484,301.86335,0.3,0.3,0.0,0.0,0.0,0.0,0.0,0.0,0.33333,0,0,0.94201,-1.26,0.53602,0.0,1.0,1.0,1.0,0.0,0.0
1uqzbic8idl1vwvu483p_0025,0.3333333333333333,12,36	-0.89489,0.7566,-0.65433,-0.37361,0.39967,-1.56026,0.25282,0.11084,0.48425,0.72879,3.51605,34.52873,295.52169,114.279,0.3,0.3,0.0,0.0,0.0,0.0,0.0,0.0,0.33333,0,0,0.18415,-0.42,0.94823,0.0,0.0,1.0,1.0,0.0,0.0
1uqzbic8idl1vwvu483p_0064,0.3333333333333333,12,36	-0.89489,0.7566,-1.93586,-0.38897,1.11597,-0.80408,0.47395,0.21091,0.42524,0.56489,6.23191,40.66633,307.00623,65.39545,0.3,0.3,0.0,0.0,0.0,0.0,0.0,0.0,0.33333,0,0,0.70979,-1.16,0.67579,0.0,0.0,1.0,0.0,0.0,0.0
1wffr3b0kijtsgvq9av7_0001,0.3333333333333333,12,36	-0.89489,0.7566,-0.83633,-0.68988,-0.18722,-0.50143,0.39694,0.31643,0.37606,0.48026,13.34568,29.68117,232.48501,303.64433,0.3,0.3,0.0,0.0,0.0,0.0,0.0,0.0,0.33333,0,0,0.64203,-0.88,0.84056,0.0,0.0,1.0,2.0,0.0,0.0
1ukeoutdroaip91je5el_0015,0.3333333333333333,12,36	-0.89489,0.7566,-1.95326,-1.06119,0.16192,-0.67,0.56827,0.16094,0.32627,0.64573,14.54109,36.68236,296.70258,292.75644,0.3,0.3,0.0,0.0,0.0,0.0,0.0,0.0,0.33333,0,0,0.41043,-1.58,1.07731,0.0,0.0,1.0,0.0,0.0,0.0
6spotrbuo65gt933t18_0004,0.3333333333333333,12,36	-0.89489,0.7566,-1.83095,-0.29969,0.16417,-1.40747,0.46934,0.19468,0.47284,0.73046,9.55879,25.73721,299.87218,236.86209,0.3,0.3,0.0,0.0,0.0,0.0,0.0,0.0,0.33333,0,0,1.19469,-1.36,0.54412,0.0,0.0,1.0,0.0,0.0,0.0
6uc82exva0kgb60au1y_0012,0.32432432432432434,12,37	-0.89489,0.7566,-1.47727,-1.12737,0.37746,0.32547,0.53771,0.32354,0.45221,0.57824,18.10977,34.17446,298.51788,59.0412,0.3,0.3,0.0,0.0,0.0,0.0,0.0,0.0,0.32432,0,0,0.25996,-0.94,1.58243,0.0,0.0,1.0,1.0,0.0,0.0
1uqzbic8idl1vwvu483p_0034,0.3142857142857143,11,35	-0.89489,0.7566,-1.6498,-0.37368,0.10951,-2.6225,0.26654,0.13621,0.41724,0.69872,1.07873,39.69753,63.06499,58.20447,0.3,0.3,0.0,0.0,0.0,0.0,0.0,0.0,0.31428,0,0,4.68205,-2.13999,0.24309,0.0,0.0,1.0,0.0,0.0,0.0
1uqzbic8idl1vwvu483p_0066,0.3142857142857143,11,35	-0.89489,0.7566,-0.45472,-0.71038,-0.67278,1.23256,0.3333,0.25879,0.52697,0.64484,8.8189,26.28415,245.54363,303.05161,0.3,0.3,0.0,0.0,0.0,0.0,0.0,0.0,0.31428,0,0,0.31765,-0.38,1.16906,0.0,0.0,1.0,0.0,0.0,0.0
1uqzbic8idl1vwvu483p_0051,0.3055555555555556,11,36	-0.89489,0.7566,-1.1301,-0.80818,0.93551,0.0396,0.51999,0.14407,0.37827,0.68435,0.68483,41.78541,117.77906,244.60869,0.3,0.3,0.0,0.0,0.0,0.0,0.0,0.0,0.30555,0,0,0.11053,0.0,1.63695,0.0,0.0,1.0,0.0,0.0,0.0
1wffr3b0kijtsgvq9av7_0025,0.3055555555555556,11,36	-0.89489,0.7566,-2.72716,-0.4695,0.54656,0.23705,0.43179,0.25229,0.35793,0.71436,16.89317,25.41577,118.73278,61.11434,0.3,0.3,0.0,0.0,0.0,0.0,0.0,0.0,0.30555,0,0,0.16828,-3.25999,2.2129,0.0,0.0,0.0,0.0,0.0,0.0
1uqzbic8idl1vwvu483p_0052,0.2972972972972973,11,37	-0.89489,0.7566,-2.37312,-0.39855,0.25118,0.0396,0.30754,0.1293,0.30925,0.64805,20.06172,33.41364,62.6966,238.96573,0.3,0.3,0.0,0.0,0.0,0.0,0.0,0.0,0.29729,0,0,0.31665,-0.94,0.70091,0.0,0.0,1.0,0.0,0.0,0.0
6me1akuyqypr7w1ylx3_0001,0.2857142857142857,10,35	-0.89489,0.7566,-3.58182,-0.60785,-0.00801,2.41263,0.46635,0.15308,0.39671,0.7251,14.02294,26.58005,58.7679,64.39748,0.3,0.3,0.0,0.0,0.0,0.0,0.0,0.0,0.28571,0,0,0.27305,-3.43999,1.32793,0.0,0.0,1.0,2.0,0.0,0.0
6uc82exva0kgb60au1y_0025,0.2777777777777778,10,36	-0.89489,0.7566,-0.75849,-0.89452,-0.03317,0.85774,0.52497,0.306,0.38627,0.58775,1.43423,38.94959,306.6875,53.26048,0.3,0.3,0.0,0.0,0.0,0.0,0.0,0.0,0.27777,0,0,0.76535,-1.36,0.9679,0.0,0.0,1.0,0.0,0.0,0.0
1mrqr7fny71cnu9x6tzq_0002,0.2777777777777778,10,36	-0.89489,0.7566,-6.60385,-0.36415,0.1075,1.83101,0.30411,0.09977,0.4857,0.60929,15.50132,24.05681,248.27598,57.3601,0.3,0.3,0.0,0.0,0.0,0.0,0.0,0.0,0.27777,0,0,0.47815,-4.41999,0.69326,0.0,1.0,1.0,0.0,0.0,0.0
1mrqr7fny71cnu9x6tzq_0004,0.2777777777777778,10,36	-0.89489,0.7566,-1.81594,-0.6745,0.08251,1.83101,0.52816,0.17698,0.44233,0.66436,2.65798,31.57996,119.89154,303.7901,0.3,0.3,0.0,0.0,0.0,0.0,0.0,0.0,0.27777,0,0,1.37659,-1.24,0.50117,0.0,1.0,1.0,0.0,0.0,0.0
6u9d5f4fy3fwcsq0ptz_0004,0.2777777777777778,10,36	-0.89489,0.7566,-1.19475,-1.04694,0.95929,2.70975,0.1785,0.10115,0.39341,0.65687,12.80792,36.67182,248.08718,301.41992,0.3,0.3,0.0,0.0,0.0,0.0,0.0,0.0,0.27777,0,0,0.05529,-0.08,1.66514,0.0,0.0,1.0,1.0,0.0,0.0
1uqzbic8idl1vwvu483p_0044,0.2777777777777778,10,36	-0.89489,0.7566,-1.30283,-0.55445,0.4856,-1.65055,0.25442,0.11252,0.35484,0.60218,2.0349,24.78654,231.22009,233.93361,0.3,0.3,0.0,0.0,0.0,0.0,0.0,0.0,0.27777,0,0,0.52699,-0.8,0.56529,0.0,0.0,1.0,0.0,0.0,0.0
6gw7yo9sgkbtmcghagc_0006,0.2702702702702703,10,37	-0.89489,0.7566,2.63846,0.1386,0.72821,-0.2208,0.43635,0.17183,0.49785,0.64689,11.69619,35.804,296.76942,300.45866,0.3,0.3,0.0,0.0,0.0,0.0,0.0,0.0,0.27027,0,0,0.09676,-0.12,2.88561,0.0,0.0,1.0,0.0,0.0,0.0
6me1akuyqypr7w1ylx3_0017,0.2571428571428571,9,35	-0.89489,0.7566,-2.13396,-0.74068,-0.14244,2.41263,0.44678,0.27433,0.50488,0.70279,6.10342,25.58617,301.89743,293.31226,0.3,0.3,0.0,0.0,0.0,0.0,0.0,0.0,0.25714,0,0,0.50949,-1.2,0.81518,0.0,0.0,1.0,0.0,0.0,0.0
6uc82exva0kgb60au1y_0020,0.25,9,36	-0.89489,0.7566,-3.13155,-0.55786,0.05085,-0.10355,0.28541,0.26256,0.48709,0.64422,0.5241,25.44236,127.72633,67.15555,0.3,0.3,0.0,0.0,0.0,0.0,0.0,0.0,0.25,0,0,0.80489,-2.29999,0.6236,0.0,0.0,1.0,0.0,0.0,0.0
1vk16l3ll5qvx1jjlstl_0008,0.25,9,36	-0.89489,0.7566,-0.81278,-0.52646,0.434,-0.75624,0.56721,0.22214,0.34098,0.67221,5.37487,29.32436,118.84015,132.06374,0.3,0.3,0.0,0.0,0.0,0.0,0.0,0.0,0.25,0,0,0.45913,-0.84,1.33015,0.0,0.0,1.0,0.0,0.0,0.0
6u9d5f4fy3fwcsq0ptz_0011,0.25,9,36	-0.89489,0.7566,-5.66865,-0.1476,0.25357,1.91778,0.28405,0.25547,0.35402,0.56512,13.80728,38.1129,116.3817,66.79173,0.3,0.3,0.0,0.0,0.0,0.0,0.0,0.0,0.25,0,0,0.97647,-6.08,0.61446,0.0,0.0,1.0,0.0,0.0,0.0
6ot6xua7grmguilelml_0004,0.25,9,36	-0.89489,0.7566,-0.96171,-1.03614,-0.16219,-0.63968,0.52332,0.16664,0.49557,0.54636,16.10917,42.51804,309.5333,310.13508,0.3,0.3,0.0,0.0,0.0,0.0,0.0,0.0,0.25,0,0,0.6988,-1.06,0.81423,0.0,0.0,1.0,0.0,0.0,0.0
6mj38kfmwyifose3mdl_0003,0.25,9,36	-0.89489,0.7566,-0.86851,-0.38198,0.96618,-1.40747,0.22899,0.15346,0.4599,0.76035,11.67567,41.23602,293.85737,62.62213,0.3,0.3,0.0,0.0,0.0,0.0,0.0,0.0,0.25,0,0,1.03922,-1.1,0.50149,0.0,0.0,0.0,0.0,0.0,0.0
1uqzbic8idl1vwvu483p_0033,0.25,9,36	-0.89489,0.7566,-3.50492,-0.30671,0.09497,2.15835,0.40205,0.26333,0.36093,0.67784,13.67164,25.31027,117.54549,239.90299,0.3,0.3,0.0,0.0,0.0,0.0,0.0,0.0,0.25,0,0,0.5021,-1.42,0.69375,0.0,1.0,1.0,0.0,0.0,0.0
1uqzbic8idl1vwvu483p_0040,0.25,9,36	-0.89489,0.7566,-3.33001,0.09395,0.39321,-0.3492,0.57501,0.28346,0.30709,0.54223,11.71862,29.80445,234.64566,132.32195,0.3,0.3,0.0,0.0,0.0,0.0,0.0,0.0,0.25,0,0,0.46747,-1.74,0.9097,0.0,0.0,1.0,0.0,0.0,0.0
6me1akuyqypr7w1ylx3_0019,0.25,9,36	-0.89489,0.7566,-1.49416,-1.05583,0.03626,2.41263,0.28783,0.32425,0.31722,0.76307,19.64979,24.24118,120.26746,303.09716,0.3,0.3,0.0,0.0,0.0,0.0,0.0,0.0,0.25,0,0,0.56335,-1.26,0.82473,0.0,0.0,1.0,0.0,0.0,0.0
1wffr3b0kijtsgvq9av7_0014,0.25,9,36	-0.89489,0.7566,-2.28382,-0.33282,0.77723,-2.72793,0.36058,0.23251,0.40348,0.59763,18.15264,43.42339,63.88474,116.29786,0.3,0.3,0.0,0.0,0.0,0.0,0.0,0.0,0.25,0,0,0.05235,0.0,2.58629,0.0,0.0,1.0,0.0,0.0,0.0
6s68gnovt70zqcvsiio_0002,0.24324324324324326,9,37	-0.89489,0.7566,-1.81594,-0.6745,0.08251,-2.70236,0.40311,0.22471,0.44233,0.66436,0.5625,45.625,76.02484,301.86335,0.3,0.3,0.0,0.0,0.0,0.0,0.0,0.0,0.24324,0,0,1.18886,-1.24,0.51551,0.0,1.0,1.0,0.0,0.0,0.0
1uqzbic8idl1vwvu483p_0010,0.24324324324324326,9,37	-0.89489,0.7566,-0.63738,-0.92035,0.02082,-1.56026,0.1776,0.3201,0.33219,0.47983,16.57288,35.52085,129.05336,311.82428,0.3,0.3,0.0,0.0,0.0,0.0,0.0,0.0,0.24324,0,0,0.79943,-0.9,0.64082,0.0,0.0,1.0,1.0,0.0,0.0
1uqzbic8idl1vwvu483p_0059,0.24324324324324326,9,37	-0.89489,0.7566,-5.22787,-0.31188,0.42425,-1.56026,0.19566,0.31032,0.45634,0.73183,8.58511,31.37484,245.84235,66.8182,0.3,0.3,0.0,0.0,0.0,0.0,0.0,0.0,0.24324,0,0,0.26761,-4.33999,1.13801,0.0,0.0,1.0,0.0,0.0,0.0
6me1akuyqypr7w1ylx3_0005,0.24324324324324326,9,37	-0.89489,0.7566,-1.63322,-0.9198,-0.01725,2.41263,0.38529,0.2577,0.35108,0.61053,7.0144,33.78015,67.75996,298.1731,0.3,0.3,0.0,0.0,0.0,0.0,0.0,0.0,0.24324,0,0,0.73775,-1.16,0.68012,0.0,0.0,1.0,1.0,0.0,0.0
1wjljb6dddo7ytwa6qe3_0001,0.22857142857142856,8,35	-0.89489,0.7566,-1.06901,-0.87504,0.26831,0.42498,0.2006,0.28946,0.44745,0.64064,9.30926,30.28992,233.60088,52.02575,0.3,0.3,0.0,0.0,0.0,0.0,0.0,0.0,0.22857,0,0,0.31568,-1.22,1.21762,0.0,0.0,1.0,1.0,0.0,0.0
6mj38kfmwyifose3mdl_0000,0.22857142857142856,8,35	-0.89489,0.7566,-5.51379,-0.55269,0.10869,-0.03606,0.44746,0.13419,0.49624,1.02168,13.26623,24.2987,253.98058,73.39805,0.3,0.3,0.0,0.0,0.0,0.0,0.0,0.0,0.22857,0,0,0.10122,-5.73999,2.34726,0.0,1.0,0.0,0.0,0.0,0.0
1uqzbic8idl1vwvu483p_0048,0.22857142857142856,8,35	-0.89489,0.7566,-1.75258,-0.24641,0.76419,0.0396,0.30274,0.25853,0.32636,0.6122,16.04575,38.99663,246.54526,295.26352,0.3,0.3,0.0,0.0,0.0,0.0,0.0,0.0,0.22857,0,0,0.68486,-1.82,0.769,0.0,0.0,1.0,0.0,0.0,0.0
1uqzbic8idl1vwvu483p_0058,0.22857142857142856,8,35	-0.89489,0.7566,-0.70329,-0.85628,0.2985,-1.56026,0.30212,0.12836,0.37427,0.58263,3.08189,24.34999,55.72761,239.28943,0.3,0.3,0.0,0.0,0.0,0.0,0.0,0.0,0.22857,0,0,0.51446,-0.65999,0.66009,0.0,0.0,1.0,0.0,0.0,0.0
6uc82exva0kgb60au1y_0033,0.2222222222222222,8,36	-0.89489,0.7566,-3.82947,-0.08217,0.18911,0.32547,0.27319,0.10553,0.37398,0.73918,8.86388,27.64371,117.49769,237.09571,0.3,0.3,0.0,0.0,0.0,0.0,0.0,0.0,0.22222,0,0,0.32383,-2.0,0.74522,0.0,0.0,1.0,0.0,0.0,0.0
1vk16l3ll5qvx1jjlstl_0001,0.2222222222222222,8,36	-0.89489,0.7566,-0.41953,-0.60983,0.41084,-0.75624,0.48521,0.12612,0.43395,0.74365,1.90765,28.34833,248.12743,246.51782,0.3,0.3,0.0,0.0,0.0,0.0,0.0,0.0,0.22222,0,0,0.65306,-0.65999,0.7434,0.0,0.0,1.0,1.0,0.0,0.0
1mrqr7fny71cnu9x6tzq_0003,0.2222222222222222,8,36	-0.89489,0.7566,-6.60385,-0.34422,-0.05655,1.83101,0.30411,0.09977,0.4857,0.60929,15.50132,24.05681,248.27598,57.3601,0.3,0.3,0.0,0.0,0.0,0.0,0.0,0.0,0.22222,0,0,0.20689,-4.45999,1.08606,0.0,1.0,1.0,0.0,0.0,0.0
6u9d5f4fy3fwcsq0ptz_0001,0.2222222222222222,8,36	-0.89489,0.7566,-3.2666,-0.5596,0.36539,2.70975,0.33282,0.29744,0.34502,0.74199,3.24863,25.55555,242.1838,64.76481,0.3,0.3,0.0,0.0,0.0,0.0,0.0,0.0,0.22222,0,0,0.26598,-3.59999,1.4102,0.0,0.0,1.0,2.0,0.0,0.0
1wjljb6dddo7ytwa6qe3_0003,0.2222222222222222,8,36	-0.89489,0.7566,-2.18019,-0.39393,0.34913,0.42498,0.38863,0.24964,0.49896,0.72898,12.90231,36.45532,65.68479,231.02269,0.3,0.3,0.0,0.0,0.0,0.0,0.0,0.0,0.22222,0,0,0.52002,-0.88,0.65538,0.0,0.0,1.0,0.0,0.0,0.0
6gw7yo9sgkbtmcghagc_0007,0.2222222222222222,8,36	-0.89489,0.7566,-1.38435,-1.04345,1.09004,-0.2208,0.55701,0.24384,0.33581,0.65016,10.89132,38.61838,62.33141,299.81391,0.3,0.3,0.0,0.0,0.0,0.0,0.0,0.0,0.22222,0,0,0.13006,-0.04,1.80985,0.0,0.0,1.0,0.0,0.0,0.0
1wcezsfdojvkprqzgac1_0001,0.2222222222222222,8,36	-0.89489,0.7566,-7.1924,-0.27749,0.09469,-1.53911,0.40198,0.156,0.43322,0.67452,7.30415,35.00708,64.30377,239.78085,0.3,0.3,0.0,0.0,0.0,0.0,0.0,0.0,0.22222,0,0,1.85668,-4.39999,0.37592,0.0,0.0,1.0,1.0,0.0,0.0
6mj38kfmwyifose3mdl_0001,0.2222222222222222,8,36	-0.89489,0.7566,-5.75248,-0.50877,-0.00293,-1.40747,0.19227,0.2847,0.47046,1.13711,-1.22727,34.11688,111.84466,288.93203,0.3,0.3,0.0,0.0,0.0,0.0,0.0,0.0,0.22222,0,0,0.30473,-2.19999,0.74962,0.0,1.0,0.0,0.0,0.0,0.0
1w9z97rbulqoxgltm3pb_0001,0.2222222222222222,8,36	-0.89489,0.7566,-2.13635,-0.951,0.37614,-2.32559,0.32624,0.15579,0.30948,0.45786,12.9133,36.81157,67.22129,53.13302,0.3,0.3,0.0,0.0,0.0,0.0,0.0,0.0,0.22222,0,0,0.40516,-1.66,0.87164,0.0,0.0,0.0,0.0,0.0,0.0
1uqzbic8idl1vwvu483p_0009,0.2222222222222222,8,36	-0.89489,0.7566,-3.94564,-0.14709,0.46134,-1.65055,0.24145,0.20247,0.42968,0.74131,1.40814,26.39208,116.5828,113.29175,0.3,0.3,0.0,0.0,0.0,0.0,0.0,0.0,0.22222,0,0,0.08771,-6.52,2.89775,0.0,0.0,1.0,1.0,0.0,0.0
1uqzbic8idl1vwvu483p_0071,0.2222222222222222,8,36	-0.89489,0.7566,-1.71881,-0.61355,0.13989,-2.18489,0.26934,0.30297,0.3454,0.52518,20.03458,25.49188,235.5481,305.87965,0.3,0.3,0.0,0.0,0.0,0.0,0.0,0.0,0.22222,0,0,0.59299,-0.92,0.64383,0.0,0.0,1.0,0.0,0.0,0.0
1uqzbic8idl1vwvu483p_0076,0.2222222222222222,8,36	-0.89489,0.7566,-3.40944,-0.62613,0.39071,2.15835,0.23759,0.31953,0.32941,0.63795,8.21723,42.1057,295.2952,302.47324,0.3,0.3,0.0,0.0,0.0,0.0,0.0,0.0,0.22222,0,0,0.84498,-2.29999,0.59303,0.0,0.0,1.0,0.0,0.0,0.0
6me1akuyqypr7w1ylx3_0004,0.2222222222222222,8,36	-0.89489,0.7566,-1.63322,-0.58398,0.05726,2.41263,0.38529,0.2577,0.35108,0.61053,7.0144,33.78015,67.75996,298.1731,0.3,0.3,0.0,0.0,0.0,0.0,0.0,0.0,0.22222,0,0,1.2649,-1.28,0.52523,0.0,1.0,1.0,1.0,0.0,0.0
1ukeoutdroaip91je5el_0001,0.2222222222222222,8,36	-0.89489,0.7566,-3.5351,-0.05996,0.49749,-0.67,0.46672,0.12267,0.34155,0.71758,13.04135,39.33323,52.28119,67.19614,0.3,0.3,0.0,0.0,0.0,0.0,0.0,0.0,0.22222,0,0,0.62187,-2.41999,0.72409,0.0,0.0,1.0,2.0,0.0,0.0
1ukeoutdroaip91je5el_0014,0.2222222222222222,8,36	-0.89489,0.7566,-5.82658,-0.322,0.09604,-0.67,0.31058,0.21532,0.31282,0.68419,2.63521,35.24358,242.12498,309.58047,0.3,0.3,0.0,0.0,0.0,0.0,0.0,0.0,0.22222,0,0,0.28283,-7.7,1.29725,0.0,0.0,1.0,0.0,0.0,0.0
1uqzbic8idl1vwvu483p_0027,0.21621621621621623,8,37	-0.89489,0.7566,-2.75573,-0.58944,0.59954,-2.18489,0.55558,0.14175,0.47878,0.50318,16.00444,42.88463,122.87592,127.06953,0.3,0.3,0.0,0.0,0.0,0.0,0.0,0.0,0.21621,0,0,5.5628,-1.08,0.19909,0.0,0.0,1.0,1.0,0.0,0.0
6me1akuyqypr7w1ylx3_0012,0.21621621621621623,8,37	-0.89489,0.7566,-1.32352,-0.77286,0.12262,0.52719,0.35163,0.16581,0.31954,0.55655,16.43396,32.04206,120.65832,298.91364,0.3,0.3,0.0,0.0,0.0,0.0,0.0,0.0,0.21621,0,0,0.8418,-0.96,0.56378,0.0,0.0,1.0,0.0,0.0,0.0
1wffr3b0kijtsgvq9av7_0027,0.21052631578947367,8,38	-0.89489,0.7566,-1.16067,-0.84925,-0.27456,-2.44207,0.19758,0.1548,0.53792,0.68126,0.82191,26.61965,114.46966,300.83398,0.3,0.3,0.0,0.0,0.0,0.0,0.0,0.0,0.21052,0,0,0.24759,-0.92,0.9592,0.0,0.0,0.0,0.0,0.0,0.0
6uc82exva0kgb60au1y_0008,0.2,7,35	-0.89489,0.7566,-4.81232,-0.00468,0.30261,0.85774,0.5056,0.17316,0.35851,0.51596,3.30722,32.58675,130.33287,124.03613,0.3,0.3,0.0,0.0,0.0,0.0,0.0,0.0,0.2,0,0,0.55171,-2.51999,0.74531,0.0,0.0,1.0,1.0,0.0,0.0
6u9d5f4fy3fwcsq0ptz_0006,0.2,7,35	-0.89489,0.7566,-3.03425,-0.34697,-0.08106,2.70975,0.46037,0.25038,0.3372,0.47741,1.79727,36.72654,66.01563,306.35994,0.3,0.3,0.0,0.0,0.0,0.0,0.0,0.0,0.2,0,0,0.6351,-1.94,0.7593,0.0,0.0,1.0,1.0,0.0,0.0
6jjj20wuu5hq3raysvq_0011,0.19444444444444445,7,36	-0.89489,0.7566,-0.22144,-0.3749,0.93126,0.16086,0.57213,0.24211,0.48344,0.67884,13.8317,25.57867,292.66645,122.41672,0.3,0.3,0.0,0.0,0.0,0.0,0.0,0.0,0.19444,0,0,1.09019,-0.88,0.71958,0.0,0.0,1.0,0.0,0.0,0.0
6uc82exva0kgb60au1y_0022,0.19444444444444445,7,36	-0.89489,0.7566,-4.74634,-0.03419,0.40717,-0.10355,0.27418,0.3076,0.42938,0.55412,7.96288,36.53202,301.15038,235.41255,0.3,0.3,0.0,0.0,0.0,0.0,0.0,0.0,0.19444,0,0,0.49301,-2.57999,0.74448,0.0,0.0,1.0,0.0,0.0,0.0
6uc82exva0kgb60au1y_0027,0.19444444444444445,7,36	-0.89489,0.7566,-3.05926,-0.5513,0.37244,0.85774,0.5745,0.18508,0.50186,0.7345,17.92406,41.95639,50.8963,64.56853,0.3,0.3,0.0,0.0,0.0,0.0,0.0,0.0,0.19444,0,0,0.18534,-4.21999,2.22187,0.0,0.0,1.0,0.0,0.0,0.0
1vk16l3ll5qvx1jjlstl_0009,0.19444444444444445,7,36	-0.89489,0.7566,-1.68825,-1.07127,1.11778,-0.75624,0.3184,0.13266,0.36707,0.65552,6.04975,30.43894,64.22461,238.48627,0.3,0.3,0.0,0.0,0.0,0.0,0.0,0.0,0.19444,0,0,0.03604,0.0,2.07845,0.0,0.0,1.0,0.0,0.0,0.0
1wcezsfdojvkprqzgac1_0007,0.19444444444444445,7,36	-0.89489,0.7566,-3.07636,-0.26516,0.6043,0.49294,0.47866,0.16575,0.53087,0.66665,2.11439,26.12099,112.74549,54.95592,0.3,0.3,0.0,0.0,0.0,0.0,0.0,0.0,0.19444,0,0,0.15177,-3.97999,2.29778,0.0,1.0,0.0,0.0,0.0,0.0
6stzx5er2t0d3vfwbjj_0004,0.19444444444444445,7,36	-0.89489,0.7566,-2.04623,-0.57534,0.51434,-1.40747,0.39835,0.2416,0.36521,0.7336,17.72328,34.83889,130.35908,125.22907,0.3,0.3,0.0,0.0,0.0,0.0,0.0,0.0,0.19444,0,0,2.05841,-0.96,0.33978,0.0,0.0,1.0,0.0,0.0,0.0
1uqzbic8idl1vwvu483p_0068,0.19444444444444445,7,36	-0.89489,0.7566,-2.15859,-0.82686,-0.0984,1.23256,0.46837,0.23415,0.38036,0.69959,8.93757,29.9078,58.25035,64.16774,0.3,0.3,0.0,0.0,0.0,0.0,0.0,0.0,0.19444,0,0,0.23795,-2.17999,1.62046,0.0,0.0,1.0,0.0,0.0,0.0
6me1akuyqypr7w1ylx3_0007,0.19444444444444445,7,36	-0.89489,0.7566,-2.24827,-0.78773,0.15708,2.41263,0.47339,0.2903,0.41963,0.57026,14.03003,35.37701,298.51391,311.03411,0.3,0.3,0.0,0.0,0.0,0.0,0.0,0.0,0.19444,0,0,1.64805,-1.28,0.44773,0.0,0.0,1.0,1.0,0.0,0.0
6spotrbuo65gt933t18_0000,0.19444444444444445,7,36	-0.89489,0.7566,-2.24474,-0.18967,-0.04241,-1.40747,0.55942,0.31174,0.46315,1.03126,9.55879,25.73721,299.87218,236.86209,0.3,0.3,0.0,0.0,0.0,0.0,0.0,0.0,0.19444,0,0,0.39597,-1.06,0.95657,0.0,1.0,1.0,1.0,0.0,0.0
6jjj20wuu5hq3raysvq_0004,0.1891891891891892,7,37	-0.89489,0.7566,-6.89707,-0.4098,0.21625,-1.94228,0.45792,0.30611,0.47913,0.43446,18.92822,38.66511,231.30236,235.61203,0.3,0.3,0.0,0.0,0.0,0.0,0.0,0.0,0.18918,0,0,5.25068,-2.43999,0.20764,0.0,0.0,1.0,1.0,0.0,0.0
6uc82exva0kgb60au1y_0034,0.1891891891891892,7,37	-0.89489,0.7566,-4.16091,-0.71102,0.14498,-0.9568,0.52108,0.27956,0.37839,0.44258,18.97624,32.89229,238.52495,61.02335,0.3,0.3,0.0,0.0,0.0,0.0,0.0,0.0,0.18918,0,0,0.50267,-2.47999,0.88829,0.0,0.0,0.0,0.0,0.0,0.0
1uvb0r494vylsng2jbxw_0000,0.1891891891891892,7,37	-0.89489,0.7566,-1.87037,0.04388,0.44825,-1.40747,0.41108,0.31514,0.40274,0.53934,11.45606,36.02988,292.44939,236.67692,0.3,0.3,0.0,0.0,0.0,0.0,0.0,0.0,0.18918,0,0,0.42166,-1.0,0.88858,0.0,0.0,0.0,0.0,0.0,0.0
1uqzbic8idl1vwvu483p_0032,0.1891891891891892,7,37	-0.89489,0.7566,-0.7048,-0.81113,0.3677,2.15835,0.32073,0.30173,0.4013,0.64277,2.14534,26.2372,126.42803,245.44941,0.3,0.3,0.0,0.0,0.0,0.0,0.0,0.0,0.18918,0,0,0.7221,-0.63999,0.64733,0.0,1.0,1.0,0.0,0.0,0.0
1uqzbic8idl1vwvu483p_0070,0.1891891891891892,7,37	-0.89489,0.7566,-1.46688,-0.80226,0.05782,-2.18489,0.3663,0.21079,0.34468,0.72483,8.32821,43.21995,311.22986,61.22536,0.3,0.3,0.0,0.0,0.0,0.0,0.0,0.0,0.18918,0,0,0.12554,0.0,1.88535,0.0,0.0,1.0,0.0,0.0,0.0
1vk16l3ll5qvx1jjlstl_0002,0.17142857142857143,6,35	-0.89489,0.7566,-1.32144,-0.24274,0.43577,0.76011,0.33463,0.26153,0.41947,0.73141,8.37851,28.15427,118.10133,233.29841,0.3,0.3,0.0,0.0,0.0,0.0,0.0,0.0,0.17142,0,0,0.50132,-0.8,0.74832,0.0,0.0,1.0,1.0,0.0,0.0
1vk16l3ll5qvx1jjlstl_0006,0.17142857142857143,6,35	-0.89489,0.7566,-0.93582,-1.01,1.07866,0.76011,0.17173,0.19715,0.50681,0.75322,15.10601,31.04693,58.88878,64.79681,0.3,0.3,0.0,0.0,0.0,0.0,0.0,0.0,0.17142,0,0,4.27605,-0.65999,0.18829,0.0,0.0,1.0,0.0,0.0,0.0
1mrqr7fny71cnu9x6tzq_0000,0.17142857142857143,6,35	-0.89489,0.7566,-1.54795,-0.25444,0.062,1.83101,0.43177,0.09977,0.46368,0.62563,1.62303,38.11687,243.01329,237.81032,0.3,0.3,0.0,0.0,0.0,0.0,0.0,0.0,0.17142,0,0,0.51429,-1.2,0.78643,0.0,1.0,1.0,1.0,0.0,0.0
1uqzbic8idl1vwvu483p_0036,0.17142857142857143,6,35	-0.89489,0.7566,-3.15402,-0.25519,0.67467,-2.6225,0.4619,0.10581,0.42708,0.68302,7.98538,33.28908,51.56637,245.753,0.3,0.3,0.0,0.0,0.0,0.0,0.0,0.0,0.17142,0,0,0.62014,-1.14,0.54845,0.0,0.0,1.0,0.0,0.0,0.0
6me1akuyqypr7w1ylx3_0013,0.17142857142857143,6,35	-0.89489,0.7566,-1.24038,-0.8599,-0.18722,0.52719,0.56742,0.14954,0.51728,0.5704,8.99285,39.00017,63.93692,300.75633,0.3,0.3,0.0,0.0,0.0,0.0,0.0,0.0,0.17142,0,0,0.67542,-1.08,0.80154,0.0,0.0,1.0,0.0,0.0,0.0
1wffr3b0kijtsgvq9av7_0016,0.17142857142857143,6,35	-0.89489,0.7566,-2.0059,-0.85689,0.04018,-2.72793,0.31881,0.23735,0.39303,0.60453,18.74101,39.6831,115.11372,52.84053,0.3,0.3,0.0,0.0,0.0,0.0,0.0,0.0,0.17142,0,0,0.68694,-1.26,0.63781,0.0,0.0,1.0,0.0,0.0,0.0
6jjj20wuu5hq3raysvq_0000,0.16666666666666666,6,36	-0.89489,0.7566,-1.52565,-0.01908,0.55061,-1.94228,0.44495,0.18063,0.53996,0.45524,8.53865,37.06987,48.6982,230.36841,0.3,0.3,0.0,0.0,0.0,0.0,0.0,0.0,0.16666,0,0,0.91871,-1.44,0.65681,0.0,0.0,1.0,1.0,0.0,0.0
6uc82exva0kgb60au1y_0002,0.16666666666666666,6,36	-0.89489,0.7566,-2.50796,-0.51744,0.20777,-0.10355,0.26856,0.29223,0.40893,0.57768,16.93269,37.06272,61.67498,50.31155,0.3,0.3,0.0,0.0,0.0,0.0,0.0,0.0,0.16666,0,0,0.43397,-3.57999,1.08839,0.0,0.0,1.0,1.0,0.0,0.0
6uc82exva0kgb60au1y_0031,0.16666666666666666,6,36	-0.89489,0.7566,-3.73928,-0.26503,0.47709,0.32547,0.32901,0.3095,0.40796,0.48521,1.60744,28.39412,128.93475,128.49748,0.3,0.3,0.0,0.0,0.0,0.0,0.0,0.0,0.16666,0,0,2.43979,-1.9,0.32477,0.0,0.0,1.0,0.0,0.0,0.0
1w6ji4anl8v27dd3lo0m_0003,0.16666666666666666,6,36	-0.89489,0.7566,-2.15298,-0.65894,0.40287,-1.40747,0.28257,0.25263,0.50884,0.72329,5.96234,27.17601,236.67555,65.11967,0.3,0.3,0.0,0.0,0.0,0.0,0.0,0.0,0.16666,0,0,0.1319,-1.52,2.24143,0.0,0.0,1.0,0.0,0.0,0.0
6u9d5f4fy3fwcsq0ptz_0017,0.16666666666666666,6,36	-0.89489,0.7566,-1.111,-0.5182,0.57387,2.70975,0.52974,0.10503,0.42492,0.52221,15.33194,38.48316,116.15279,115.65568,0.3,0.3,0.0,0.0,0.0,0.0,0.0,0.0,0.16666,0,0,47.71305,-1.16,0.07909,0.0,0.0,1.0,0.0,0.0,0.0
6ot6xua7grmguilelml_0001,0.16666666666666666,6,36	-0.89489,0.7566,-4.3556,-0.33165,0.07252,-0.63968,0.22961,0.26402,0.49484,0.54139,9.35246,41.64199,66.54034,246.54683,0.3,0.3,0.0,0.0,0.0,0.0,0.0,0.0,0.16666,0,0,0.0623,0.0,4.51261,0.0,0.0,1.0,0.0,0.0,0.0
6hs15q5mm4l90vtiz8i_0001,0.16666666666666666,6,36	-0.89489,0.7566,-2.68904,-1.09498,0.45783,-1.40747,0.48391,0.23577,0.35523,0.73328,11.18135,40.3535,293.51356,239.81084,0.3,0.3,0.0,0.0,0.0,0.0,0.0,0.0,0.16666,0,0,0.09601,-1.42,2.46285,0.0,0.0,1.0,0.0,0.0,0.0
6gw7yo9sgkbtmcghagc_0003,0.16666666666666666,6,36	-0.89489,0.7566,-2.43419,-0.8219,0.32463,-0.2208,0.30233,0.20726,0.32671,0.52844,4.11714,27.36731,305.19543,236.16189,0.3,0.3,0.0,0.0,0.0,0.0,0.0,0.0,0.16666,0,0,0.71977,-1.78,0.63813,0.0,0.0,1.0,0.0,0.0,0.0
1w5z1evvscdezrezmpj7_0005,0.16666666666666666,6,36	-0.89489,0.7566,-1.8533,-0.9788,0.45788,-2.4594,0.24682,0.31977,0.40983,0.61835,18.71616,29.86077,121.71613,58.33077,0.3,0.3,0.0,0.0,0.0,0.0,0.0,0.0,0.16666,0,0,0.34598,-1.58,1.06839,0.0,0.0,1.0,0.0,0.0,0.0
1w5z1evvscdezrezmpj7_0007,0.16666666666666666,6,36	-0.89489,0.7566,-2.37909,0.45801,-0.61346,2.68739,0.43897,0.2936,0.3923,0.71052,16.56189,39.21695,63.24669,64.96717,0.3,0.3,0.0,0.0,0.0,0.0,0.0,0.0,0.16666,0,0,0.10606,-1.1,2.29338,0.0,0.0,1.0,0.0,0.0,0.0
1vzw2prdc7np7dzv7591_0001,0.16666666666666666,6,36	-0.89489,0.7566,-6.60385,-0.36415,0.1075,1.59861,0.35889,0.17139,0.4857,0.60929,15.50132,24.05681,248.27598,57.3601,0.3,0.3,0.0,0.0,0.0,0.0,0.0,0.0,0.16666,0,0,0.66033,-4.35999,0.6572,0.0,1.0,0.0,0.0,0.0,0.0
1uqzbic8idl1vwvu483p_0000,0.16666666666666666,6,36	-0.89489,0.7566,-0.97234,-0.08093,0.52708,-2.18489,0.51768,0.15023,0.47468,0.75107,16.11817,34.5962,296.04697,297.71563,0.3,0.3,0.0,0.0,0.0,0.0,0.0,0.0,0.16666,0,0,0.40978,-0.47999,1.51726,0.0,0.0,1.0,3.0,0.0,0.0
1uqzbic8idl1vwvu483p_0039,0.16666666666666666,6,36	-0.89489,0.7566,-3.80455,-0.44814,0.73526,-0.3492,0.4944,0.28179,0.45024,0.68517,13.96465,34.59785,60.4987,118.43291,0.3,0.3,0.0,0.0,0.0,0.0,0.0,0.0,0.16666,0,0,0.04023,0.0,3.99244,0.0,0.0,1.0,0.0,0.0,0.0
1uqzbic8idl1vwvu483p_0041,0.16666666666666666,6,36	-0.89489,0.7566,-1.56418,-0.75644,0.2157,-0.3492,0.39587,0.22235,0.44738,0.74723,19.42219,42.40458,61.12938,304.60271,0.3,0.3,0.0,0.0,0.0,0.0,0.0,0.0,0.16666,0,0,0.07704,0.0,1.97655,0.0,0.0,1.0,0.0,0.0,0.0
1uqzbic8idl1vwvu483p_0045,0.16666666666666666,6,36	-0.89489,0.7566,-0.84424,-0.93417,0.5435,-1.65055,0.47347,0.30682,0.53411,0.71751,2.86832,24.70888,293.80194,298.91573,0.3,0.3,0.0,0.0,0.0,0.0,0.0,0.0,0.16666,0,0,0.18489,0.0,1.4474,0.0,0.0,1.0,0.0,0.0,0.0
6me1akuyqypr7w1ylx3_0010,0.16666666666666666,6,36	-0.89489,0.7566,-3.56559,-0.12967,0.53168,0.52719,0.34933,0.28774,0.34089,0.75283,10.63452,32.37717,128.06896,292.79524,0.3,0.3,0.0,0.0,0.0,0.0,0.0,0.0,0.16666,0,0,0.82486,-1.9,0.58689,0.0,0.0,1.0,0.0,0.0,0.0
6me1akuyqypr7w1ylx3_0021,0.16666666666666666,6,36	-0.89489,0.7566,-2.58013,-0.84705,0.58855,2.41263,0.1824,0.16083,0.43136,0.66513,3.1427,39.48858,50.83788,238.23708,0.3,0.3,0.0,0.0,0.0,0.0,0.0,0.0,0.16666,0,0,0.04162,-0.51999,2.78245,0.0,0.0,1.0,0.0,0.0,0.0
1wffr3b0kijtsgvq9av7_0017,0.16666666666666666,6,36	-0.89489,0.7566,-1.86545,-0.91958,0.4006,-2.72793,0.33081,0.27062,0.42343,0.7368,15.73244,25.39576,228.67575,66.02559,0.3,0.3,0.0,0.0,0.0,0.0,0.0,0.0,0.16666,0,0,0.34573,-1.72,1.14321,0.0,0.0,1.0,0.0,0.0,0.0
1ukeoutdroaip91je5el_0004,0.16666666666666666,6,36	-0.89489,0.7566,-6.03505,-0.15234,0.42561,-0.67,0.54126,0.2509,0.46337,0.67607,18.73707,36.53195,58.1563,298.31471,0.3,0.3,0.0,0.0,0.0,0.0,0.0,0.0,0.16666,0,0,1.06417,-2.69999,0.52969,0.0,0.0,1.0,1.0,0.0,0.0
1ukeoutdroaip91je5el_0008,0.16666666666666666,6,36	-0.89489,0.7566,-3.47064,-0.28189,0.24578,-0.21808,0.19394,0.3242,0.36386,0.5725,1.38343,26.52015,122.03721,240.28076,0.3,0.3,0.0,0.0,0.0,0.0,0.0,0.0,0.16666,0,0,0.87783,-1.6,0.48641,0.0,0.0,1.0,0.0,0.0,0.0
6uc82exva0kgb60au1y_0007,0.16216216216216217,6,37	-0.89489,0.7566,-1.05825,-0.68946,0.07342,-0.10355,0.47699,0.20296,0.37095,0.54592,11.11694,38.66831,239.68162,312.22851,0.3,0.3,0.0,0.0,0.0,0.0,0.0,0.0,0.16216,0,0,2.24614,-1.24,0.42569,0.0,0.0,1.0,1.0,0.0,0.0
6gw7yo9sgkbtmcghagc_0005,0.16216216216216217,6,37	-0.89489,0.7566,-2.50235,0.52834,0.91894,-0.2208,0.27617,0.21182,0.45963,0.61642,16.27661,36.5061,59.05566,297.50977,0.3,0.3,0.0,0.0,0.0,0.0,0.0,0.0,0.16216,0,0,0.06477,-0.86,2.61109,0.0,0.0,1.0,0.0,0.0,0.0
1wcezsfdojvkprqzgac1_0005,0.16216216216216217,6,37	-0.89489,0.7566,-2.20468,-0.83193,0.0193,-2.77666,0.56126,0.13111,0.44893,0.53638,7.20608,35.98288,243.23595,63.54916,0.3,0.3,0.0,0.0,0.0,0.0,0.0,0.0,0.16216,0,0,0.19397,-2.19999,1.91974,0.0,0.0,0.0,0.0,0.0,0.0
1uqzbic8idl1vwvu483p_0065,0.16216216216216217,6,37	-0.89489,0.7566,-1.01262,-0.45177,0.88422,1.23256,0.23282,0.26544,0.48096,0.6133,5.58563,41.5706,116.73551,244.53536,0.3,0.3,0.0,0.0,0.0,0.0,0.0,0.0,0.16216,0,0,0.15033,-0.04,1.54681,0.0,0.0,1.0,0.0,0.0,0.0
1uqzbic8idl1vwvu483p_0069,0.16216216216216217,6,37	-0.89489,0.7566,-1.02581,-0.96079,-0.06629,1.23256,0.46562,0.30122,0.3221,0.69366,2.02626,30.28383,120.18972,309.25806,0.3,0.3,0.0,0.0,0.0,0.0,0.0,0.0,0.16216,0,0,0.98939,-0.96,0.66048,0.0,0.0,1.0,0.0,0.0,0.0
1uqzbic8idl1vwvu483p_0046,0.15789473684210525,6,38	-0.89489,0.7566,-0.68495,-0.99993,0.69191,-1.65055,0.32373,0.26537,0.36055,0.66484,19.79962,40.60603,301.66162,114.68367,0.3,0.3,0.0,0.0,0.0,0.0,0.0,0.0,0.15789,0,0,0.47946,-0.8,0.92948,0.0,0.0,1.0,0.0,0.0,0.0
6jjj20wuu5hq3raysvq_0012,0.14285714285714285,5,35	-0.89489,0.7566,-7.34164,-0.19606,-0.0309,0.16086,0.23472,0.27827,0.46094,0.70035,15.41266,28.12839,229.53321,121.96747,0.3,0.3,0.0,0.0,0.0,0.0,0.0,0.0,0.14285,0,0,0.20692,-16.53999,1.62748,0.0,0.0,1.0,0.0,0.0,0.0
6jjj20wuu5hq3raysvq_0013,0.14285714285714285,5,35	-0.89489,0.7566,-0.23292,-1.02628,0.35553,0.16086,0.50389,0.2726,0.40484,0.5421,6.25139,25.44307,232.3397,56.0039,0.3,0.3,0.0,0.0,0.0,0.0,0.0,0.0,0.14285,0,0,0.68365,-0.51999,0.7652,0.0,0.0,1.0,0.0,0.0,0.0
1mrqr7fny71cnu9x6tzq_0007,0.14285714285714285,5,35	-0.89489,0.7566,0.87041,-1.13101,-0.08482,1.83101,0.39269,0.23874,0.44253,1.05999,9.74941,33.4375,116.58203,275.03105,0.3,0.3,0.0,0.0,0.0,0.0,0.0,0.0,0.14285,0,0,0.2868,-0.55999,1.33152,0.0,1.0,0.0,0.0,0.0,0.0
1mrqr7fny71cnu9x6tzq_0009,0.14285714285714285,5,35	-0.89489,0.7566,-1.54795,-0.17562,-0.53723,1.83101,0.52064,0.18354,0.46368,0.62563,1.62303,38.11687,243.01329,237.81032,0.3,0.3,0.0,0.0,0.0,0.0,0.0,0.0,0.14285,0,0,0.226,-0.92,1.38381,0.0,1.0,0.0,0.0,0.0,0.0
6u9d5f4fy3fwcsq0ptz_0018,0.14285714285714285,5,35	-0.89489,0.7566,-4.39532,-0.17847,0.39841,2.70975,0.44958,0.1141,0.40212,0.68941,1.46893,37.8155,245.59939,301.54759,0.3,0.3,0.0,0.0,0.0,0.0,0.0,0.0,0.14285,0,0,1.58552,-2.59999,0.40766,0.0,0.0,1.0,0.0,0.0,0.0
6me1akuyqypr7w1ylx3_0014,0.14285714285714285,5,35	-0.89489,0.7566,-1.5044,-0.92542,-0.03479,0.50945,0.38959,0.20379,0.44957,0.55523,5.20169,33.44385,115.83927,310.03994,0.3,0.3,0.0,0.0,0.0,0.0,0.0,0.0,0.14285,0,0,0.54315,-1.46,0.87703,0.0,0.0,1.0,0.0,0.0,0.0
6me1akuyqypr7w1ylx3_0018,0.14285714285714285,5,35	-0.89489,0.7566,-1.60675,-0.99698,0.10774,2.41263,0.35205,0.22314,0.41734,0.7305,16.87359,38.55239,245.88488,292.52429,0.3,0.3,0.0,0.0,0.0,0.0,0.0,0.0,0.14285,0,0,0.73906,-0.9,0.58228,0.0,0.0,1.0,0.0,0.0,0.0
6jjj20wuu5hq3raysvq_0006,0.1388888888888889,5,36	-0.89489,0.7566,-2.5755,-0.24936,0.65035,-1.94228,0.4262,0.31448,0.47976,0.60887,5.59163,35.17448,299.14315,57.12254,0.3,0.3,0.0,0.0,0.0,0.0,0.0,0.0,0.13888,0,0,1.69811,-1.66,0.45318,0.0,0.0,1.0,0.0,0.0,0.0
6jjj20wuu5hq3raysvq_0008,0.1388888888888889,5,36	-0.89489,0.7566,-4.35227,-0.34162,0.42505,-1.94228,0.4914,0.19489,0.50773,0.63483,11.45368,37.0195,297.38423,54.21067,0.3,0.3,0.0,0.0,0.0,0.0,0.0,0.0,0.13888,0,0,0.67305,-3.63999,0.79195,0.0,0.0,1.0,0.0,0.0,0.0
1mrqr7fny71cnu9x6tzq_0008,0.1388888888888889,5,36	-0.89489,0.7566,-1.54795,-0.28802,-0.05655,1.83101,0.52064,0.18354,0.46368,0.62563,1.62303,38.11687,243.01329,237.81032,0.3,0.3,0.0,0.0,0.0,0.0,0.0,0.0,0.13888,0,0,0.57659,-1.18,0.84128,0.0,1.0,0.0,0.0,0.0,0.0
6u9d5f4fy3fwcsq0ptz_0000,0.1388888888888889,5,36	-0.89489,0.7566,-1.78966,-0.7029,0.13752,2.70975,0.50579,0.16265,0.4617,0.61817,19.51244,40.47731,242.8281,300.39822,0.3,0.3,0.0,0.0,0.0,0.0,0.0,0.0,0.13888,0,0,1.44374,-1.86,0.54389,0.0,0.0,1.0,2.0,0.0,0.0
6u9d5f4fy3fwcsq0ptz_0013,0.1388888888888889,5,36	-0.89489,0.7566,-2.55646,-0.67828,0.60683,1.91778,0.54473,0.22802,0.54027,0.62578,16.17455,27.43449,231.71301,58.26155,0.3,0.3,0.0,0.0,0.0,0.0,0.0,0.0,0.13888,0,0,0.43176,-2.25999,1.10506,0.0,0.0,1.0,0.0,0.0,0.0
1wcezsfdojvkprqzgac1_0000,0.1388888888888889,5,36	-0.89489,0.7566,-3.07636,-0.26516,0.6043,0.49294,0.5215,0.19557,0.53087,0.66665,2.11439,26.12099,112.74549,54.95592,0.3,0.3,0.0,0.0,0.0,0.0,0.0,0.0,0.13888,0,0,0.17354,-4.11999,2.23612,0.0,0.0,0.0,2.0,0.0,0.0
6s68gnovt70zqcvsiio_0005,0.1388888888888889,5,36	-0.89489,0.7566,3.62669,-0.62327,0.13694,-2.70236,0.32493,0.13144,0.36559,0.62753,11.625,29.3125,288.4472,67.08074,0.3,0.3,0.0,0.0,0.0,0.0,0.0,0.0,0.13888,0,0,0.54187,-2.39999,0.68363,0.0,1.0,0.0,0.0,0.0,0.0
1tb6wa3qabe4um1vawil_0002,0.1388888888888889,5,36	-0.89489,0.7566,-0.9458,-0.66562,-0.29303,2.56523,0.57481,0.32354,0.52637,0.63041,10.05564,29.90018,120.43352,57.01909,0.3,0.3,0.0,0.0,0.0,0.0,0.0,0.0,0.13888,0,0,0.52561,-1.7,1.40559,0.0,0.0,0.0,0.0,0.0,0.0
1uqzbic8idl1vwvu483p_0035,0.1388888888888889,5,36	-0.89489,0.7566,-3.26751,0.23845,0.40186,-2.6225,0.47517,0.21586,0.50025,0.67206,15.66606,40.38205,116.88632,246.92137,0.3,0.3,0.0,0.0,0.0,0.0,0.0,0.0,0.13888,0,0,0.03659,0.0,3.4985,0.0,0.0,1.0,0.0,0.0,0.0
1uqzbic8idl1vwvu483p_0077,0.1388888888888889,5,36	-0.89489,0.7566,-3.08151,-0.69605,0.33924,2.15835,0.4936,0.21258,0.34815,0.66637,7.65104,36.74495,235.6081,308.59789,0.3,0.3,0.0,0.0,0.0,0.0,0.0,0.0,0.13888,0,0,0.38257,-2.77999,1.13997,0.0,0.0,1.0,0.0,0.0,0.0
6me1akuyqypr7w1ylx3_0011,0.1388888888888889,5,36	-0.89489,0.7566,-2.65076,-0.63905,0.32897,0.52719,0.39599,0.23095,0.45983,0.60406,13.93168,38.24115,239.46796,54.24445,0.3,0.3,0.0,0.0,0.0,0.0,0.0,0.0,0.13888,0,0,0.22301,-3.17999,1.63463,0.0,0.0,1.0,0.0,0.0,0.0
6me1akuyqypr7w1ylx3_0016,0.1388888888888889,5,36	-0.89489,0.7566,-4.32158,-0.28949,0.57687,0.50945,0.49466,0.13883,0.3113,0.43596,9.47147,26.47133,238.8181,53.04428,0.3,0.3,0.0,0.0,0.0,0.0,0.0,0.0,0.13888,0,0,1.24052,-1.96,0.44464,0.0,0.0,1.0,0.0,0.0,0.0
1ukeoutdroaip91je5el_0003,0.1388888888888889,5,36	-0.89489,0.7566,-1.38011,-0.32848,-0.10491,-0.67,0.55808,0.26177,0.4896,0.66187,12.02157,39.26513,128.59886,236.68802,0.3,0.3,0.0,0.0,0.0,0.0,0.0,0.0,0.13888,0,0,0.82007,-1.28,0.78518,0.0,0.0,1.0,1.0,0.0,0.0
1ukeoutdroaip91je5el_0005,0.1388888888888889,5,36	-0.89489,0.7566,-2.61496,-0.24692,-0.07121,-0.67,0.44462,0.16356,0.49321,0.5973,5.20036,38.34144,235.79532,246.41777,0.3,0.3,0.0,0.0,0.0,0.0,0.0,0.0,0.13888,0,0,0.6313,-2.05999,0.76482,0.0,0.0,1.0,1.0,0.0,0.0
6jjj20wuu5hq3raysvq_0003,0.13513513513513514,5,37	-0.89489,0.7566,-5.76105,-0.50028,-0.10468,0.16086,0.41934,0.22126,0.42263,0.72568,1.47472,36.44388,118.34962,56.24942,0.3,0.3,0.0,0.0,0.0,0.0,0.0,0.0,0.13513,0,0,0.23152,-3.03999,1.15294,0.0,0.0,1.0,1.0,0.0,0.0
6uc82exva0kgb60au1y_0021,0.13513513513513514,5,37	-0.89489,0.7566,-4.02522,-0.12695,0.50166,-0.10355,0.57458,0.13152,0.3722,0.48436,17.57665,35.44937,64.60162,54.00633,0.3,0.3,0.0,0.0,0.0,0.0,0.0,0.0,0.13513,0,0,0.91707,-2.35999,0.60322,0.0,0.0,1.0,0.0,0.0,0.0
1vk16l3ll5qvx1jjlstl_0003,0.13513513513513514,5,37	-0.89489,0.7566,-5.86478,0.09853,0.14893,-0.75624,0.51796,0.31449,0.34366,0.67638,5.41777,38.66966,305.69938,308.25082,0.3,0.3,0.0,0.0,0.0,0.0,0.0,0.0,0.13513,0,0,0.48426,-4.47999,0.99966,0.0,0.0,1.0,1.0,0.0,0.0
6u9d5f4fy3fwcsq0ptz_0008,0.13513513513513514,5,37	-0.89489,0.7566,-2.62866,-0.41226,0.04104,-1.36749,0.40923,0.21688,0.37563,0.63397,10.62116,30.8306,309.3778,52.81549,0.3,0.3,0.0,0.0,0.0,0.0,0.0,0.0,0.13513,0,0,0.29675,-6.36,1.54152,0.0,0.0,1.0,0.0,0.0,0.0
1vzw2prdc7np7dzv7591_0003,0.13513513513513514,5,37	-0.89489,0.7566,-2.61146,-0.83865,-0.36327,1.59861,0.51513,0.27306,0.30949,0.7403,7.91644,42.80034,115.71619,304.2272,0.3,0.3,0.0,0.0,0.0,0.0,0.0,0.0,0.13513,0,0,0.26036,-1.32,1.18627,0.0,1.0,0.0,0.0,0.0,0.0
1tjq9kwvs80857g9or9y_0000,0.13513513513513514,5,37	-0.89489,0.7566,-0.71769,-0.42313,0.51612,2.27356,0.30025,0.26511,0.33452,0.62008,8.8755,26.08647,57.94599,242.60358,0.3,0.3,0.0,0.0,0.0,0.0,0.0,0.0,0.13513,0,0,0.81293,-0.8,0.63455,0.0,0.0,1.0,1.0,0.0,0.0
6me1akuyqypr7w1ylx3_0000,0.13513513513513514,5,37	-0.89489,0.7566,-3.18903,-0.87881,-0.18239,2.41263,0.52211,0.25839,0.43936,0.70768,4.25335,37.98083,61.21386,299.98417,0.3,0.3,0.0,0.0,0.0,0.0,0.0,0.0,0.13513,0,0,0.31422,-1.32,0.97215,0.0,0.0,1.0,2.0,0.0,0.0
6me1akuyqypr7w1ylx3_0002,0.13513513513513514,5,37	-0.89489,0.7566,-1.55272,-0.85584,-0.02467,2.41263,0.26197,0.28568,0.4833,0.73086,6.59641,28.96112,241.28203,59.19579,0.3,0.3,0.0,0.0,0.0,0.0,0.0,0.0,0.13513,0,0,0.36336,-1.7,1.13364,0.0,0.0,1.0,1.0,0.0,0.0
1wffr3b0kijtsgvq9av7_0009,0.13513513513513514,5,37	-0.89489,0.7566,-1.79613,-0.49073,0.28216,2.55978,0.44806,0.23824,0.35066,0.62197,4.93782,29.66672,68.33022,237.22819,0.3,0.3,0.0,0.0,0.0,0.0,0.0,0.0,0.13513,0,0,0.98331,-0.98,0.5433,0.0,0.0,1.0,0.0,0.0,0.0
1ukeoutdroaip91je5el_0007,0.13513513513513514,5,37	-0.89489,0.7566,-1.11653,-0.84762,0.16809,-0.21808,0.24349,0.15039,0.42986,0.73981,12.93726,34.42197,242.19488,296.40146,0.3,0.3,0.0,0.0,0.0,0.0,0.0,0.0,0.13513,0,0,1.12637,-1.1,0.46442,0.0,0.0,1.0,0.0,0.0,0.0
1uqzbic8idl1vwvu483p_0018,0.13157894736842105,5,38	-0.89489,0.7566,-2.72891,-0.85516,0.2358,-2.18489,0.43447,0.17365,0.49403,0.72435,6.32962,33.13307,229.32004,294.87131,0.3,0.3,0.0,0.0,0.0,0.0,0.0,0.0,0.13157,0,0,0.45249,-2.0,0.89682,0.0,0.0,1.0,1.0,0.0,0.0
6uc82exva0kgb60au1y_0024,0.11428571428571428,4,35	-0.89489,0.7566,-1.3719,-1.03324,0.10808,0.85774,0.37117,0.12954,0.31134,0.76029,17.93322,39.54273,292.56466,308.17797,0.3,0.3,0.0,0.0,0.0,0.0,0.0,0.0,0.11428,0,0,0.77197,-0.96,0.57581,0.0,0.0,1.0,0.0,0.0,0.0
6u9d5f4fy3fwcsq0ptz_0003,0.11428571428571428,4,35	-0.89489,0.7566,-0.70981,-0.70559,0.24009,2.70975,0.419,0.15499,0.38336,0.57088,1.77016,30.4145,67.94961,47.76741,0.3,0.3,0.0,0.0,0.0,0.0,0.0,0.0,0.11428,0,0,2.22087,-1.48,0.43956,0.0,0.0,1.0,1.0,0.0,0.0
6u9d5f4fy3fwcsq0ptz_0009,0.11428571428571428,4,35	-0.89489,0.7566,-5.45992,-0.33646,0.0772,0.32161,0.56073,0.31433,0.44058,0.47444,4.50881,30.05844,295.46799,59.76321,0.3,0.3,0.0,0.0,0.0,0.0,0.0,0.0,0.11428,0,0,2.44375,-3.55999,0.39888,0.0,0.0,1.0,0.0,0.0,0.0
6u9d5f4fy3fwcsq0ptz_0015,0.11428571428571428,4,35	-0.89489,0.7566,-3.60519,-0.04366,0.13477,2.70975,0.36052,0.15715,0.36103,0.57681,7.55621,26.74721,234.95456,59.01819,0.3,0.3,0.0,0.0,0.0,0.0,0.0,0.0,0.11428,0,0,0.52977,-2.39999,0.73725,0.0,0.0,1.0,0.0,0.0,0.0
1wjljb6dddo7ytwa6qe3_0000,0.11428571428571428,4,35	-0.89489,0.7566,-3.75518,-0.64418,0.40442,0.42498,0.45676,0.29547,0.33082,0.57251,17.25302,42.25896,127.69897,295.39314,0.3,0.3,0.0,0.0,0.0,0.0,0.0,0.0,0.11428,0,0,0.80623,-2.37999,0.6829,0.0,0.0,1.0,1.0,0.0,0.0
1uqzbic8idl1vwvu483p_0028,0.11428571428571428,4,35	-0.89489,0.7566,-4.13039,-0.176,0.39343,-2.18489,0.31841,0.15396,0.34838,0.3815,9.64036,34.4689,248.02459,296.28856,0.3,0.3,0.0,0.0,0.0,0.0,0.0,0.0,0.11428,0,0,1.27785,-2.31999,0.41492,0.0,0.0,1.0,1.0,0.0,0.0
1wffr3b0kijtsgvq9av7_0023,0.11428571428571428,4,35	-0.89489,0.7566,-2.96768,-0.77773,0.22181,0.53753,0.57427,0.25762,0.48175,0.67853,12.61939,41.23641,243.47593,51.27648,0.3,0.3,0.0,0.0,0.0,0.0,0.0,0.0,0.11428,0,0,0.19176,-3.11999,2.06304,0.0,0.0,0.0,0.0,0.0,0.0
6jjj20wuu5hq3raysvq_0017,0.1111111111111111,4,36	-0.89489,0.7566,-2.37515,-0.24946,0.52975,-2.00746,0.31446,0.20343,0.46505,0.586,5.27287,27.44675,234.50212,299.67074,0.3,0.3,0.0,0.0,0.0,0.0,0.0,0.0,0.11111,0,0,0.1273,-1.48,2.5731,0.0,0.0,1.0,0.0,0.0,0.0
6uc82exva0kgb60au1y_0011,0.1111111111111111,4,36	-0.89489,0.7566,-2.80887,-0.65872,0.11891,0.85774,0.32243,0.29999,0.34195,0.52698,15.45096,25.29183,244.61155,64.50421,0.3,0.3,0.0,0.0,0.0,0.0,0.0,0.0,0.11111,0,0,0.33671,-3.07999,1.22901,0.0,0.0,1.0,1.0,0.0,0.0
6uc82exva0kgb60au1y_0019,0.1111111111111111,4,36	-0.89489,0.7566,-2.2473,-0.4465,0.07393,-0.10355,0.19737,0.13149,0.4684,0.63103,15.44274,27.9832,121.71974,308.30165,0.3,0.3,0.0,0.0,0.0,0.0,0.0,0.0,0.11111,0,0,1.14697,-2.59999,0.47401,0.0,0.0,1.0,0.0,0.0,0.0
6uc82exva0kgb60au1y_0029,0.1111111111111111,4,36	-0.89489,0.7566,-3.70476,-0.33182,0.56202,0.32547,0.29357,0.26511,0.34422,0.51968,8.90116,40.59516,306.04856,66.28698,0.3,0.3,0.0,0.0,0.0,0.0,0.0,0.0,0.11111,0,0,1.85688,-1.88,0.35338,0.0,0.0,1.0,0.0,0.0,0.0
1w5z1evvscdezrezmpj7_0001,0.1111111111111111,4,36	-0.89489,0.7566,-3.26618,0.31993,0.51234,-2.4594,0.48873,0.13239,0.3641,0.67226,20.41573,28.79537,235.00213,59.1782,0.3,0.3,0.0,0.0,0.0,0.0,0.0,0.0,0.11111,0,0,0.16281,-2.39999,1.62308,0.0,0.0,1.0,1.0,0.0,0.0
1vzw2prdc7np7dzv7591_0002,0.1111111111111111,4,36	-0.89489,0.7566,-1.81594,-0.6745,0.08251,1.59861,0.38318,0.13204,0.44233,0.66436,2.65798,31.57996,119.89154,303.7901,0.3,0.3,0.0,0.0,0.0,0.0,0.0,0.0,0.11111,0,0,0.94201,-1.26,0.53602,0.0,1.0,0.0,0.0,0.0,0.0
1tjq9kwvs80857g9or9y_0002,0.1111111111111111,4,36	-0.89489,0.7566,-2.90507,-0.27488,0.0794,2.27356,0.55503,0.21533,0.48966,0.40515,5.98745,32.59443,310.21708,55.09634,0.3,0.3,0.0,0.0,0.0,0.0,0.0,0.0,0.11111,0,0,7.72544,-3.57999,0.22694,0.0,0.0,1.0,0.0,0.0,0.0
6mj38kfmwyifose3mdl_0002,0.1111111111111111,4,36	-0.89489,0.7566,-0.91216,0.06993,0.82401,-1.40747,0.57308,0.30016,0.39178,0.49115,2.25739,36.15617,229.89041,232.18841,0.3,0.3,0.0,0.0,0.0,0.0,0.0,0.0,0.11111,0,0,1.15215,-1.26,0.71793,0.0,0.0,0.0,0.0,0.0,0.0
1uqzbic8idl1vwvu483p_0020,0.1111111111111111,4,36	-0.89489,0.7566,-0.7048,-0.81113,0.3677,2.15835,0.57505,0.32437,0.4013,0.64277,2.14534,26.2372,306.42803,245.44941,0.3,0.3,0.0,0.0,0.0,0.0,0.0,0.0,0.11111,0,0,1.09855,-0.63999,0.6148,0.0,1.0,1.0,1.0,0.0,0.0
1uqzbic8idl1vwvu483p_0042,0.1111111111111111,4,36	-0.89489,0.7566,-2.26061,0.02835,0.1466,-0.3492,0.4728,0.26373,0.45935,0.60798,4.32977,34.99838,114.47577,59.39893,0.3,0.3,0.0,0.0,0.0,0.0,0.0,0.0,0.11111,0,0,0.05142,0.0,2.58374,0.0,0.0,1.0,0.0,0.0,0.0
1uqzbic8idl1vwvu483p_0057,0.1111111111111111,4,36	-0.89489,0.7566,-2.22653,-1.10096,-0.19884,-2.22008,0.32357,0.10474,0.39603,0.76211,6.40565,42.38652,230.86197,114.13455,0.3,0.3,0.0,0.0,0.0,0.0,0.0,0.0,0.11111,0,0,0.05396,0.0,2.51945,0.0,0.0,1.0,0.0,0.0,0.0
1uqzbic8idl1vwvu483p_0062,0.1111111111111111,4,36	-0.89489,0.7566,-0.95596,-0.4912,0.30611,-0.80408,0.36534,0.28269,0.39529,0.75235,7.64751,34.17231,304.12706,246.99225,0.3,0.3,0.0,0.0,0.0,0.0,0.0,0.0,0.11111,0,0,0.10244,0.0,1.53722,0.0,0.0,1.0,0.0,0.0,0.0
1uqzbic8idl1vwvu483p_0073,0.1111111111111111,4,36	-0.89489,0.7566,-0.53119,-0.58784,0.09861,-2.18489,0.45982,0.2819,0.31749,0.64429,13.91404,25.59464,302.3455,51.46984,0.3,0.3,0.0,0.0,0.0,0.0,0.0,0.0,0.11111,0,0,0.4711,-0.4,1.25465,0.0,0.0,1.0,0.0,0.0,0.0
6me1akuyqypr7w1ylx3_0003,0.1111111111111111,4,36	-0.89489,0.7566,-1.92376,-0.14779,0.71582,2.41263,0.3165,0.12262,0.40618,0.71887,13.58319,38.09499,299.8417,49.1683,0.3,0.3,0.0,0.0,0.0,0.0,0.0,0.0,0.11111,0,0,0.63907,-1.64,0.66742,0.0,0.0,1.0,1.0,0.0,0.0
1wffr3b0kijtsgvq9av7_0002,0.1111111111111111,4,36	-0.89489,0.7566,-0.26726,-0.91857,0.06333,-0.50143,0.49421,0.23804,0.38267,0.72298,17.23129,28.90047,229.29628,243.70447,0.3,0.3,0.0,0.0,0.0,0.0,0.0,0.0,0.11111,0,0,0.75398,-0.67999,0.77913,0.0,0.0,1.0,2.0,0.0,0.0
1wffr3b0kijtsgvq9av7_0012,0.1111111111111111,4,36	-0.89489,0.7566,-5.50968,-0.08519,0.2369,2.55978,0.51071,0.14138,0.36332,0.40181,8.6701,39.91743,301.21658,58.90843,0.3,0.3,0.0,0.0,0.0,0.0,0.0,0.0,0.11111,0,0,0.98972,-2.79999,0.52971,0.0,0.0,1.0,0.0,0.0,0.0
1wffr3b0kijtsgvq9av7_0026,0.1111111111111111,4,36	-0.89489,0.7566,-2.3712,-0.78436,-0.11941,-0.18042,0.42498,0.30179,0.34722,0.72495,12.32977,39.66352,295.38543,308.78676,0.3,0.3,0.0,0.0,0.0,0.0,0.0,0.0,0.11111,0,0,0.4159,-1.94,1.06809,0.0,0.0,0.0,0.0,0.0,0.0
1ukeoutdroaip91je5el_0006,0.1111111111111111,4,36	-0.89489,0.7566,-0.19043,-0.43852,0.9056,-0.21808,0.5439,0.31591,0.51144,0.42226,13.3559,39.32745,59.54633,119.15344,0.3,0.3,0.0,0.0,0.0,0.0,0.0,0.0,0.11111,0,0,0.93569,-0.76,0.78566,0.0,0.0,1.0,0.0,0.0,0.0
6uc82exva0kgb60au1y_0001,0.10810810810810811,4,37	-0.89489,0.7566,-2.66129,-0.73535,-0.05462,-0.10355,0.46666,0.31387,0.4328,0.47809,0.80801,35.57141,67.45634,297.57822,0.3,0.3,0.0,0.0,0.0,0.0,0.0,0.0,0.10810,0,0,0.51076,-1.08,0.742,0.0,1.0,1.0,2.0,0.0,0.0
6uc82exva0kgb60au1y_0003,0.10810810810810811,4,37	-0.89489,0.7566,-3.78892,-0.08518,0.89692,0.85774,0.56538,0.14524,0.41989,0.6913,15.6017,39.1117,67.358,48.18423,0.3,0.3,0.0,0.0,0.0,0.0,0.0,0.0,0.10810,0,0,0.20101,-2.11999,1.35375,0.0,0.0,1.0,1.0,0.0,0.0
6s68gnovt70zqcvsiio_0006,0.10810810810810811,4,37	-0.89489,0.7566,-7.15533,-0.00869,0.21684,1.91597,0.56499,0.10373,0.35933,0.52755,13.01225,26.57972,296.08363,59.37959,0.3,0.3,0.0,0.0,0.0,0.0,0.0,0.0,0.10810,0,0,0.64613,-8.34,0.86591,0.0,0.0,0.0,0.0,0.0,0.0
6stzx5er2t0d3vfwbjj_0005,0.10810810810810811,4,37	-0.89489,0.7566,-3.43409,-0.47761,0.39229,-1.40747,0.32147,0.10474,0.477,0.69993,16.7099,38.466,50.73599,234.73908,0.3,0.3,0.0,0.0,0.0,0.0,0.0,0.0,0.10810,0,0,0.37921,-3.31999,0.9288,0.0,0.0,1.0,0.0,0.0,0.0
1up7wiivhcnwx06ynzx5_0000,0.10810810810810811,4,37	-0.89489,0.7566,-3.98557,-0.52686,0.02827,1.36523,0.2468,0.21769,0.44665,1.02168,18.375,24.4375,295.15527,297.3913,0.3,0.3,0.0,0.0,0.0,0.0,0.0,0.0,0.10810,0,0,0.51024,-2.15999,0.65633,0.0,1.0,0.0,2.0,0.0,0.0
6me1akuyqypr7w1ylx3_0009,0.10810810810810811,4,37	-0.89489,0.7566,-2.82528,-0.39054,0.83561,0.50945,0.56408,0.15237,0.38481,0.53417,14.98606,31.2828,306.1157,63.56601,0.3,0.3,0.0,0.0,0.0,0.0,0.0,0.0,0.10810,0,0,0.77356,-1.68,0.66701,0.0,1.0,1.0,0.0,0.0,0.0
6uc82exva0kgb60au1y_0026,0.08571428571428572,3,35	-0.89489,0.7566,-1.27251,-0.86416,0.42193,0.85774,0.27361,0.27809,0.4508,0.53011,4.08052,28.71384,231.38519,67.04755,0.3,0.3,0.0,0.0,0.0,0.0,0.0,0.0,0.08571,0,0,0.18753,-0.61999,1.62736,0.0,0.0,1.0,0.0,0.0,0.0
6uc82exva0kgb60au1y_0032,0.08571428571428572,3,35	-0.89489,0.7566,-0.57273,-0.9064,0.35367,0.32547,0.41173,0.18603,0.41428,0.69986,9.366,26.94354,112.48493,63.98839,0.3,0.3,0.0,0.0,0.0,0.0,0.0,0.0,0.08571,0,0,0.61952,-1.0,0.88749,0.0,0.0,1.0,0.0,0.0,0.0
1wjljb6dddo7ytwa6qe3_0002,0.08571428571428572,3,35	-0.89489,0.7566,-1.34844,-1.04426,-0.20362,-1.34629,0.47511,0.22423,0.49986,0.39867,6.70624,29.91741,306.82273,52.98261,0.3,0.3,0.0,0.0,0.0,0.0,0.0,0.0,0.08571,0,0,0.50166,-1.1,0.92369,0.0,0.0,1.0,0.0,0.0,0.0
1wjljb6dddo7ytwa6qe3_0004,0.08571428571428572,3,35	-0.89489,0.7566,-2.07298,-0.62159,0.16192,0.42498,0.3287,0.17478,0.47016,0.74981,11.25903,27.10374,293.69774,234.615,0.3,0.3,0.0,0.0,0.0,0.0,0.0,0.0,0.08571,0,0,0.42342,-0.88,0.66179,0.0,0.0,1.0,0.0,0.0,0.0
1w5z1evvscdezrezmpj7_0003,0.08571428571428572,3,35	-0.89489,0.7566,-1.04211,-0.69754,0.2781,2.68739,0.2021,0.22263,0.43052,0.41537,1.0635,36.91101,50.81409,293.30219,0.3,0.3,0.0,0.0,0.0,0.0,0.0,0.0,0.08571,0,0,1.93844,-1.08,0.36094,0.0,0.0,1.0,1.0,0.0,0.0
6jjj20wuu5hq3raysvq_0001,0.08333333333333333,3,36	-0.89489,0.7566,-0.6978,-0.25172,0.4401,0.16086,0.44136,0.10403,0.5138,0.70752,12.93002,36.19012,306.79066,48.7259,0.3,0.3,0.0,0.0,0.0,0.0,0.0,0.0,0.08333,0,0,0.41265,-0.63999,0.86328,0.0,0.0,1.0,1.0,0.0,0.0
6uc82exva0kgb60au1y_0000,0.08333333333333333,3,36	-0.89489,0.7566,-6.60385,-0.36415,0.1075,-0.10355,0.17386,0.09977,0.4857,0.60929,15.50132,24.05681,248.27598,57.36009,0.3,0.3,0.0,0.0,0.0,0.0,0.0,0.0,0.08333,0,0,0.30579,-4.45999,0.73419,0.0,1.0,1.0,2.0,0.0,0.0
6uc82exva0kgb60au1y_0013,0.08333333333333333,3,36	-0.89489,0.7566,-2.82528,-0.39054,0.83561,2.48312,0.34835,0.14166,0.38481,0.53417,14.98606,31.2828,306.1157,63.56601,0.3,0.3,0.0,0.0,0.0,0.0,0.0,0.0,0.08333,0,0,0.49569,-1.7,0.71191,0.0,1.0,1.0,0.0,0.0,0.0
6uc82exva0kgb60au1y_0023,0.08333333333333333,3,36	-0.89489,0.7566,-5.8763,-0.3674,0.31817,-0.10355,0.57108,0.22709,0.53343,0.55438,11.30039,30.95595,121.71918,246.79108,0.3,0.3,0.0,0.0,0.0,0.0,0.0,0.0,0.08333,0,0,232.61337,-2.21999,0.03154,0.0,0.0,1.0,0.0,0.0,0.0
1vk16l3ll5qvx1jjlstl_0004,0.08333333333333333,3,36	-0.89489,0.7566,-6.87961,-0.10736,0.18362,0.76011,0.3971,0.17853,0.3356,0.71595,8.23406,34.30679,243.81776,123.97504,0.3,0.3,0.0,0.0,0.0,0.0,0.0,0.0,0.08333,0,0,1.04905,-3.21999,0.46925,0.0,0.0,1.0,0.0,0.0,0.0
1vk16l3ll5qvx1jjlstl_0012,0.08333333333333333,3,36	-0.89489,0.7566,-0.41953,-0.60983,0.41084,-0.39662,0.48908,0.11662,0.43395,0.74365,1.90765,28.34833,248.12743,246.51782,0.3,0.3,0.0,0.0,0.0,0.0,0.0,0.0,0.08333,0,0,0.64641,-0.65999,0.74422,0.0,1.0,0.0,0.0,0.0,0.0
6u9d5f4fy3fwcsq0ptz_0005,0.08333333333333333,3,36	-0.89489,0.7566,-1.71295,-0.73244,0.37558,2.70975,0.37266,0.26132,0.31834,0.61336,19.82072,41.16672,116.61964,307.77979,0.3,0.3,0.0,0.0,0.0,0.0,0.0,0.0,0.08333,0,0,0.04896,0.0,2.11279,0.0,0.0,1.0,1.0,0.0,0.0
6gw7yo9sgkbtmcghagc_0001,0.08333333333333333,3,36	-0.89489,0.7566,-1.47119,-0.79054,0.55477,-0.2208,0.40989,0.20167,0.49965,0.66219,2.00284,36.50293,291.90842,124.62116,0.3,0.3,0.0,0.0,0.0,0.0,0.0,0.0,0.08333,0,0,1.95364,-0.78,0.34844,0.0,0.0,1.0,1.0,0.0,0.0
1w5z1evvscdezrezmpj7_0010,0.08333333333333333,3,36	-0.89489,0.7566,-1.44222,-0.32605,0.39438,2.08375,0.3437,0.10116,0.318,0.607,17.73963,31.9386,125.15938,239.95793,0.3,0.3,0.0,0.0,0.0,0.0,0.0,0.0,0.08333,0,0,7.13553,-1.52,0.19125,0.0,0.0,0.0,0.0,0.0,0.0
6s68gnovt70zqcvsiio_0000,0.08333333333333333,3,36	-0.89489,0.7566,3.62669,-0.62327,0.13694,-2.70236,0.32493,0.13144,0.36559,0.62753,3.70487,30.9527,129.06785,304.87884,0.3,0.3,0.0,0.0,0.0,0.0,0.0,0.0,0.08333,0,0,0.54187,-2.39999,0.68363,0.0,0.0,1.0,1.0,0.0,0.0
6s68gnovt70zqcvsiio_0007,0.08333333333333333,3,36	-0.89489,0.7566,-7.15533,-0.18967,0.19792,1.91597,0.27546,0.24015,0.35933,0.52755,9.75,26.57972,237.01863,59.37959,0.3,0.3,0.0,0.0,0.0,0.0,0.0,0.0,0.08333,0,0,0.49172,-8.34,0.90269,0.0,1.0,0.0,0.0,0.0,0.0
1tjq9kwvs80857g9or9y_0001,0.08333333333333333,3,36	-0.89489,0.7566,-1.30938,-0.80776,-0.16642,2.27356,0.4641,0.16297,0.42199,0.5724,1.01124,31.91579,55.33757,294.05961,0.3,0.3,0.0,0.0,0.0,0.0,0.0,0.0,0.08333,0,0,0.47979,-0.88,0.82607,0.0,0.0,1.0,0.0,0.0,0.0
6stzx5er2t0d3vfwbjj_0001,0.08333333333333333,3,36	-0.89489,0.7566,-3.11243,-0.30331,0.19738,-1.40747,0.40093,0.2978,0.40606,0.49813,10.03511,27.73756,124.2776,245.09277,0.3,0.3,0.0,0.0,0.0,0.0,0.0,0.0,0.08333,0,0,1.20218,-1.56,0.48853,0.0,0.0,1.0,1.0,0.0,0.0
1uqzbic8idl1vwvu483p_0007,0.08333333333333333,3,36	-0.89489,0.7566,-6.39297,-0.37537,0.03551,-2.18489,0.49749,0.21087,0.42669,0.60574,11.49707,36.12909,237.62821,231.62443,0.3,0.3,0.0,0.0,0.0,0.0,0.0,0.0,0.08333,0,0,0.49467,-4.93999,0.92385,0.0,0.0,1.0,2.0,0.0,0.0
1uqzbic8idl1vwvu483p_0013,0.08333333333333333,3,36	-0.89489,0.7566,-1.53731,-0.87486,0.53489,-1.65055,0.45969,0.23551,0.52011,0.71532,1.79102,31.34333,54.39541,236.41424,0.3,0.3,0.0,0.0,0.0,0.0,0.0,0.0,0.08333,0,0,0.29254,-1.38,1.40923,0.0,0.0,1.0,1.0,0.0,0.0
1uqzbic8idl1vwvu483p_0030,0.08333333333333333,3,36	-0.89489,0.7566,1.96987,-1.11254,-0.10441,-0.80408,0.57505,0.26822,0.44253,1.02168,10.6875,37.0,294.03726,88.32298,0.3,0.3,0.0,0.0,0.0,0.0,0.0,0.0,0.08333,0,0,0.42235,-0.67999,0.78525,0.0,1.0,1.0,0.0,0.0,0.0
1uqzbic8idl1vwvu483p_0038,0.08333333333333333,3,36	-0.89489,0.7566,-2.59278,-0.70329,0.34872,-0.3492,0.46288,0.10172,0.4501,0.56563,6.51565,42.07339,302.9819,123.34827,0.3,0.3,0.0,0.0,0.0,0.0,0.0,0.0,0.08333,0,0,0.02519,0.0,2.88615,0.0,0.0,1.0,0.0,0.0,0.0
1uqzbic8idl1vwvu483p_0055,0.08333333333333333,3,36	-0.89489,0.7566,-1.07494,-0.70068,0.29229,-2.22008,0.28755,0.3199,0.30572,0.40124,11.24213,35.2224,248.17337,61.07735,0.3,0.3,0.0,0.0,0.0,0.0,0.0,0.0,0.08333,0,0,0.79095,-1.86,0.82968,0.0,0.0,1.0,0.0,0.0,0.0
1uqzbic8idl1vwvu483p_0067,0.08333333333333333,3,36	-0.89489,0.7566,-2.402,-0.63339,0.07002,1.23256,0.29631,0.28046,0.34842,0.58501,15.00447,42.24352,52.3285,48.52924,0.3,0.3,0.0,0.0,0.0,0.0,0.0,0.0,0.08333,0,0,0.36445,-2.99999,1.18579,0.0,0.0,1.0,0.0,0.0,0.0
6me1akuyqypr7w1ylx3_0020,0.08333333333333333,3,36	-0.89489,0.7566,-2.59858,-0.50426,0.32712,2.41263,0.46609,0.2522,0.44891,0.59257,18.56463,30.60534,294.21562,55.20045,0.3,0.3,0.0,0.0,0.0,0.0,0.0,0.0,0.08333,0,0,0.22682,-4.55999,2.06315,0.0,0.0,1.0,0.0,0.0,0.0
1wffr3b0kijtsgvq9av7_0003,0.08333333333333333,3,36	-0.89489,0.7566,-2.85255,-0.29194,-0.12338,-0.50143,0.50752,0.22346,0.41277,0.66234,11.89228,29.87166,64.87205,307.89349,0.3,0.3,0.0,0.0,0.0,0.0,0.0,0.0,0.08333,0,0,0.59115,-2.02,0.8323,0.0,0.0,1.0,1.0,0.0,0.0
1wffr3b0kijtsgvq9av7_0013,0.08333333333333333,3,36	-0.89489,0.7566,-1.73997,-0.18246,0.88384,-2.72793,0.40214,0.22977,0.31259,0.46084,7.41135,32.79754,123.55283,55.49275,0.3,0.3,0.0,0.0,0.0,0.0,0.0,0.0,0.08333,0,0,0.7101,-0.98,0.6319,0.0,0.0,1.0,0.0,0.0,0.0
1ukeoutdroaip91je5el_0002,0.08333333333333333,3,36	-0.89489,0.7566,-1.64999,-0.45806,0.18128,-0.67,0.49085,0.19444,0.47044,0.56174,19.12621,37.2953,126.93693,242.21124,0.3,0.3,0.0,0.0,0.0,0.0,0.0,0.0,0.08333,0,0,0.9264,-1.04,0.59197,0.0,0.0,1.0,1.0,0.0,0.0
1ukeoutdroaip91je5el_0009,0.08333333333333333,3,36	-0.89489,0.7566,-2.00949,-0.48796,0.2365,-1.07054,0.19896,0.13431,0.37989,0.73479,5.46822,26.14379,236.24568,235.55745,0.3,0.3,0.0,0.0,0.0,0.0,0.0,0.0,0.08333,0,0,0.55834,-1.16,0.53429,0.0,0.0,1.0,0.0,0.0,0.0
1ukeoutdroaip91je5el_0013,0.08333333333333333,3,36	-0.89489,0.7566,-1.10317,-0.72116,0.20394,-0.67,0.53811,0.13568,0.52116,0.45484,4.70691,39.20312,56.39396,235.95756,0.3,0.3,0.0,0.0,0.0,0.0,0.0,0.0,0.08333,0,0,1.14141,-0.88,0.54372,0.0,0.0,1.0,0.0,0.0,0.0
6uc82exva0kgb60au1y_0018,0.08108108108108109,3,37	-0.89489,0.7566,-3.83765,-0.13565,0.3121,2.48312,0.37043,0.31963,0.46503,0.71219,12.75035,34.95397,231.45309,128.18485,0.3,0.3,0.0,0.0,0.0,0.0,0.0,0.0,0.08108,0,0,1.00672,-1.9,0.53187,0.0,0.0,1.0,0.0,0.0,0.0
1vk16l3ll5qvx1jjlstl_0011,0.08108108108108109,3,37	-0.89489,0.7566,-1.32144,-0.24274,0.43577,-0.39662,0.15562,0.25699,0.41947,0.73141,8.37851,30.25,118.10133,239.25465,0.3,0.3,0.0,0.0,0.0,0.0,0.0,0.0,0.08108,0,0,0.33646,-0.8,0.77184,0.0,1.0,0.0,0.0,0.0,0.0
1mrqr7fny71cnu9x6tzq_0005,0.08108108108108109,3,37	-0.89489,0.7566,-1.54795,-0.44256,-0.28275,1.83101,0.47605,0.30191,0.44253,1.08873,1.875,36.625,176.64596,239.25465,0.3,0.3,0.0,0.0,0.0,0.0,0.0,0.0,0.08108,0,0,0.44837,-1.1,0.9961,0.0,1.0,0.0,0.0,0.0,0.0
1mrqr7fny71cnu9x6tzq_0011,0.08108108108108109,3,37	-0.89489,0.7566,-1.54795,-0.21777,-0.43826,1.83101,0.52555,0.09977,0.59096,1.02168,1.62303,38.11687,243.01329,237.81032,0.3,0.3,0.0,0.0,0.0,0.0,0.0,0.0,0.08108,0,0,0.23559,-1.0,1.28642,0.0,1.0,0.0,0.0,0.0,0.0
6ot6xua7grmguilelml_0002,0.08108108108108109,3,37	-0.89489,0.7566,-1.84359,-0.29226,1.02805,-0.63968,0.54637,0.25255,0.50361,0.51877,11.36875,29.34174,115.67194,299.36231,0.3,0.3,0.0,0.0,0.0,0.0,0.0,0.0,0.08108,0,0,0.79838,-1.3,0.72537,0.0,0.0,1.0,0.0,0.0,0.0
6s68gnovt70zqcvsiio_0009,0.08108108108108109,3,37	-0.89489,0.7566,-7.15533,-0.18967,0.19792,1.91597,0.36664,0.16575,0.35933,0.52755,0.1875,26.6875,228.07453,55.90062,0.3,0.3,0.0,0.0,0.0,0.0,0.0,0.0,0.08108,0,0,0.5242,-8.32,0.8859,0.0,1.0,0.0,0.0,0.0,0.0
1wffr3b0kijtsgvq9av7_0010,0.08108108108108109,3,37	-0.89489,0.7566,-3.16753,-0.25262,0.69387,2.55978,0.50098,0.27355,0.38096,0.44145,15.70494,27.4945,245.39961,49.63847,0.3,0.3,0.0,0.0,0.0,0.0,0.0,0.0,0.08108,0,0,1.20758,-1.46,0.49434,0.0,0.0,1.0,0.0,0.0,0.0
1wffr3b0kijtsgvq9av7_0011,0.08108108108108109,3,37	-0.89489,0.7566,-4.82346,-0.22509,0.35875,2.55978,0.55529,0.1239,0.48467,0.50138,15.79486,38.60449,54.22943,242.94757,0.3,0.3,0.0,0.0,0.0,0.0,0.0,0.0,0.08108,0,0,2.82994,-2.21999,0.29878,0.0,0.0,1.0,0.0,0.0,0.0
1wffr3b0kijtsgvq9av7_0015,0.08108108108108109,3,37	-0.89489,0.7566,-1.77861,-0.46813,1.00549,-2.72793,0.3565,0.21544,0.33871,0.50669,16.63959,37.7413,60.55507,54.67874,0.3,0.3,0.0,0.0,0.0,0.0,0.0,0.0,0.08108,0,0,1.2973,-1.04,0.44205,0.0,0.0,1.0,0.0,0.0,0.0
6uc82exva0kgb60au1y_0028,0.05714285714285714,2,35	-0.89489,0.7566,-0.7053,-0.60882,0.0725,0.85774,0.38717,0.18865,0.39425,0.57664,9.1165,42.70229,62.26526,312.45831,0.3,0.3,0.0,0.0,0.0,0.0,0.0,0.0,0.05714,0,0,1.10702,-1.06,0.59881,0.0,0.0,1.0,0.0,0.0,0.0
6u9d5f4fy3fwcsq0ptz_0002,0.05714285714285714,2,35	-0.89489,0.7566,-1.06891,0.02807,0.8136,2.70975,0.55912,0.2968,0.36355,0.54528,17.39954,35.87667,235.03688,66.77984,0.3,0.3,0.0,0.0,0.0,0.0,0.0,0.0,0.05714,0,0,0.97309,-1.06,0.72323,0.0,0.0,1.0,1.0,0.0,0.0
1w5z1evvscdezrezmpj7_0002,0.05714285714285714,2,35	-0.89489,0.7566,-3.16507,-0.13291,0.0166,2.68739,0.44215,0.19439,0.3296,0.63185,1.32699,30.77139,242.79353,233.83454,0.3,0.3,0.0,0.0,0.0,0.0,0.0,0.0,0.05714,0,0,0.31767,-1.48,0.92048,0.0,0.0,1.0,1.0,0.0,0.0
1w5z1evvscdezrezmpj7_0008,0.05714285714285714,2,35	-0.89489,0.7566,-1.56054,0.12061,0.41569,2.68739,0.55165,0.2689,0.42678,0.47237,10.03708,24.28761,292.07603,241.19213,0.3,0.3,0.0,0.0,0.0,0.0,0.0,0.0,0.05714,0,0,0.44481,-0.94,0.95831,0.0,0.0,1.0,0.0,0.0,0.0
6jjj20wuu5hq3raysvq_0005,0.05555555555555555,2,36	-0.89489,0.7566,-1.05055,-0.04092,0.46572,0.16086,0.37887,0.21631,0.48842,0.74838,18.21791,43.6997,298.89424,112.70475,0.3,0.3,0.0,0.0,0.0,0.0,0.0,0.0,0.05555,0,0,0.41631,-0.78,0.88574,0.0,0.0,1.0,1.0,0.0,0.0
6jjj20wuu5hq3raysvq_0016,0.05555555555555555,2,36	-0.89489,0.7566,-2.50257,-0.34364,0.50549,-2.00746,0.24854,0.16122,0.50574,0.65638,1.58911,41.56404,115.64127,50.30747,0.3,0.3,0.0,0.0,0.0,0.0,0.0,0.0,0.05555,0,0,0.08797,-1.12,2.70374,0.0,0.0,1.0,0.0,0.0,0.0
6jjj20wuu5hq3raysvq_0020,0.05555555555555555,2,36	-0.89489,0.7566,-4.28073,-0.23743,0.27602,-2.00746,0.49658,0.31738,0.44285,0.73803,12.91882,35.4358,307.39209,242.21065,0.3,0.3,0.0,0.0,0.0,0.0,0.0,0.0,0.05555,0,0,12.49768,-3.25999,0.16639,0.0,0.0,1.0,0.0,0.0,0.0
6uc82exva0kgb60au1y_0004,0.05555555555555555,2,36	-0.89489,0.7566,-1.56438,-0.63894,1.11174,0.32547,0.54894,0.26885,0.30281,0.62315,12.97111,35.52899,236.38804,51.29908,0.3,0.3,0.0,0.0,0.0,0.0,0.0,0.0,0.05555,0,0,0.71369,-1.2,0.79884,0.0,0.0,1.0,1.0,0.0,0.0
6uc82exva0kgb60au1y_0015,0.05555555555555555,2,36	-0.89489,0.7566,-1.09246,-0.8526,0.12399,1.38834,0.53167,0.19746,0.53008,0.41587,7.40581,25.42345,311.0923,62.40018,0.3,0.3,0.0,0.0,0.0,0.0,0.0,0.0,0.05555,0,0,0.52057,-1.56,1.14467,0.0,0.0,1.0,0.0,0.0,0.0
1mrqr7fny71cnu9x6tzq_0001,0.05555555555555555,2,36	-0.89489,0.7566,-1.29894,-0.95152,-0.19412,1.83101,0.41959,0.26677,0.3674,0.59623,9.74941,38.89878,116.58203,295.28306,0.3,0.3,0.0,0.0,0.0,0.0,0.0,0.0,0.05555,0,0,0.36893,-0.63999,0.86969,0.0,0.0,1.0,1.0,0.0,0.0
6u9d5f4fy3fwcsq0ptz_0010,0.05555555555555555,2,36	-0.89489,0.7566,-1.34323,-0.84046,0.15585,1.91778,0.44412,0.23047,0.36541,0.74541,9.77588,36.85959,51.75095,48.35111,0.3,0.3,0.0,0.0,0.0,0.0,0.0,0.0,0.05555,0,0,0.58625,-0.67999,0.6726,0.0,0.0,1.0,0.0,0.0,0.0
6u9d5f4fy3fwcsq0ptz_0016,0.05555555555555555,2,36	-0.89489,0.7566,-2.24927,-0.22395,0.98895,2.70975,0.44206,0.25712,0.38691,0.46881,7.93845,36.64597,307.17667,54.74614,0.3,0.3,0.0,0.0,0.0,0.0,0.0,0.0,0.05555,0,0,0.49374,-1.46,0.87084,0.0,0.0,1.0,0.0,0.0,0.0
6ot6xua7grmguilelml_0003,0.05555555555555555,2,36	-0.89489,0.7566,-3.02544,-0.25386,0.67315,-0.63968,0.43921,0.16751,0.405,0.46637,1.68462,41.03904,294.59556,65.64246,0.3,0.3,0.0,0.0,0.0,0.0,0.0,0.0,0.05555,0,0,0.95669,-1.8,0.55158,0.0,0.0,1.0,0.0,0.0,0.0
1tb6wa3qabe4um1vawil_0003,0.05555555555555555,2,36	-0.89489,0.7566,-3.20893,-0.71891,0.24087,0.90778,0.44915,0.15375,0.35906,0.57584,3.38833,30.96792,62.07036,60.00979,0.3,0.3,0.0,0.0,0.0,0.0,0.0,0.0,0.05555,0,0,0.13445,-3.35999,2.168,0.0,0.0,0.0,0.0,0.0,0.0
6stzx5er2t0d3vfwbjj_0002,0.05555555555555555,2,36	-0.89489,0.7566,-1.7062,-1.00172,0.69656,-1.40747,0.2177,0.27781,0.42865,0.69979,11.54459,29.46777,299.25293,115.68123,0.3,0.3,0.0,0.0,0.0,0.0,0.0,0.0,0.05555,0,0,0.04332,0.0,2.09461,0.0,0.0,1.0,0.0,0.0,0.0
1uqzbic8idl1vwvu483p_0074,0.05555555555555555,2,36	-0.89489,0.7566,-0.15879,-1.03211,1.0622,-2.18489,0.1728,0.31973,0.42114,0.7213,16.82191,35.53084,241.33934,129.29394,0.3,0.3,0.0,0.0,0.0,0.0,0.0,0.0,0.05555,0,0,3.73032,-0.63999,0.25529,0.0,0.0,1.0,0.0,0.0,0.0
6me1akuyqypr7w1ylx3_0008,0.05555555555555555,2,36	-0.89489,0.7566,-1.81594,-0.6745,0.08251,0.50945,0.49555,0.22345,0.44233,0.66436,2.65798,31.57996,119.89154,303.7901,0.3,0.3,0.0,0.0,0.0,0.0,0.0,0.0,0.05555,0,0,1.40644,-1.24,0.49917,0.0,1.0,1.0,0.0,0.0,0.0
1wffr3b0kijtsgvq9av7_0018,0.05555555555555555,2,36	-0.89489,0.7566,-1.20764,-0.55844,-0.09111,-0.50143,0.29754,0.2962,0.37397,0.50875,7.60214,30.21529,49.24158,245.82154,0.3,0.3,0.0,0.0,0.0,0.0,0.0,0.0,0.05555,0,0,0.46804,-0.9,0.83863,0.0,0.0,1.0,0.0,0.0,0.0
1ukeoutdroaip91je5el_0011,0.05555555555555555,2,36	-0.89489,0.7566,-0.61237,-0.65458,0.0705,-0.67,0.45909,0.29294,0.4693,0.54232,5.56081,25.85006,243.81822,49.65648,0.3,0.3,0.0,0.0,0.0,0.0,0.0,0.0,0.05555,0,0,0.63424,-1.36,1.11469,0.0,0.0,1.0,0.0,0.0,0.0
6uc82exva0kgb60au1y_0010,0.05405405405405406,2,37	-0.89489,0.7566,-2.15829,-0.46147,0.04388,-0.10355,0.24272,0.20419,0.46379,0.39989,8.29631,29.44361,241.1814,303.30408,0.3,0.3,0.0,0.0,0.0,0.0,0.0,0.0,0.05405,0,0,0.75813,-1.56,0.5796,0.0,0.0,1.0,1.0,0.0,0.0
1w5z1evvscdezrezmpj7_0004,0.05405405405405406,2,37	-0.89489,0.7566,2.22891,0.07683,0.50475,-2.4594,0.36378,0.29032,0.49673,0.72241,6.46959,41.67189,55.52704,235.58396,0.3,0.3,0.0,0.0,0.0,0.0,0.0,0.0,0.05405,0,0,0.32431,-1.06,0.92268,0.0,0.0,1.0,0.0,0.0,0.0
1uqzbic8idl1vwvu483p_0023,0.05405405405405406,2,37	-0.89489,0.7566,-2.70941,-0.25692,0.26733,-1.65055,0.4725,0.13523,0.52848,0.69585,5.56577,31.13729,294.11953,62.64269,0.3,0.3,0.0,0.0,0.0,0.0,0.0,0.0,0.05405,0,0,0.33445,-7.94,1.47002,0.0,0.0,1.0,1.0,0.0,0.0
1uqzbic8idl1vwvu483p_0075,0.05405405405405406,2,37	-0.89489,0.7566,1.12682,0.82676,1.11644,2.15835,0.19886,0.27386,0.47369,0.67536,1.71162,32.87966,301.20561,300.46436,0.3,0.3,0.0,0.0,0.0,0.0,0.0,0.0,0.05405,0,0,0.13071,-0.44,1.44407,0.0,0.0,1.0,0.0,0.0,0.0
6me1akuyqypr7w1ylx3_0006,0.05405405405405406,2,37	-0.89489,0.7566,-3.74592,-0.96884,-0.35773,2.41263,0.56622,0.18415,0.43373,0.70923,18.29977,30.96049,239.23835,301.86322,0.3,0.3,0.0,0.0,0.0,0.0,0.0,0.0,0.05405,0,0,0.16336,-1.22,1.20988,0.0,0.0,1.0,1.0,0.0,0.0
1wffr3b0kijtsgvq9av7_0004,0.05405405405405406,2,37	-0.89489,0.7566,-0.28303,-1.11641,-0.0121,-0.50143,0.43806,0.30884,0.4333,0.61649,11.71073,27.49191,240.85183,48.4439,0.3,0.3,0.0,0.0,0.0,0.0,0.0,0.0,0.05405,0,0,0.66896,-0.72,0.89701,0.0,0.0,1.0,1.0,0.0,0.0
1wffr3b0kijtsgvq9av7_0007,0.05405405405405406,2,37	-0.89489,0.7566,-0.98069,-0.67573,0.09587,-0.50143,0.40714,0.28988,0.48565,0.63644,7.1831,34.92541,113.11739,241.68458,0.3,0.3,0.0,0.0,0.0,0.0,0.0,0.0,0.05405,0,0,0.65513,-0.74,0.72924,0.0,0.0,1.0,1.0,0.0,0.0
6jjj20wuu5hq3raysvq_0002,0.02857142857142857,1,35	-0.89489,0.7566,-3.18317,-0.66487,0.42827,-1.94228,0.40307,0.24377,0.38885,0.63019,11.86965,36.33274,243.87247,51.26138,0.3,0.3,0.0,0.0,0.0,0.0,0.0,0.0,0.02857,0,0,0.72554,-2.27999,0.70524,0.0,0.0,1.0,1.0,0.0,0.0
6uc82exva0kgb60au1y_0005,0.02857142857142857,1,35	-0.89489,0.7566,-2.66129,-0.73535,-0.05462,-0.10355,0.46666,0.31387,0.4328,0.47809,0.80801,35.57141,247.45634,297.57822,0.3,0.3,0.0,0.0,0.0,0.0,0.0,0.0,0.02857,0,0,0.51076,-1.08,0.742,0.0,0.0,1.0,1.0,0.0,0.0
6gw7yo9sgkbtmcghagc_0000,0.02857142857142857,1,35	-0.89489,0.7566,-2.4139,-0.33835,0.22594,-0.2208,0.35681,0.28858,0.50624,0.5807,8.57685,29.31465,113.3685,239.91746,0.3,0.3,0.0,0.0,0.0,0.0,0.0,0.0,0.02857,0,0,0.60962,-1.1,0.64539,0.0,0.0,1.0,1.0,0.0,0.0
1uqzbic8idl1vwvu483p_0012,0.02857142857142857,1,35	-0.89489,0.7566,-2.45976,-0.62975,-0.11424,2.15835,0.41579,0.25589,0.33321,0.49565,9.99527,29.12812,246.9911,300.08676,0.3,0.3,0.0,0.0,0.0,0.0,0.0,0.0,0.02857,0,0,0.52492,-1.46,0.79793,0.0,1.0,1.0,1.0,0.0,0.0
1uqzbic8idl1vwvu483p_0053,0.02857142857142857,1,35	-0.89489,0.7566,-2.85852,-0.91389,0.46458,-2.22008,0.49228,0.21215,0.52955,0.56667,19.4597,38.13517,235.53834,293.51369,0.3,0.3,0.0,0.0,0.0,0.0,0.0,0.0,0.02857,0,0,0.10739,-1.96,2.43592,0.0,0.0,1.0,0.0,0.0,0.0
1wffr3b0kijtsgvq9av7_0006,0.02857142857142857,1,35	-0.89489,0.7566,-3.36063,-0.19578,0.66003,-0.50143,0.57017,0.10275,0.35252,0.48063,11.06959,37.15744,61.59626,56.04005,0.3,0.3,0.0,0.0,0.0,0.0,0.0,0.0,0.02857,0,0,0.75941,-1.98,0.65343,0.0,0.0,1.0,1.0,0.0,0.0
6jjj20wuu5hq3raysvq_0018,0.027777777777777776,1,36	-0.89489,0.7566,-2.06904,-0.57123,0.26944,-2.00746,0.57223,0.13871,0.51074,0.63468,16.55099,31.23518,115.89098,307.42899,0.3,0.3,0.0,0.0,0.0,0.0,0.0,0.0,0.02777,0,0,8.74201,-1.68,0.19562,0.0,0.0,1.0,0.0,0.0,0.0
6uc82exva0kgb60au1y_0006,0.027777777777777776,1,36	-0.89489,0.7566,-1.24825,-0.80686,0.00591,-0.10355,0.30972,0.12292,0.53457,0.40246,1.87698,42.36082,67.84485,303.54086,0.3,0.3,0.0,0.0,0.0,0.0,0.0,0.0,0.02777,0,0,0.64012,-1.1,0.64417,0.0,0.0,1.0,1.0,0.0,0.0
6uc82exva0kgb60au1y_0009,0.027777777777777776,1,36	-0.89489,0.7566,-5.04469,-0.10806,0.44245,0.32547,0.47377,0.11224,0.51405,0.53077,3.41825,40.72164,115.312,124.85431,0.3,0.3,0.0,0.0,0.0,0.0,0.0,0.0,0.02777,0,0,0.62229,-2.27999,0.61392,0.0,0.0,1.0,1.0,0.0,0.0
6uc82exva0kgb60au1y_0035,0.027777777777777776,1,36	-0.89489,0.7566,-4.51853,-0.34982,0.12148,0.74783,0.32782,0.13518,0.48453,0.41889,6.96239,32.522,236.6451,309.01076,0.3,0.3,0.0,0.0,0.0,0.0,0.0,0.0,0.02777,0,0,0.7489,-4.81999,0.67545,0.0,0.0,0.0,0.0,0.0,0.0
1vk16l3ll5qvx1jjlstl_0005,0.027777777777777776,1,36	-0.89489,0.7566,-4.94348,-0.71623,0.2968,0.76011,0.28246,0.27741,0.34942,0.68281,9.10636,39.80416,231.69085,48.18892,0.3,0.3,0.0,0.0,0.0,0.0,0.0,0.0,0.02777,0,0,0.26511,-2.63999,1.00865,0.0,0.0,1.0,0.0,0.0,0.0
6q92tykreec5t7ylaa7_0000,0.027777777777777776,1,36	-0.89489,0.7566,-2.33054,-0.56243,0.21856,-0.67423,0.32995,0.11913,0.43892,0.66487,5.54946,31.71354,64.67885,244.70597,0.3,0.3,0.0,0.0,0.0,0.0,0.0,0.0,0.02777,0,0,0.43506,-0.96,0.61194,0.0,0.0,0.0,0.0,0.0,0.0
6ot6xua7grmguilelml_0005,0.027777777777777776,1,36	-0.89489,0.7566,-3.84921,-0.47417,0.27542,0.26462,0.52079,0.19977,0.40314,0.40617,10.95842,43.62419,235.18665,292.63269,0.3,0.3,0.0,0.0,0.0,0.0,0.0,0.0,0.02777,0,0,3.33962,-2.53999,0.31428,0.0,0.0,0.0,0.0,0.0,0.0
1wcezsfdojvkprqzgac1_0003,0.027777777777777776,1,36	-0.89489,0.7566,-3.54096,-0.46509,0.0403,-1.53911,0.33249,0.29938,0.31065,0.74645,9.55598,34.74056,303.90667,228.98509,0.3,0.3,0.0,0.0,0.0,0.0,0.0,0.0,0.02777,0,0,0.83228,-3.27999,0.6991,0.0,0.0,1.0,0.0,0.0,0.0
1w5z1evvscdezrezmpj7_0000,0.027777777777777776,1,36	-0.89489,0.7566,-2.42359,-0.12322,0.73262,2.68739,0.4754,0.11573,0.45019,0.55923,0.5226,42.97069,124.13857,48.72456,0.3,0.3,0.0,0.0,0.0,0.0,0.0,0.0,0.02777,0,0,0.63201,-1.64,0.71511,0.0,0.0,1.0,1.0,0.0,0.0
6s68gnovt70zqcvsiio_0008,0.027777777777777776,1,36	-0.89489,0.7566,-7.15533,-0.18967,0.19792,1.91597,0.27546,0.24015,0.35933,0.52755,0.1875,26.6875,228.07453,55.90062,0.3,0.3,0.0,0.0,0.0,0.0,0.0,0.0,0.02777,0,0,0.49172,-8.34,0.90269,0.0,1.0,0.0,0.0,0.0,0.0
1tr1hf6mg2idmfny6gee_0000,0.027777777777777776,1,36	-0.89489,0.7566,-2.56786,-0.29456,0.95258,1.75084,0.53619,0.30647,0.36123,0.666,16.79683,38.6312,64.32837,309.76252,0.3,0.3,0.0,0.0,0.0,0.0,0.0,0.0,0.02777,0,0,0.81363,-1.36,0.66853,0.0,0.0,0.0,0.0,0.0,0.0
1up7wiivhcnwx06ynzx5_0003,0.027777777777777776,1,36	-0.89489,0.7566,-3.98557,-0.49876,0.09896,1.36523,0.23899,0.17558,0.44665,1.18451,18.0,22.375,286.21118,290.68322,0.3,0.3,0.0,0.0,0.0,0.0,0.0,0.0,0.02777,0,0,0.77465,-2.15999,0.50067,0.0,1.0,0.0,0.0,0.0,0.0
1uqzbic8idl1vwvu483p_0014,0.027777777777777776,1,36	-0.89489,0.7566,-2.152,-0.85471,0.05526,-1.65055,0.46928,0.30017,0.43344,0.67441,17.02233,37.19951,238.36506,243.69181,0.3,0.3,0.0,0.0,0.0,0.0,0.0,0.0,0.02777,0,0,0.07304,0.0,2.4703,0.0,0.0,1.0,1.0,0.0,0.0
1uqzbic8idl1vwvu483p_0056,0.027777777777777776,1,36	-0.89489,0.7566,-5.80153,-0.29084,0.16036,-2.22008,0.21852,0.12464,0.48693,0.71921,13.70285,40.05151,112.32451,311.04884,0.3,0.3,0.0,0.0,0.0,0.0,0.0,0.0,0.02777,0,0,1.44845,-4.47999,0.37639,0.0,0.0,1.0,0.0,0.0,0.0
1wffr3b0kijtsgvq9av7_0024,0.027777777777777776,1,36	-0.89489,0.7566,-0.50588,-1.02307,0.15515,0.57272,0.4834,0.19114,0.33214,0.4104,18.16197,25.1426,66.77741,308.60937,0.3,0.3,0.0,0.0,0.0,0.0,0.0,0.0,0.02777,0,0,0.9446,-0.7,0.62937,0.0,0.0,0.0,0.0,0.0,0.0
6jjj20wuu5hq3raysvq_0014,0.02702702702702703,1,37	-0.89489,0.7566,-0.30985,-0.52448,0.79593,0.16086,0.47055,0.12752,0.51194,0.4663,11.18635,24.42694,52.32893,296.54055,0.3,0.3,0.0,0.0,0.0,0.0,0.0,0.0,0.02702,0,0,0.79517,-0.65999,0.66303,0.0,0.0,1.0,0.0,0.0,0.0
6uc82exva0kgb60au1y_0017,0.02702702702702703,1,37	-0.89489,0.7566,-0.54967,-0.84871,0.48597,2.48312,0.48925,0.23865,0.48919,0.41721,1.91031,42.93125,238.45435,238.21344,0.3,0.3,0.0,0.0,0.0,0.0,0.0,0.0,0.02702,0,0,0.93597,-0.61999,0.6151,0.0,0.0,1.0,0.0,0.0,0.0
6uc82exva0kgb60au1y_0030,0.02702702702702703,1,37	-0.89489,0.7566,-1.00071,-0.67948,-0.24619,0.32547,0.53902,0.29263,0.51417,0.58929,6.0253,35.299,57.35716,243.4326,0.3,0.3,0.0,0.0,0.0,0.0,0.0,0.0,0.02702,0,0,0.65743,-0.9,0.86961,0.0,0.0,1.0,0.0,0.0,0.0
1uqzbic8idl1vwvu483p_0024,0.02702702702702703,1,37	-0.89489,0.7566,-1.80858,-0.73997,0.72713,-1.56026,0.23694,0.13056,0.40602,0.68035,12.95752,27.13942,298.15141,303.77309,0.3,0.3,0.0,0.0,0.0,0.0,0.0,0.0,0.02702,0,0,0.03767,0.0,2.17406,0.0,0.0,1.0,1.0,0.0,0.0
6jjj20wuu5hq3raysvq_0010,0.0,0,37	-0.89489,0.7566,-1.10641,-0.51188,0.51079,0.16086,0.47825,0.31712,0.52399,0.49879,6.80431,33.45263,60.25952,54.52004,0.3,0.3,0.0,0.0,0.0,0.0,0.0,0.0,0.0,0,0,1.47424,-1.86,0.6324,0.0,0.0,1.0,0.0,0.0,0.0
6uc82exva0kgb60au1y_0016,0.0,0,37	-0.89489,0.7566,-2.78607,-0.07913,0.53712,2.48312,0.52332,0.24592,0.41962,0.47973,7.88592,30.93284,300.32788,48.06325,0.3,0.3,0.0,0.0,0.0,0.0,0.0,0.0,0.0,0,0,0.9876,-1.7,0.60998,0.0,0.0,1.0,0.0,0.0,0.0
6u9d5f4fy3fwcsq0ptz_0014,0.0,0,37	-0.89489,0.7566,-3.33867,-0.58365,0.27446,2.70975,0.43543,0.22757,0.48779,0.61472,4.21266,30.81746,301.51168,120.15416,0.3,0.3,0.0,0.0,0.0,0.0,0.0,0.0,0.0,0,0,0.3332,-3.59999,1.26544,0.0,0.0,1.0,0.0,0.0,0.0
1up7wiivhcnwx06ynzx5_0001,0.0,0,37	-0.89489,0.7566,-3.98557,-0.52686,0.02827,1.36523,0.26764,0.21769,0.44665,1.02168,18.375,24.4375,295.15527,297.3913,0.3,0.3,0.0,0.0,0.0,0.0,0.0,0.0,0.0,0,0,0.53611,-2.15999,0.6526,0.0,1.0,0.0,2.0,0.0,0.0
1uqzbic8idl1vwvu483p_0054,0.0,0,37	-0.89489,0.7566,-3.38552,-0.76002,0.54255,-2.22008,0.41427,0.30699,0.33715,0.58471,15.85095,29.74985,55.92842,297.13346,0.3,0.3,0.0,0.0,0.0,0.0,0.0,0.0,0.0,0,0,0.02373,0.0,3.61685,0.0,0.0,1.0,0.0,0.0,0.0
1uqzbic8idl1vwvu483p_0063,0.0,0,37	-0.89489,0.7566,-2.48824,-0.94479,0.02208,-0.80408,0.49961,0.25785,0.51098,0.71843,14.3696,29.92547,123.01167,235.77928,0.3,0.3,0.0,0.0,0.0,0.0,0.0,0.0,0.0,0,0,0.14078,-1.8,2.30908,0.0,0.0,1.0,0.0,0.0,0.0
1wffr3b0kijtsgvq9av7_0020,0.0,0,37	-0.89489,0.7566,-5.59922,-0.04869,0.23306,-0.50143,0.51203,0.24354,0.47355,0.46728,18.50697,36.15735,126.29195,127.56904,0.3,0.3,0.0,0.0,0.0,0.0,0.0,0.0,0.0,0,0,0.76572,-2.69999,0.63539,0.0,0.0,1.0,0.0,0.0,0.0
6uc82exva0kgb60au1y_0014,0.0,0,36	-0.89489,0.7566,-0.53835,-0.21107,-0.20885,1.38834,0.53039,0.31301,0.39571,0.40733,9.80808,33.4699,127.53337,311.07364,0.3,0.3,0.0,0.0,0.0,0.0,0.0,0.0,0.0,0,0,1.49804,-1.88,0.68604,0.0,0.0,1.0,0.0,0.0,0.0
1vk16l3ll5qvx1jjlstl_0010,0.0,0,36	-0.89489,0.7566,-1.32144,-0.24274,0.43577,-0.39662,0.15562,0.25699,0.41947,0.73141,8.37851,30.25,118.10133,239.25465,0.3,0.3,0.0,0.0,0.0,0.0,0.0,0.0,0.0,0,0,0.33646,-0.8,0.77184,0.0,1.0,0.0,0.0,0.0,0.0
1mrqr7fny71cnu9x6tzq_0006,0.0,0,36	-0.89489,0.7566,-1.54795,-0.44256,-0.28275,1.83101,0.47605,0.30191,0.44253,1.08873,1.875,36.625,176.64596,239.25465,0.3,0.3,0.0,0.0,0.0,0.0,0.0,0.0,0.0,0,0,0.44837,-1.1,0.9961,0.0,1.0,0.0,0.0,0.0,0.0
6u9d5f4fy3fwcsq0ptz_0007,0.0,0,36	-0.89489,0.7566,-4.08575,-0.85688,0.42542,-1.36749,0.4931,0.13079,0.51026,0.7293,6.09357,41.6308,233.96722,58.91635,0.3,0.3,0.0,0.0,0.0,0.0,0.0,0.0,0.0,0,0,0.21613,-2.31999,1.22667,0.0,0.0,1.0,0.0,0.0,0.0
6u9d5f4fy3fwcsq0ptz_0012,0.0,0,36	-0.89489,0.7566,-3.37957,-0.27661,0.01113,1.91778,0.37592,0.10376,0.33855,0.46709,15.15598,29.28758,124.51395,236.95245,0.3,0.3,0.0,0.0,0.0,0.0,0.0,0.0,0.0,0,0,0.29309,-1.5,0.81662,0.0,0.0,1.0,0.0,0.0,0.0
6hs15q5mm4l90vtiz8i_0002,0.0,0,36	-0.89489,0.7566,-5.05694,-0.26595,0.49119,-1.40747,0.44379,0.23106,0.321,0.68146,1.54365,38.21713,121.34581,125.73282,0.3,0.3,0.0,0.0,0.0,0.0,0.0,0.0,0.0,0,0,1.66396,-2.15999,0.38235,0.0,0.0,1.0,0.0,0.0,0.0
1uqzbic8idl1vwvu483p_0049,0.0,0,36	-0.89489,0.7566,-1.21302,-0.9974,0.30356,0.0396,0.46429,0.27502,0.50045,0.40938,5.26842,34.00936,49.38002,298.64279,0.3,0.3,0.0,0.0,0.0,0.0,0.0,0.0,0.0,0,0,2.25053,-0.84,0.3805,0.0,0.0,1.0,0.0,0.0,0.0
6jjj20wuu5hq3raysvq_0022,0.0,0,35	-0.89489,0.7566,-1.66246,-0.39998,0.57266,-2.00746,0.25525,0.23835,0.33399,0.55907,18.39381,39.70316,239.98472,50.96106,0.3,0.3,0.0,0.0,0.0,0.0,0.0,0.0,0.0,0,0,2.45763,-1.78,0.35802,0.0,0.0,1.0,0.0,0.0,0.0
1mrqr7fny71cnu9x6tzq_0010,0.0,0,35	-0.89489,0.7566,-1.54795,-0.21777,-0.43826,1.83101,0.52555,0.09977,0.59096,1.02168,1.62303,38.11687,243.01329,237.81032,0.3,0.3,0.0,0.0,0.0,0.0,0.0,0.0,0.0,0,0,0.23559,-1.0,1.28642,0.0,1.0,0.0,0.0,0.0,0.0
6ot6xua7grmguilelml_0000,0.0,0,35	-0.89489,0.7566,-1.4777,-0.5176,-0.04815,-0.63968,0.26928,0.25026,0.51999,0.61645,7.09566,38.07563,230.6882,246.07723,0.3,0.3,0.0,0.0,0.0,0.0,0.0,0.0,0.0,0,0,0.21407,-0.59999,0.94536,0.0,0.0,1.0,0.0,0.0,0.0
1uqzbic8idl1vwvu483p_0017,0.0,0,35	-0.89489,0.7566,-3.50492,-0.30671,0.09497,-1.56026,0.40205,0.26333,0.36093,0.67784,13.67164,25.31027,117.54549,239.90299,0.3,0.3,0.0,0.0,0.0,0.0,0.0,0.0,0.0,0,0,0.5021,-1.42,0.69375,0.0,0.0,1.0,1.0,0.0,0.0
1wffr3b0kijtsgvq9av7_0019,0.0,0,35	-0.89489,0.7566,-2.53927,-0.60926,0.02575,-0.50143,0.40785,0.18555,0.38308,0.41456,4.21376,37.77995,232.44795,308.55162,0.3,0.3,0.0,0.0,0.0,0.0,0.0,0.0,0.0,0,0,0.8738,-2.07999,0.64029,0.0,0.0,1.0,0.0,0.0,0.0
